
2	2014	0	CHI	WSH	1	10	66	44	10	11	20	58	4	22158
3	2014	0	EDM	WPG	0	9	66	57	13	27	30	44	3	16839
4	2014	1	PHI	TOR	0	4	57	54	16	19	32	56	2	19872
5	2014	1	DET	BUF	1	3	54	39	12	20	20	34	0	20066
6	2014	1	COL	ANA	1	7	65	53	26	9	42	34	2	18007
7	2014	2	BOS	TB	1	4	58	56	10	8	36	34	0	17565
8	2014	2	PIT	NJ	1	3	48	50	11	6	16	63	0	18621
9	2014	2	WSH	CGY	1	9	78	61	16	18	28	55	3	18506
10	2014	2	STL	NSH	1	6	58	38	11	2	28	32	2	18851
11	2014	2	MIN	LA	0	5	47	37	6	12	36	39	2	18511
12	2014	2	DAL	FLA	0	6	66	62	11	13	64	38	0	16100
13	2014	2	PHO	NYR	1	5	56	34	16	7	48	48	2	17125
14	2014	2	SJ	VAN	1	5	57	48	7	23	26	35	1	17562
15	2014	3	BUF	OTT	0	1	81	56	10	10	14	35	0	19070
16	2014	3	NJ	NYI	0	7	55	46	13	14	8	28	0	16624
17	2014	3	CAR	DET	0	5	63	38	20	16	12	46	1	18680
18	2014	3	CBJ	CGY	0	7	62	43	12	4	16	55	1	18151
19	2014	3	WPG	LA	1	8	69	45	6	20	32	49	3	15004
20	2014	3	COL	NSH	1	4	63	37	15	13	26	33	0	14494
21	2014	4	BOS	DET	1	5	63	43	13	21	12	39	2	17565
22	2014	4	TOR	OTT	1	9	78	61	21	47	18	73	2	19552
24	2014	4	NYI	CBJ	0	5	59	54	13	19	8	45	2	16170
25	2014	4	PIT	BUF	1	5	56	55	9	7	8	51	0	18641
26	2014	4	CHI	TB	0	5	55	48	23	9	12	48	2	21563
27	2014	4	STL	FLA	1	7	53	38	14	6	98	35	1	16264
28	2014	4	DAL	WSH	1	3	47	45	17	12	10	54	1	17200
29	2014	4	MIN	ANA	0	7	63	57	16	18	24	43	3	18213
30	2014	4	VAN	EDM	1	8	67	40	14	11	64	60	1	18910
31	2014	4	SJ	PHO	1	5	74	66	14	18	10	62	2	17562
32	2014	5	CAR	PHI	1	3	52	46	16	11	12	75	0	16088
33	2014	5	WPG	ANA	0	5	51	45	11	17	14	46	1	15004
34	2014	5	CGY	VAN	0	9	64	52	15	16	8	28	0	19289
35	2014	6	EDM	NJ	1	9	52	54	23	19	20	49	2	16839
36	2014	6	LA	NYR	0	4	57	48	7	25	26	68	0	18118
37	2014	7	TOR	COL	0	3	61	56	14	25	20	77	0	19388
38	2014	7	NYI	PHO	1	7	62	42	16	24	26	49	2	10288
39	2014	7	PHI	FLA	1	3	64	31	13	15	51	40	0	19589
40	2014	7	PIT	CAR	1	7	71	57	13	12	28	41	2	18451
41	2014	7	BUF	TB	0	5	57	44	9	12	44	40	3	18243
42	2014	7	NSH	MIN	1	5	59	62	15	13	34	39	4	17196
43	2014	7	VAN	NJ	1	5	55	59	12	14	6	51	0	18910
44	2014	7	SJ	NYR	1	11	67	52	15	23	10	34	3	17562
45	2014	8	STL	CHI	1	5	62	51	12	3	26	42	3	16565
46	2014	8	CGY	MTL	1	5	60	48	15	20	12	36	2	19289
47	2014	8	LA	OTT	1	7	57	55	10	18	24	78	3	18118
48	2014	9	BOS	COL	0	2	69	52	8	14	50	52	1	17565
49	2014	9	BUF	CBJ	0	5	60	42	14	11	40	43	0	18210
50	2014	9	WSH	CAR	0	5	68	51	27	10	28	54	1	18506
51	2014	9	DET	PHO	0	6	68	62	17	17	12	50	0	20066
52	2014	9	TB	FLA	1	9	49	40	20	11	34	42	3	19204
53	2014	9	NSH	TOR	0	4	62	50	17	19	33	38	2	16671
54	2014	9	MIN	WPG	1	3	45	38	10	11	30	37	1	17366
55	2014	9	EDM	MTL	0	5	55	56	10	30	20	42	2	16839
56	2014	9	VAN	SJ	0	5	55	58	12	9	8	40	0	18910
57	2014	9	ANA	NYR	1	6	71	51	8	15	50	48	0	17179
58	2014	10	PHI	PHO	0	3	68	46	13	17	42	41	1	19713
59	2014	10	CAR	LA	0	3	65	54	16	18	16	54	1	16353
60	2014	10	FLA	PIT	1	9	69	49	14	9	18	50	2	18584
61	2014	10	CHI	NYI	1	5	47	58	20	18	16	47	0	21196
62	2014	10	WPG	DAL	0	5	75	52	12	21	20	58	3	15004
63	2014	10	CGY	NJ	1	5	50	47	13	20	12	24	2	19289
64	2014	11	TOR	EDM	1	11	57	42	16	39	14	79	2	19379
65	2014	11	DET	PHI	1	7	64	47	15	18	22	44	3	20066
66	2014	11	TB	PIT	0	9	44	52	23	21	40	42	5	18939
67	2014	11	WSH	COL	0	6	69	60	15	17	8	57	1	18506
68	2014	11	CBJ	BOS	0	4	63	48	8	9	26	57	1	14092
69	2014	11	CHI	BUF	1	3	69	46	30	41	20	45	1	21261
70	2014	11	STL	NYR	1	8	63	43	4	6	28	33	4	18130
71	2014	11	NSH	NYI	1	5	47	42	24	17	10	30	1	17113
72	2014	11	MIN	DAL	1	6	55	47	18	16	14	25	3	18278
73	2014	11	VAN	MTL	0	5	78	57	10	11	12	33	2	18910
74	2014	11	SJ	OTT	1	5	73	50	14	32	30	48	2	17562
75	2014	12	CAR	PHO	0	8	66	51	14	21	34	41	3	15384
76	2014	12	FLA	LA	0	3	49	39	10	7	6	57	0	12810
77	2014	12	WPG	NJ	1	3	59	45	6	18	20	49	0	15004
78	2014	12	ANA	OTT	1	5	87	39	10	23	14	45	0	17177
79	2014	13	BOS	DET	0	5	57	38	4	17	14	44	0	17565
80	2014	13	WSH	EDM	1	6	50	43	19	14	24	57	2	18506
81	2014	13	BUF	MIN	0	3	43	32	16	14	22	31	1	18111
82	2014	14	TOR	MIN	1	5	51	42	18	31	20	56	3	19283
83	2014	14	NYI	BUF	0	7	78	55	21	19	30	57	2	10512
84	2014	14	PHI	VAN	0	5	47	45	11	17	16	49	0	19588
85	2014	14	PIT	EDM	1	5	50	39	3	8	12	52	1	18410
86	2014	14	CAR	CHI	0	5	70	65	30	20	12	51	0	16263
87	2014	14	DET	CBJ	1	3	69	50	13	15	14	43	2	20066
88	2014	14	TB	LA	1	6	56	42	8	15	16	48	0	16310
89	2014	14	STL	SJ	0	8	66	45	9	3	89	28	3	14503
90	2014	14	NSH	FLA	1	7	55	52	15	15	6	34	1	15935
91	2014	14	WPG	MTL	0	3	61	58	4	20	30	30	1	15004
92	2014	14	COL	DAL	1	5	67	53	23	8	16	28	1	15208
93	2014	14	PHO	OTT	0	7	69	60	7	9	12	60	2	10594
94	2014	15	WSH	NYR	0	2	58	60	14	15	28	56	0	18506
95	2014	15	ANA	CGY	1	5	57	57	12	13	25	43	0	14051
96	2014	16	BUF	VAN	0	3	59	45	8	11	12	27	0	18374
97	2014	16	TOR	CAR	0	5	64	59	16	23	16	62	1	19277
98	2014	16	NYI	EDM	1	5	69	35	23	6	16	46	1	10608
99	2014	16	PHI	PIT	0	5	60	49	13	9	26	68	1	19735
102	2014	16	TB	MIN	1	4	56	39	22	17	24	37	1	16454
103	2014	16	FLA	BOS	0	5	69	50	18	10	8	58	1	14440
104	2014	16	CHI	STL	0	5	57	55	26	12	38	50	1	21169
105	2014	16	NSH	LA	0	3	65	43	11	19	16	34	0	16416
106	2014	16	DAL	SJ	1	7	66	50	15	19	26	32	0	14898
107	2014	16	COL	DET	0	6	68	40	17	12	43	37	4	18101
108	2014	17	WPG	STL	1	7	61	49	8	25	10	49	0	15004
109	2014	17	ANA	PHO	1	5	71	55	11	28	22	45	0	13206
110	2014	18	PIT	VAN	1	7	67	48	8	7	18	49	1	18657
112	2014	18	BUF	COL	0	6	56	53	5	15	32	47	1	18422
114	2014	18	TB	BOS	0	5	45	51	14	15	50	44	0	18512
115	2014	18	FLA	MIN	1	3	53	50	8	7	20	50	2	13081
116	2014	18	NJ	NYR	1	4	41	48	15	20	14	49	1	16592
117	2014	18	NYI	CAR	0	7	48	43	8	12	16	20	3	13008
118	2014	18	WSH	CBJ	1	5	77	49	17	20	24	55	2	18506
119	2014	18	CHI	TOR	1	4	60	42	11	4	20	44	2	21801
120	2014	18	PHO	DET	1	7	66	51	13	5	12	54	0	14624
121	2014	18	SJ	CGY	1	9	55	48	17	24	34	32	4	17562
122	2014	18	LA	DAL	1	7	63	55	8	25	30	79	1	18118
123	2014	19	CBJ	VAN	1	4	67	46	11	8	18	55	1	14168
124	2014	19	WPG	NSH	0	4	65	48	16	20	12	36	0	15004
125	2014	19	ANA	DAL	1	9	83	52	14	16	50	59	3	14531
126	2014	20	DET	SJ	0	1	51	55	10	16	10	41	0	20066
127	2014	20	PIT	COL	0	1	48	35	7	7	22	44	0	18606
128	2014	20	LA	CGY	0	5	54	50	7	19	18	60	4	18118
129	2014	21	TOR	ANA	1	6	48	56	16	30	18	59	1	19408
130	2014	21	NYI	VAN	0	9	65	51	21	15	12	58	2	11922
131	2014	21	CBJ	NJ	1	5	49	47	8	4	14	47	2	14357
133	2014	21	FLA	CHI	0	5	51	56	15	15	6	53	1	15779
134	2014	21	MIN	NSH	1	2	45	51	14	7	28	31	0	17651
135	2014	21	WPG	WSH	0	9	79	66	10	19	30	53	1	15004
136	2014	21	PHO	CGY	1	6	57	50	15	9	12	59	1	10141
137	2014	22	DET	OTT	0	7	60	53	19	21	12	52	3	20066
138	2014	22	BUF	BOS	0	7	50	41	9	12	44	28	2	17645
139	2014	23	BOS	SJ	1	3	56	52	20	9	4	47	0	17565
140	2014	23	NJ	VAN	0	5	51	50	18	18	10	50	1	13203
141	2014	23	PHI	NYR	1	3	58	40	15	21	55	46	0	19768
143	2014	23	TB	CHI	1	11	68	60	11	17	18	36	3	18820
144	2014	23	NSH	WPG	1	5	69	51	18	20	12	47	1	16075
145	2014	23	MIN	CAR	1	4	55	42	9	8	20	35	3	17668
146	2014	23	DAL	CGY	1	6	63	50	12	16	20	43	0	13122
147	2014	23	EDM	WSH	0	5	57	46	16	18	12	46	0	16839
148	2014	23	LA	PHO	1	11	66	40	8	24	18	67	2	18118
149	2014	24	PIT	NYI	0	7	67	62	8	10	12	51	1	18664
150	2014	24	CBJ	TOR	1	7	61	42	7	9	26	32	1	13930
152	2014	24	FLA	BUF	0	4	66	50	11	9	26	62	0	12984
153	2014	24	STL	VAN	0	5	45	49	7	4	54	33	2	17604
154	2014	24	COL	CAR	1	6	64	51	21	11	12	28	1	16177
155	2014	25	BOS	NJ	0	7	60	48	13	12	18	43	5	17565
156	2014	25	TOR	PIT	1	5	68	56	12	27	26	72	2	19539
158	2014	25	DET	NYR	0	5	74	53	14	11	14	45	2	20066
159	2014	25	TB	BUF	1	5	61	34	13	22	18	39	1	18088
160	2014	25	NYI	PHI	0	7	60	49	14	25	26	50	1	13620
161	2014	25	DAL	WPG	0	3	74	53	11	20	10	56	0	13875
162	2014	25	CHI	MIN	0	8	61	37	13	7	24	49	2	21521
163	2014	25	NSH	STL	0	7	53	42	11	13	44	36	2	16681
164	2014	25	PHO	EDM	1	9	58	44	13	8	14	54	2	11684
165	2014	25	CGY	WSH	1	7	62	39	13	22	14	29	0	19289
167	2014	26	FLA	TB	0	7	60	49	14	8	36	48	1	12336
168	2014	26	CBJ	ANA	0	7	53	47	4	2	23	35	1	10542
169	2014	26	COL	WPG	1	5	61	39	14	11	16	28	0	13927
170	2014	26	LA	EDM	1	3	66	51	13	33	38	63	1	18118
171	2014	27	BUF	DAL	0	7	54	44	13	4	26	50	2	18295
172	2014	27	CAR	PIT	0	4	50	44	16	11	30	42	1	15042
173	2014	27	NYR	MTL	0	2	54	44	13	10	26	32	1	18006
174	2014	27	MIN	CHI	0	6	58	48	8	15	40	32	1	18685
175	2014	27	VAN	WSH	1	5	60	34	22	18	20	33	0	18910
176	2014	28	NYI	NYR	0	5	48	45	16	27	52	36	2	16170
177	2014	28	PHI	ANA	0	5	65	44	22	22	8	58	1	19615
179	2014	28	NJ	TB	1	3	39	44	6	10	12	33	1	13501
180	2014	28	CHI	OTT	1	11	77	60	11	12	10	62	2	21123
181	2014	28	STL	WPG	1	5	56	40	11	2	22	37	2	15287
182	2014	28	EDM	TOR	0	4	69	57	21	22	28	52	0	16839
183	2014	28	PHO	LA	1	4	75	53	10	4	34	69	2	10452
184	2014	29	PIT	BOS	1	5	54	45	13	7	24	69	1	18627
185	2014	29	CGY	TOR	0	6	65	62	16	23	46	36	0	19289
186	2014	29	VAN	DET	0	3	47	50	11	15	14	27	0	18910
187	2014	29	LA	SJ	1	7	43	47	8	37	26	67	3	18118
188	2014	30	BOS	ANA	1	5	46	48	14	17	12	54	1	17565
189	2014	30	NYR	BUF	1	2	75	51	10	14	18	44	1	18006
190	2014	30	PHO	NSH	1	9	65	61	13	3	8	54	2	7401
191	2014	31	PHI	WSH	0	7	62	43	12	14	164	55	2	19702
192	2014	31	PIT	CBJ	1	6	66	43	6	7	26	51	2	18620
193	2014	31	CAR	TB	0	3	63	43	27	26	18	44	0	14828
195	2014	31	FLA	STL	0	4	54	43	11	5	12	43	1	12922
196	2014	31	MIN	MTL	1	7	56	55	7	10	6	27	1	18207
197	2014	31	DAL	COL	0	5	58	52	13	17	22	49	0	15223
198	2014	31	CGY	DET	0	7	47	49	14	15	14	23	0	19289
199	2014	32	WPG	CHI	0	6	52	60	8	14	6	39	0	15004
200	2014	32	LA	NSH	0	7	55	58	5	29	36	53	3	18118
201	2014	32	BUF	ANA	0	9	46	44	8	12	10	37	1	19070
202	2014	32	TB	STL	1	6	55	49	15	11	14	41	0	18885
203	2014	32	NJ	PHI	0	1	35	42	8	5	20	26	0	13705
204	2014	32	NYI	BOS	1	4	61	52	29	30	16	47	1	14018
205	2014	32	NYR	CAR	1	6	66	50	15	9	22	39	2	18006
206	2014	32	WSH	FLA	1	5	56	42	22	14	46	36	1	18506
207	2014	32	CBJ	PIT	0	3	46	43	13	7	12	50	0	18634
208	2014	32	VAN	TOR	1	4	68	43	14	9	94	36	1	18910
209	2014	32	COL	MTL	1	5	61	60	13	7	30	52	1	18152
210	2014	32	EDM	DET	0	5	45	44	17	22	26	45	1	16839
211	2014	32	SJ	PHO	0	5	80	40	27	19	18	25	1	17562
213	2014	33	CHI	CGY	0	5	74	68	24	11	6	43	1	21229
214	2014	33	MIN	NJ	1	4	39	44	6	12	16	28	1	17571
215	2014	34	NYR	ANA	0	3	58	58	8	10	8	61	0	18006
216	2014	34	WPG	DET	1	6	75	45	16	25	26	40	0	15004
217	2014	35	BOS	DAL	0	5	72	47	10	10	22	48	0	17565
218	2014	35	WSH	NYI	1	8	75	52	10	13	76	43	4	18506
219	2014	35	CBJ	OTT	0	5	57	40	10	3	56	48	1	13122
221	2014	35	FLA	EDM	0	7	50	47	14	7	12	83	1	12035
222	2014	35	CAR	PHI	1	3	67	60	22	20	20	70	1	15519
223	2014	35	MIN	CGY	1	6	49	39	17	11	38	28	1	17708
224	2014	35	PHO	VAN	1	5	65	55	12	1	10	69	1	13459
225	2014	35	SJ	BUF	0	9	87	64	18	44	38	46	1	17562
226	2014	36	NYR	PIT	1	6	54	41	13	12	40	43	1	18006
227	2014	36	CHI	WPG	1	5	53	43	19	8	8	50	0	21122
228	2014	36	COL	NSH	0	10	59	52	20	8	20	35	2	14043
229	2014	36	ANA	PHO	1	7	55	42	10	15	46	51	3	14045
230	2014	37	BOS	FLA	1	5	54	52	17	17	30	40	0	17565
232	2014	37	PHI	NJ	0	3	47	41	12	12	12	52	0	19604
233	2014	37	WSH	MIN	1	5	62	48	16	10	12	37	2	18506
234	2014	37	CAR	NYI	1	1	45	30	23	22	28	34	0	11541
235	2014	37	CBJ	NYR	0	6	68	56	12	7	14	47	1	11746
236	2014	37	DET	DAL	0	7	57	65	16	11	4	33	1	20066
237	2014	37	TB	EDM	1	6	66	42	16	14	12	40	1	18695
238	2014	37	STL	CGY	1	5	47	39	13	2	32	25	1	14877
239	2014	37	LA	BUF	1	2	47	37	5	12	28	72	2	18118
240	2014	37	SJ	VAN	0	6	58	41	14	32	26	40	0	17562
241	2014	38	TOR	NJ	1	3	63	40	18	24	18	82	2	19377
242	2014	38	WPG	NSH	1	5	73	48	12	18	32	49	0	15004
243	2014	38	COL	CGY	1	6	59	48	14	5	20	29	1	17620
244	2014	38	ANA	BUF	1	8	73	53	8	26	8	59	2	15577
245	2014	39	PHI	EDM	1	6	60	47	12	17	38	56	1	19725
247	2014	39	BOS	TOR	1	4	68	52	13	16	32	80	2	17565
248	2014	39	DET	TB	0	5	61	42	18	10	12	47	0	20066
249	2014	39	CAR	MIN	0	5	59	45	18	22	14	37	0	14704
250	2014	39	CBJ	NYI	1	7	55	56	4	2	14	50	2	13949
251	2014	39	STL	PIT	1	3	52	51	19	5	40	48	1	18685
252	2014	39	DAL	CHI	0	7	64	43	13	21	16	37	1	17167
253	2014	39	PHO	WSH	1	7	67	54	7	7	38	54	4	16106
254	2014	39	LA	VAN	1	6	58	49	3	15	22	69	0	18118
256	2014	40	NJ	NSH	1	5	38	44	8	7	20	32	1	12964
257	2014	40	NYR	FLA	1	7	56	48	9	15	16	32	2	18006
258	2014	40	CHI	EDM	1	9	59	64	16	11	14	58	3	21185
259	2014	40	WPG	SJ	1	9	80	50	9	21	18	42	2	15004
260	2014	40	COL	WSH	1	5	71	42	22	9	12	35	0	17625
261	2014	40	ANA	VAN	1	4	59	60	4	6	8	39	0	17174
262	2014	41	BOS	TB	1	3	54	46	14	11	10	56	0	17565
263	2014	42	BUF	LA	1	5	62	55	14	16	14	49	1	18281
264	2014	42	NYI	NSH	1	4	66	51	20	16	24	35	1	12108
265	2014	42	NYR	NJ	0	5	63	57	13	15	20	44	0	18006
266	2014	42	WSH	CBJ	1	7	61	50	11	15	10	54	0	18506
267	2014	42	CAR	COL	1	3	62	57	21	11	6	61	1	13278
270	2014	42	DET	WPG	0	5	64	41	14	5	14	43	2	20066
271	2014	42	FLA	ANA	1	5	59	45	11	6	12	51	0	13354
272	2014	42	STL	PHO	0	5	58	51	11	3	4	42	0	15678
273	2014	42	CGY	SJ	0	5	48	57	8	23	8	25	2	19289
274	2014	43	MIN	TOR	1	3	57	44	19	13	38	46	1	17897
275	2014	43	PIT	PHI	0	3	52	50	14	11	16	55	2	18656
276	2014	43	EDM	DAL	0	3	48	39	19	27	22	30	0	16839
277	2014	44	BOS	CBJ	1	5	65	54	17	16	10	74	0	17565
278	2014	44	NYI	LA	0	5	49	39	25	37	24	47	1	13922
279	2014	44	TB	ANA	1	6	45	55	11	12	40	46	2	17763
280	2014	44	CHI	PHO	1	9	82	60	17	15	16	61	2	21762
281	2014	44	STL	COL	1	10	53	47	8	8	80	38	4	14190
282	2014	44	CGY	DAL	0	10	60	51	12	21	34	49	2	19289
283	2014	44	VAN	SJ	0	3	65	66	10	11	26	28	2	18910
284	2014	45	BUF	TOR	1	4	60	52	5	9	12	44	1	19070
285	2014	45	NJ	LA	0	2	47	47	12	18	12	51	1	12168
286	2014	45	PIT	NSH	1	5	51	39	5	13	20	33	1	18606
287	2014	45	CAR	ANA	1	5	53	60	17	19	12	48	2	14802
288	2014	45	CBJ	MTL	0	5	65	45	12	5	28	56	1	11562
290	2014	45	DET	WSH	0	7	70	43	19	15	18	51	2	20066
291	2014	45	MIN	FLA	1	5	44	39	14	8	12	27	1	18102
292	2014	45	WPG	PHI	1	5	72	57	11	17	14	47	3	15004
293	2014	45	EDM	SJ	0	4	68	47	12	19	20	33	2	16839
294	2014	46	TOR	BUF	1	6	57	59	12	13	66	55	3	19447
296	2014	46	NJ	PIT	1	5	50	35	7	7	14	29	0	14205
297	2014	46	NYI	DET	1	9	64	43	30	22	14	60	2	15619
298	2014	46	STL	CAR	1	6	52	50	17	11	16	35	1	17936
299	2014	46	NSH	CHI	1	9	71	54	18	18	28	32	2	17113
300	2014	46	PHO	TB	1	9	60	51	18	5	10	51	2	12562
301	2014	46	COL	FLA	0	5	66	42	15	3	12	53	1	17321
302	2014	46	CGY	EDM	0	6	58	48	13	33	26	54	0	19289
304	2014	47	WSH	STL	1	5	67	48	15	11	28	46	2	18506
305	2014	47	NYR	LA	0	1	67	51	10	7	10	59	0	18006
306	2014	47	CHI	SJ	1	6	51	42	15	11	4	56	0	21434
307	2014	47	MIN	WPG	1	3	46	45	16	17	8	39	0	18283
308	2014	47	VAN	DAL	0	3	66	50	13	11	16	25	1	18910
309	2014	48	CAR	BOS	0	5	54	40	14	21	12	57	1	13919
310	2014	48	PIT	ANA	1	4	55	37	8	8	8	56	0	18614
311	2014	48	WPG	CGY	0	9	80	57	8	17	34	46	2	15004
312	2014	49	BUF	STL	0	5	55	49	11	6	10	50	1	17710
313	2014	49	TOR	NYI	1	7	61	61	13	27	28	73	1	19446
314	2014	49	PHI	OTT	1	7	76	43	11	16	34	46	3	19724
316	2014	49	DET	NSH	0	2	52	53	12	22	20	37	1	20066
317	2014	49	NYR	BOS	0	3	66	47	12	18	22	45	1	18006
318	2014	49	COL	CHI	1	6	60	48	20	7	4	40	0	17348
319	2014	49	EDM	CBJ	1	7	46	52	13	21	24	64	3	16839
320	2014	49	VAN	FLA	0	5	65	60	16	6	10	38	1	18910
321	2014	49	LA	TB	1	7	52	50	5	18	18	59	2	18118
323	2014	50	WSH	PIT	0	4	58	51	14	11	10	60	1	18506
324	2014	50	CGY	CBJ	0	3	42	48	12	44	4	76	0	19289
325	2014	50	ANA	NJ	0	7	50	44	10	19	18	57	4	14306
326	2014	51	BOS	STL	0	5	57	60	19	14	4	63	0	17565
327	2014	51	TOR	NSH	0	6	54	42	19	37	12	73	2	19256
328	2014	51	PHI	BUF	1	5	76	45	12	12	36	57	2	19973
329	2014	51	DET	CAR	1	7	74	38	16	19	16	36	1	20066
330	2014	51	WPG	CHI	0	9	58	51	12	20	18	40	3	15004
331	2014	51	DAL	NYR	0	5	70	52	8	22	14	42	2	15127
332	2014	51	PHO	COL	0	7	74	52	10	7	16	60	3	12285
333	2014	51	EDM	FLA	1	5	60	39	11	19	28	37	2	16839
334	2014	51	LA	NJ	0	3	50	48	1	24	26	72	0	18118
335	2014	51	SJ	TB	1	6	73	52	12	29	6	36	0	17562
336	2014	52	PIT	NYI	1	7	69	42	11	6	20	63	2	18515
337	2014	52	WSH	MTL	0	5	58	61	20	18	24	46	2	18506
338	2014	52	CGY	FLA	1	7	50	46	13	39	22	47	1	19289
339	2014	52	VAN	CBJ	1	8	51	46	10	14	32	38	0	18910
340	2014	52	ANA	TB	1	1	73	51	5	12	46	44	0	16648
341	2014	53	BOS	CAR	1	5	62	51	12	11	12	78	2	17565
342	2014	53	WPG	MIN	0	5	74	43	5	18	8	40	0	15004
343	2014	53	TOR	WSH	1	3	78	53	16	21	8	79	1	19473
345	2014	53	DET	OTT	0	6	65	45	12	12	46	42	4	20066
346	2014	53	PHI	NYI	1	7	68	50	12	18	12	51	1	19829
347	2014	53	STL	DAL	1	7	60	50	12	6	32	35	1	18037
348	2014	53	NSH	NYR	0	2	51	37	12	16	20	36	0	17127
349	2014	53	PHO	ANA	0	6	71	52	11	10	20	54	2	13490
350	2014	53	VAN	CHI	0	3	66	42	15	11	10	29	1	18910
351	2014	53	LA	COL	0	1	52	37	9	28	14	74	0	18118
352	2014	53	SJ	NJ	1	3	49	46	13	44	6	43	1	17562
353	2014	54	BUF	DET	0	4	56	53	19	14	10	28	1	18721
354	2014	54	CAR	OTT	1	5	73	62	27	29	12	63	1	13657
355	2014	55	BOS	PIT	1	7	55	58	14	29	4	63	1	17565
356	2014	55	TOR	CBJ	0	6	40	43	12	28	30	80	2	19241
357	2014	55	NJ	WPG	0	4	48	43	9	6	8	13	0	12253
358	2014	55	TB	NYR	1	5	62	38	12	13	28	30	0	19204
359	2014	55	FLA	PHI	1	4	70	47	14	5	32	46	2	14299
360	2014	55	STL	MIN	1	3	43	43	17	6	12	42	0	15832
361	2014	55	NSH	PHO	1	6	60	52	19	11	12	51	0	15728
362	2014	55	EDM	CHI	0	6	52	46	14	21	14	33	1	16839
363	2014	55	VAN	LA	0	5	61	51	17	11	80	52	1	18910
364	2014	56	DAL	ANA	1	9	64	55	10	20	10	42	1	15792
365	2014	57	BUF	MTL	0	4	56	46	6	11	22	46	2	18497
366	2014	57	NJ	CAR	0	7	44	48	19	16	4	31	0	16592
367	2014	57	NYI	WPG	0	5	59	43	11	27	12	39	1	12008
368	2014	57	WSH	OTT	0	10	74	61	15	23	60	34	5	18506
369	2014	57	CBJ	NSH	0	4	48	39	8	6	10	61	1	11893
370	2014	57	DET	BOS	1	7	45	42	27	14	18	41	1	20066
371	2014	57	TB	PHI	1	6	56	47	14	16	40	49	2	18427
372	2014	57	FLA	NYR	0	7	55	53	15	11	10	46	2	17268
373	2014	57	PIT	TOR	1	11	72	56	9	10	20	67	4	18660
374	2014	57	MIN	PHO	0	4	55	50	14	11	12	21	1	18265
375	2014	57	COL	STL	0	5	61	41	16	6	14	58	1	17595
376	2014	57	CGY	CHI	0	5	52	57	15	46	16	37	0	19289
377	2014	57	SJ	LA	1	5	80	44	20	19	18	50	0	17562
379	2014	58	NSH	EDM	0	3	61	45	8	16	18	44	0	16279
380	2014	59	BOS	NYR	1	5	47	43	10	14	30	59	0	17565
381	2014	59	TB	PIT	0	3	50	43	13	12	22	37	1	19065
382	2014	59	NYI	DET	0	5	59	54	14	21	6	46	0	14826
383	2014	59	PHI	WPG	1	3	60	40	19	19	24	76	0	19937
384	2014	59	ANA	CGY	1	7	63	55	11	19	8	58	1	17174
385	2014	59	SJ	STL	1	9	56	45	10	31	38	46	3	17562
386	2014	59	WSH	MTL	1	5	63	55	14	21	16	49	0	18506
387	2014	59	MIN	COL	0	4	49	36	7	5	25	44	0	19081
388	2014	59	BUF	TOR	1	5	53	53	12	12	14	46	1	19070
389	2014	59	CAR	NJ	0	7	49	44	26	20	16	52	1	15034
390	2014	59	CBJ	EDM	1	6	55	34	7	5	24	46	3	14360
391	2014	59	DAL	CHI	0	3	55	49	28	30	8	40	0	18532
392	2014	60	NYR	VAN	1	7	61	45	13	15	32	59	3	18006
393	2014	60	BOS	CBJ	1	4	50	42	11	26	38	55	2	17565
395	2014	60	FLA	PIT	0	6	62	55	10	7	8	68	2	17583
396	2014	60	NJ	BUF	1	1	39	39	10	10	24	30	0	15226
397	2014	60	NYI	WSH	0	5	69	41	13	24	6	52	0	14819
398	2014	60	NSH	PHI	0	5	60	48	15	19	14	37	0	17136
399	2014	60	PHO	CHI	0	7	70	32	12	3	20	41	2	17321
400	2014	60	COL	MIN	1	5	62	69	18	4	0	53	0	17857
401	2014	60	LA	CGY	0	3	42	39	5	23	37	59	0	18118
402	2014	60	SJ	ANA	1	7	66	61	14	34	34	38	0	17562
403	2014	61	CAR	VAN	0	5	61	54	8	20	32	61	1	14916
405	2014	61	DAL	EDM	0	5	77	37	15	29	16	37	0	12673
406	2014	62	NYR	WPG	0	7	67	43	12	20	18	49	0	18006
408	2014	62	MIN	PHI	1	2	42	39	12	12	18	36	0	17676
409	2014	62	LA	STL	1	5	50	51	11	35	14	83	0	18118
410	2014	63	TOR	SJ	0	6	71	55	12	24	24	75	3	19360
411	2014	63	NYI	PIT	0	5	57	47	22	31	22	46	2	13915
412	2014	63	WSH	CAR	0	5	59	49	11	14	18	46	2	18506
413	2014	63	CBJ	TB	1	1	47	40	11	3	4	63	0	10223
414	2014	63	FLA	OTT	0	6	77	55	12	5	24	43	3	10074
415	2014	63	CHI	DAL	0	7	68	61	18	7	24	57	2	21411
416	2014	63	NSH	VAN	0	4	64	44	16	18	16	37	1	15330
417	2014	63	EDM	PHO	0	8	66	47	15	18	34	16	2	16839
418	2014	63	ANA	LA	0	5	79	50	11	13	26	61	1	17294
419	2014	64	NJ	MTL	0	7	64	44	6	14	20	32	0	12742
420	2014	64	DET	PHI	0	9	69	51	10	22	26	41	4	20066
421	2014	64	CGY	PHO	1	5	48	35	10	23	16	26	1	19289
422	2014	65	BUF	NYR	0	4	59	59	17	12	8	53	1	18088
423	2014	65	TOR	DAL	1	5	74	62	24	29	16	78	2	19164
424	2014	65	PIT	SJ	1	6	75	47	8	6	10	53	1	18522
426	2014	65	TB	OTT	1	4	56	38	17	15	18	45	1	16562
427	2014	65	FLA	WPG	1	7	57	58	14	6	6	65	0	10966
428	2014	65	STL	NYI	1	6	49	41	7	5	46	43	4	14152
429	2014	65	NSH	CAR	0	7	45	37	19	22	22	18	1	15768
430	2014	65	MIN	CHI	1	7	42	47	15	10	10	22	3	18852
431	2014	65	EDM	COL	1	10	63	48	10	27	44	43	3	16839
432	2014	66	NJ	DET	0	4	32	44	4	14	18	18	2	13223
433	2014	66	CAR	SJ	1	8	60	59	23	18	6	43	0	14553
434	2014	66	CBJ	MIN	1	4	61	40	5	4	20	42	1	11319
435	2014	66	CHI	ANA	0	5	51	63	17	8	18	64	2	21586
436	2014	66	CGY	COL	0	5	53	47	16	26	30	30	1	19289
437	2014	66	VAN	PHO	1	5	71	53	20	18	8	47	1	18910
438	2014	67	BOS	PIT	1	5	51	36	11	14	40	67	2	17565
441	2014	67	DET	FLA	0	3	60	46	15	21	10	34	0	20066
442	2014	67	TB	WPG	0	3	65	52	14	11	26	47	0	18354
443	2014	67	WSH	NSH	1	7	69	52	12	18	20	43	1	18506
444	2014	67	NYR	NJ	0	7	48	45	11	11	14	59	2	18006
445	2014	67	STL	ANA	0	7	51	55	14	4	18	35	1	17646
446	2014	67	DAL	PHI	1	6	62	47	9	20	65	39	0	8567
447	2014	67	EDM	CGY	0	3	58	47	18	28	16	43	0	16839
448	2014	67	LA	NYI	1	3	40	31	4	33	30	68	0	18118
449	2014	68	MIN	SJ	1	4	51	47	12	6	12	31	0	18411
450	2014	68	TOR	BOS	0	7	71	59	14	21	18	65	2	19165
451	2014	68	NYR	WSH	0	5	67	45	10	25	12	45	0	18006
452	2014	68	CHI	FLA	1	8	67	44	12	9	32	32	3	21119
453	2014	68	VAN	COL	1	4	50	58	12	13	8	27	0	18910
455	2014	69	PIT	CBJ	1	3	63	55	10	10	50	58	0	18520
456	2014	69	VAN	CAR	1	2	57	49	20	17	16	41	0	18910
457	2014	69	ANA	NYI	1	7	68	50	13	15	34	58	2	14830
458	2014	70	BUF	OTT	1	3	72	48	14	9	12	31	0	18594
459	2014	70	WSH	TB	1	11	73	42	10	25	29	57	5	18506
460	2014	70	CBJ	NJ	1	9	57	53	12	5	6	55	0	11905
462	2014	70	FLA	DET	1	5	53	47	11	7	14	45	1	13358
463	2014	70	NYR	NSH	0	5	55	46	9	17	8	42	0	18006
464	2014	70	WPG	STL	0	3	41	46	11	14	18	66	2	15004
465	2014	70	DAL	CHI	0	8	62	36	12	28	46	49	1	12542
466	2014	70	COL	PHO	0	4	55	39	17	8	8	48	1	14110
467	2014	70	CGY	BOS	0	3	51	35	24	27	8	30	1	19289
468	2014	70	EDM	CAR	1	9	57	61	22	32	25	52	2	16839
469	2014	70	SJ	NYI	0	5	76	49	24	36	10	47	1	17562
470	2014	71	TOR	LA	0	4	62	52	11	33	28	84	2	19375
471	2014	71	CHI	PHI	1	9	53	42	12	12	74	43	4	21144
472	2014	71	ANA	MIN	1	3	55	57	1	7	10	46	1	15252
473	2014	72	NYR	CBJ	0	6	61	56	16	11	20	47	0	18006
474	2014	72	PHI	MTL	1	3	48	47	12	17	31	44	0	19748
476	2014	72	TB	DET	1	3	56	46	14	20	16	36	0	19204
477	2014	72	STL	TOR	1	9	58	51	18	5	22	33	0	16073
478	2014	72	NSH	DAL	1	4	64	54	13	13	12	37	2	16347
479	2014	72	WPG	COL	0	7	64	42	8	29	14	65	2	15004
480	2014	72	CGY	CAR	1	3	60	51	18	29	10	41	0	19289
481	2014	72	PHO	NYI	1	9	61	42	7	9	32	43	1	10996
482	2014	72	EDM	BOS	0	6	72	54	10	29	18	46	0	16839
483	2014	72	SJ	MIN	1	4	69	46	20	15	24	38	3	17562
484	2014	73	PIT	NJ	1	5	62	39	5	10	6	64	0	18582
485	2014	73	FLA	WSH	1	5	66	46	10	6	38	44	1	15097
486	2014	73	VAN	EDM	1	4	59	46	19	21	12	50	2	18910
487	2014	74	BUF	CGY	0	3	53	32	9	10	20	41	0	18368
489	2014	74	WPG	DAL	0	10	70	46	17	18	35	55	3	15004
490	2014	74	TOR	CHI	1	10	60	46	18	20	12	75	3	19603
491	2014	74	DET	PIT	0	5	54	29	15	9	26	40	2	20066
492	2014	74	NJ	TB	1	3	52	40	8	8	10	17	0	13832
493	2014	74	NYI	MTL	0	1	46	45	23	15	24	48	0	14408
494	2014	74	CBJ	STL	0	7	64	43	7	8	44	50	2	13801
495	2014	74	NSH	SJ	1	5	61	49	13	7	28	40	1	16243
496	2014	74	PHO	CAR	0	4	71	54	15	5	34	55	0	11697
497	2014	74	COL	MIN	0	3	54	42	22	11	6	48	0	16188
498	2014	74	VAN	BOS	1	8	71	61	14	11	24	32	1	18910
499	2014	75	WSH	PHI	1	9	61	53	10	18	38	50	1	18506
500	2014	75	DET	TB	0	3	54	46	15	14	10	41	0	20066
502	2014	75	NYR	CGY	1	7	53	51	7	18	32	53	1	18006
503	2014	75	CHI	LA	1	4	62	45	20	11	12	47	1	21426
504	2014	75	ANA	EDM	1	5	59	47	11	17	21	43	0	16301
505	2014	76	PIT	TOR	1	4	57	63	9	14	36	61	1	18573
506	2014	76	CBJ	WPG	0	5	56	50	9	11	36	57	1	11448
508	2014	76	COL	DAL	1	8	81	39	20	6	20	43	0	13915
509	2014	77	BOS	CGY	1	2	52	45	13	20	12	39	2	17565
510	2014	77	BUF	WPG	1	6	58	37	7	7	16	51	1	17795
511	2014	77	TOR	FLA	0	4	52	45	15	36	8	70	0	19076
512	2014	77	NYI	TB	0	5	70	53	28	21	16	52	1	13618
514	2014	77	DET	ANA	0	7	48	43	16	15	23	33	0	20066
515	2014	77	PHI	WSH	1	7	61	36	15	15	53	47	3	19788
516	2014	77	STL	SJ	0	6	49	46	13	7	16	32	0	16323
517	2014	77	NSH	CHI	0	4	55	39	22	15	20	24	3	16219
518	2014	77	MIN	VAN	1	5	63	53	16	6	18	27	1	18531
519	2014	77	DAL	COL	1	5	55	44	31	24	36	47	2	15143
520	2014	77	LA	EDM	1	3	64	42	4	28	8	59	0	18118
521	2014	78	NJ	OTT	1	7	58	43	20	9	36	29	3	14032
522	2014	78	NYR	PIT	0	7	64	63	17	31	20	55	2	18006
523	2014	79	BUF	BOS	1	6	59	52	8	13	26	37	0	18217
524	2014	79	TOR	PHO	1	3	62	47	17	27	10	95	0	19254
525	2014	79	PHI	CBJ	1	9	68	50	16	15	12	47	0	19852
526	2014	79	PIT	MIN	1	7	62	47	2	9	52	33	1	18623
528	2014	79	DET	CGY	1	5	60	44	9	14	18	52	2	20066
529	2014	79	TB	NSH	1	6	63	47	12	7	26	38	2	17254
530	2014	79	STL	MTL	1	6	55	41	20	12	24	44	0	17189
531	2014	79	DAL	VAN	1	5	54	39	13	15	24	45	0	15644
532	2014	79	COL	EDM	1	6	68	59	25	6	19	45	1	13135
533	2014	79	LA	SJ	1	5	64	49	5	12	25	68	0	18118
534	2014	80	NJ	ANA	0	5	45	49	17	12	12	36	1	15723
535	2014	80	NYR	NYI	0	8	44	33	17	21	26	47	3	18006
536	2014	80	CAR	WSH	0	6	70	49	33	30	22	57	4	17737
537	2014	80	CHI	VAN	0	5	50	35	9	6	14	51	0	21966
538	2014	80	WPG	FLA	1	7	55	50	11	23	38	54	2	15004
540	2014	81	LA	COL	1	5	64	51	6	15	12	67	2	18118
541	2014	81	BOS	BUF	1	5	74	54	9	14	28	40	1	17565
542	2014	81	TOR	DET	0	9	61	48	8	33	10	82	1	19508
543	2014	81	TB	CAR	1	5	77	45	14	9	14	35	1	19204
544	2014	81	NYI	ANA	0	8	52	56	9	20	40	30	0	13108
545	2014	81	PIT	CGY	1	7	53	46	10	6	16	52	0	18663
546	2014	81	WSH	NJ	0	9	59	43	15	16	6	58	2	18506
547	2014	81	CBJ	PHI	1	9	65	54	7	4	28	53	1	14090
548	2014	81	NSH	MTL	0	7	57	57	19	23	28	37	2	16095
549	2014	81	EDM	STL	0	6	56	46	20	26	26	39	1	16839
550	2014	81	SJ	DAL	1	5	85	52	29	20	10	40	0	17562
551	2014	82	NYR	MIN	1	5	61	48	12	27	12	50	1	18006
552	2014	82	VAN	WPG	1	3	47	46	11	17	18	33	2	18910
553	2014	83	BUF	PHO	1	3	69	49	12	9	29	31	0	18942
554	2014	83	NYR	TOR	1	3	69	50	17	23	14	44	0	18006
555	2014	83	WSH	ANA	0	5	48	48	9	20	18	45	1	18506
556	2014	83	CAR	CBJ	0	7	58	34	27	15	22	64	2	16601
558	2014	83	DET	NYI	0	3	42	44	13	10	4	48	0	20066
559	2014	83	FLA	TB	0	7	65	48	17	11	12	44	2	15942
560	2014	83	PHI	MIN	1	5	58	35	14	14	18	50	2	19872
561	2014	83	CHI	NJ	1	7	49	46	11	10	10	44	1	22019
562	2014	83	NSH	BOS	0	8	67	54	10	18	18	25	4	17207
563	2014	83	CGY	STL	1	7	64	52	17	18	18	24	3	19289
564	2014	83	EDM	WPG	1	8	50	46	19	29	99	44	3	16839
565	2014	83	LA	DAL	0	7	55	43	8	25	22	52	1	18274
566	2014	83	SJ	COL	1	9	78	59	19	30	32	50	3	17562
567	2014	87	BOS	OTT	1	5	75	53	14	15	14	36	1	17565
568	2014	87	TOR	BUF	1	7	77	55	12	23	18	48	2	19405
569	2014	87	NJ	CBJ	0	3	47	43	3	11	20	35	0	16592
570	2014	87	WSH	NYR	1	5	74	50	13	20	20	51	2	18506
571	2014	87	CAR	PIT	0	7	60	57	39	14	4	64	0	18124
572	2014	87	CHI	COL	1	9	55	50	7	13	8	61	1	22201
573	2014	87	WPG	MIN	1	10	67	57	13	20	10	37	1	15004
574	2014	87	DAL	NSH	1	5	68	68	16	23	22	37	0	17197
575	2014	87	CGY	EDM	0	2	55	46	20	36	12	35	1	19289
576	2014	87	PHO	SJ	0	7	69	46	17	10	20	54	2	17125
578	2014	88	TB	MTL	0	3	45	47	18	14	10	37	0	19204
579	2014	88	FLA	DET	0	7	64	46	11	7	22	55	3	18932
580	2014	88	NYI	NJ	0	3	56	35	15	35	18	63	0	16012
581	2014	88	STL	CHI	1	11	57	54	9	6	10	42	2	20082
582	2014	88	NSH	LA	1	5	59	34	12	26	24	40	2	17113
583	2014	88	ANA	PHO	1	5	66	54	0	10	10	42	0	17442
584	2014	88	EDM	PHI	0	7	54	59	14	25	20	42	4	16839
585	2014	89	BUF	WSH	1	3	67	57	9	14	28	41	0	19070
586	2014	89	FLA	MTL	1	5	47	47	8	13	14	63	0	19891
587	2014	89	CBJ	PIT	0	8	58	45	6	11	18	71	3	18871
588	2014	89	DAL	STL	0	5	52	51	23	22	14	49	3	15678
589	2014	89	CGY	VAN	0	2	48	54	9	19	27	31	0	19289
590	2014	89	TOR	CAR	1	7	70	65	21	24	12	59	1	19452
591	2014	89	TB	NYR	0	7	69	53	10	16	10	32	4	19204
592	2014	89	MIN	NYI	0	9	68	49	11	3	24	26	0	18851
593	2014	89	COL	WPG	0	3	71	51	25	5	6	82	0	17733
594	2014	89	SJ	ANA	1	4	54	57	18	15	6	45	0	17562
596	2014	90	CHI	LA	1	1	56	56	10	10	8	75	0	22161
597	2014	90	NSH	DET	1	10	54	61	21	16	24	36	2	17212
598	2014	90	VAN	PHI	0	7	71	59	12	14	16	22	0	18910
599	2014	91	NJ	PIT	1	3	50	42	4	12	10	42	0	16592
600	2014	91	FLA	NYR	0	3	53	45	14	6	14	48	0	16083
601	2014	91	MIN	STL	0	3	48	39	11	8	8	42	0	18919
602	2014	91	BOS	NYI	0	8	69	57	16	17	36	42	5	17565
603	2014	91	CAR	MTL	1	9	67	57	18	21	30	34	4	16807
604	2014	91	WPG	BUF	1	3	53	41	5	22	24	45	0	15004
605	2014	91	DAL	LA	1	5	57	45	14	22	18	56	3	15610
606	2014	91	COL	CBJ	1	8	61	49	11	5	12	68	3	16177
607	2014	91	ANA	SJ	1	9	74	52	1	11	30	39	3	17424
608	2014	91	CGY	PHI	0	5	45	53	9	7	6	20	0	19289
609	2014	91	PHO	EDM	1	7	70	53	12	4	6	47	0	17416
610	2014	92	DET	TOR	0	5	69	67	14	14	12	50	0	105491
611	2014	92	VAN	TB	0	6	63	53	16	12	10	28	1	18910
612	2014	93	BOS	NSH	1	5	60	55	9	11	6	45	0	17565
613	2014	93	NYI	CHI	1	5	73	49	8	20	6	16	1	13618
614	2014	93	WSH	CAR	0	7	74	61	14	13	8	42	1	18506
616	2014	93	STL	LA	1	5	56	36	8	10	22	43	2	19839
617	2014	93	MIN	BUF	1	5	51	36	8	7	22	38	0	18229
618	2014	93	DAL	MTL	0	10	60	49	18	19	38	47	2	13007
619	2014	93	COL	PHI	1	3	61	47	10	9	10	62	0	16793
620	2014	93	PHO	CBJ	0	2	65	39	9	8	26	64	2	10539
621	2014	93	SJ	EDM	1	6	60	45	17	19	12	34	0	17562
622	2014	94	NJ	CHI	0	8	51	46	11	2	12	24	1	16592
623	2014	94	PIT	NYR	1	7	63	52	7	6	14	60	1	18668
624	2014	94	CGY	TB	0	2	48	35	15	30	32	26	0	19289
625	2014	94	ANA	EDM	1	7	55	37	5	21	20	53	0	17174
626	2014	95	BOS	WPG	1	5	66	45	10	15	40	50	0	17565
627	2014	95	COL	SJ	1	7	54	53	13	10	26	45	2	17154
628	2014	95	BUF	NJ	1	3	44	48	12	11	26	49	3	19070
629	2014	95	TOR	NYR	0	8	76	55	18	28	22	75	1	19362
631	2014	95	FLA	NSH	1	9	71	51	21	5	8	62	0	15796
632	2014	95	NYI	CAR	0	5	70	47	26	31	8	43	1	14208
633	2014	95	STL	CBJ	1	8	61	52	9	5	8	51	0	19611
634	2014	95	DAL	DET	0	6	72	43	20	21	22	28	0	17232
635	2014	95	MIN	WSH	1	8	41	54	10	10	28	32	4	19022
636	2014	95	PHO	PHI	0	8	57	44	5	6	24	50	1	14875
637	2014	95	LA	VAN	1	4	77	46	8	27	14	51	1	18118
638	2014	96	PIT	WPG	1	11	73	49	10	9	16	52	1	18652
639	2014	96	CAR	NSH	1	3	57	51	23	14	8	31	1	13994
640	2014	96	CHI	SJ	0	5	77	72	22	24	2	54	0	21599
641	2014	96	EDM	TB	1	8	53	44	15	35	12	34	2	16839
642	2014	96	ANA	VAN	1	7	69	60	8	15	20	72	3	17174
643	2014	97	NYI	DAL	1	10	66	58	19	22	20	41	4	11111
644	2014	97	NYR	CBJ	0	7	82	47	10	19	33	45	2	18006
646	2014	97	COL	CGY	0	7	44	52	16	5	10	32	3	12027
647	2014	147	BUF	CAR	1	5	56	50	4	10	16	32	1	18719
648	2014	98	TOR	NYI	0	8	51	49	17	16	12	60	2	19164
649	2014	98	NJ	PHI	0	5	61	47	10	17	16	43	1	14521
650	2014	98	NSH	SJ	1	5	56	46	21	10	14	39	1	15016
651	2014	98	WPG	TB	0	6	47	57	11	11	66	33	3	15004
652	2014	98	PHO	CGY	1	6	57	60	9	10	40	45	1	10229
653	2014	98	EDM	STL	0	7	48	54	19	15	6	40	2	16839
654	2014	98	VAN	PIT	0	9	61	54	12	10	8	61	0	18910
655	2014	98	ANA	BOS	1	7	52	50	12	23	22	65	3	17238
656	2014	98	LA	MIN	0	3	57	49	7	30	8	58	0	18118
657	2014	99	PHI	MTL	1	4	47	39	12	19	26	44	0	19949
658	2014	99	CHI	NYR	0	5	69	46	22	24	10	37	2	21493
659	2014	99	COL	OTT	1	7	63	47	19	7	8	43	2	12487
660	2014	100	BUF	FLA	0	3	59	39	11	11	10	48	0	17872
661	2014	100	NJ	DAL	1	1	60	51	10	5	10	23	0	14252
662	2014	100	CAR	TOR	1	7	62	48	35	35	26	53	2	16583
663	2014	100	TB	WSH	0	7	56	48	12	15	8	40	2	19204
664	2014	100	NSH	ANA	0	7	54	45	18	22	22	25	1	15892
665	2014	100	CGY	STL	0	5	62	33	10	27	28	22	2	19289
666	2014	100	PHO	MIN	0	5	69	51	6	8	10	45	2	10075
667	2014	100	LA	BOS	1	6	57	46	13	19	28	61	1	18118
668	2014	100	SJ	DET	1	5	51	38	20	21	56	38	1	17562
669	2014	101	NYR	DAL	1	5	60	69	18	12	8	58	1	18006
670	2014	101	WSH	TOR	1	5	69	57	16	15	38	50	1	18506
671	2014	101	CBJ	CAR	1	3	60	49	13	5	12	49	1	16008
672	2014	101	COL	NYI	0	3	55	51	16	3	8	65	0	17430
673	2014	101	EDM	PIT	1	7	59	49	16	29	24	40	3	16839
674	2014	101	VAN	STL	1	3	53	59	11	8	6	33	0	18910
675	2014	102	PHI	TB	0	9	63	45	14	17	22	43	1	19987
677	2014	102	NJ	FLA	1	3	66	44	4	6	6	26	0	16592
678	2014	102	NSH	OTT	0	3	54	48	23	18	20	48	0	17113
679	2014	102	WPG	CBJ	0	9	57	43	13	20	18	50	1	15004
680	2014	102	MIN	COL	0	6	45	45	18	5	10	28	0	19117
681	2014	102	PHO	ANA	0	8	61	50	12	9	28	42	2	13289
682	2014	102	CGY	PIT	0	3	54	32	21	15	32	28	1	19289
683	2014	102	LA	DET	0	4	71	48	2	24	20	55	1	18262
684	2014	102	SJ	BOS	0	1	48	56	21	12	18	55	0	17562
685	2014	103	WSH	BUF	0	3	60	47	18	19	14	58	1	18506
686	2014	103	DAL	NYI	0	6	62	49	20	13	8	50	0	13765
687	2014	103	TOR	NJ	1	5	63	46	16	34	16	65	2	19175
688	2014	103	NYR	PHI	1	5	73	46	18	27	78	53	2	18006
689	2014	103	CHI	EDM	1	8	62	46	21	23	12	43	1	21424
690	2014	103	NSH	MIN	0	4	46	43	22	28	14	29	0	16221
691	2014	103	ANA	DET	1	1	45	39	8	19	18	55	0	17375
692	2014	104	CAR	CGY	0	2	52	46	29	31	12	50	1	15276
693	2014	104	CBJ	TB	1	5	56	38	10	9	20	39	3	14070
694	2014	104	WPG	PHO	1	6	57	35	10	17	46	53	2	15004
695	2014	104	LA	VAN	1	1	48	26	3	16	109	65	0	18118
696	2014	105	BOS	TOR	0	7	67	54	8	16	26	49	2	17565
697	2014	105	NYR	TB	0	3	59	51	18	22	8	50	1	18006
698	2014	105	WSH	SJ	0	3	65	61	18	15	24	56	0	18506
699	2014	105	BUF	PHI	0	7	52	51	5	10	20	34	2	18667
701	2014	105	FLA	NYI	1	6	59	47	13	10	16	55	0	13730
702	2014	105	CHI	COL	0	5	74	46	8	8	18	44	2	21412
703	2014	105	STL	PHO	1	3	39	54	14	9	12	41	2	16571
704	2014	105	NSH	CGY	1	6	58	56	12	13	16	22	2	15730
705	2014	105	MIN	OTT	0	3	59	48	22	10	16	30	2	18117
706	2014	105	DAL	EDM	1	7	63	49	17	11	16	44	2	12823
707	2014	106	TOR	BUF	1	7	69	62	17	38	12	82	1	19372
708	2014	106	PIT	WSH	1	7	65	40	4	8	14	55	0	18667
709	2014	106	ANA	VAN	1	10	76	55	11	22	104	51	7	17145
710	2014	107	NYR	DET	1	1	86	60	9	21	8	43	0	18006
711	2014	107	PHI	NSH	0	7	67	41	9	16	18	43	3	19917
713	2014	107	TB	NYI	0	3	60	54	16	9	24	42	2	18333
714	2014	107	FLA	SJ	0	3	63	40	12	8	14	59	0	13149
715	2014	107	STL	LA	0	5	60	38	9	10	52	62	0	19374
716	2014	107	MIN	EDM	1	5	54	48	11	12	28	30	0	18037
717	2014	107	DAL	BOS	0	6	75	48	17	24	26	57	2	16890
718	2014	107	COL	NJ	1	3	72	55	18	11	10	47	0	14090
719	2014	107	CGY	WPG	0	7	45	39	12	16	26	41	1	19289
720	2014	107	PHO	VAN	1	1	52	35	9	11	40	42	1	12307
721	2014	108	CBJ	WSH	1	6	63	48	19	9	28	58	2	14121
722	2014	108	CHI	ANA	1	6	56	49	18	22	14	39	0	22064
724	2014	109	TB	SJ	0	9	61	63	10	11	26	38	3	19204
725	2014	109	WPG	EDM	1	5	61	25	13	12	30	58	1	15004
726	2014	109	BUF	CBJ	0	7	64	49	11	17	14	54	2	19070
727	2014	109	TOR	MTL	1	8	62	57	12	23	14	80	2	19667
728	2014	109	DET	LA	1	5	67	60	9	7	20	69	3	20066
729	2014	109	PHI	NYI	1	10	61	46	6	13	24	70	0	19992
730	2014	109	CAR	FLA	1	5	78	56	22	24	14	34	0	15476
731	2014	109	STL	ANA	0	5	57	64	13	10	16	47	2	19910
732	2014	109	NSH	COL	0	9	60	54	10	17	30	45	2	17113
733	2014	109	PHO	NJ	1	5	62	52	7	10	8	51	2	14005
734	2014	109	MIN	DAL	1	5	54	53	9	5	16	25	1	19192
735	2014	109	VAN	CGY	1	5	66	42	12	14	204	33	2	18910
736	2014	110	CHI	BOS	1	5	73	46	11	21	20	56	0	22197
737	2014	110	CAR	TB	0	8	75	59	15	20	12	45	2	16760
738	2014	110	NYR	WSH	1	5	51	33	13	20	22	57	2	18006
739	2014	111	BOS	LA	1	5	46	42	9	11	30	51	2	17565
740	2014	111	NYI	PHI	1	7	72	49	14	28	42	54	2	16048
741	2014	111	PIT	FLA	0	6	64	50	4	13	24	43	0	18660
742	2014	111	DET	STL	0	5	62	44	11	8	22	35	2	20066
743	2014	111	NSH	DAL	1	5	59	58	10	19	18	34	1	16190
744	2014	111	PHO	TOR	0	6	70	54	11	17	20	49	3	14476
745	2014	111	SJ	CGY	1	5	50	55	14	20	2	53	1	17562
746	2014	112	BUF	FLA	0	7	57	45	6	9	18	40	2	17583
747	2014	112	NJ	STL	1	8	50	40	5	3	14	34	3	11432
748	2014	112	NYR	NYI	0	8	70	54	11	23	18	38	2	18006
749	2014	113	PHI	CAR	0	5	56	41	8	13	12	52	1	19592
750	2014	112	WSH	OTT	0	2	60	40	14	14	30	66	1	18506
751	2014	112	CBJ	LA	1	8	63	41	8	7	12	62	1	13286
752	2014	112	DAL	MIN	1	4	54	32	14	19	36	42	2	11191
753	2014	112	COL	TOR	0	7	68	43	22	5	16	45	1	14877
754	2014	112	EDM	VAN	0	3	56	48	15	27	26	41	0	16839
755	2014	112	ANA	WPG	0	5	63	51	9	17	12	74	1	15046
756	2014	113	PIT	MTL	1	6	55	45	7	7	54	46	2	18617
757	2014	113	DET	CHI	1	9	66	57	20	15	16	47	1	20066
758	2014	113	CGY	PHO	1	5	58	59	13	14	8	31	0	19289
759	2014	114	BUF	CAR	0	8	62	53	5	13	14	45	0	18468
760	2014	114	NYR	STL	0	3	60	48	15	21	14	45	1	18006
761	2014	114	CBJ	PHI	1	7	67	37	9	9	24	38	2	15571
762	2014	114	TB	OTT	1	7	74	67	15	16	20	42	2	18751
763	2014	114	NYI	PIT	0	10	63	67	14	32	20	35	1	15012
764	2014	114	MIN	CHI	1	3	53	32	14	7	10	23	0	19226
765	2014	114	DAL	TOR	1	8	53	51	13	17	52	33	1	13678
766	2014	114	VAN	NSH	0	3	60	35	10	9	26	35	1	18910
767	2014	114	ANA	LA	1	3	52	47	8	21	18	72	1	17503
768	2014	114	SJ	WPG	1	1	52	58	10	31	14	42	0	17562
769	2014	115	NJ	WSH	1	3	61	39	6	9	16	29	1	15742
770	2014	116	CAR	OTT	1	9	58	58	20	22	16	35	1	11458
771	2014	115	DET	MTL	1	5	57	50	11	12	24	47	2	20066
772	2014	115	FLA	COL	0	5	61	44	13	7	8	41	0	17274
773	2014	115	CGY	NSH	1	9	56	48	14	18	14	36	3	19289
774	2014	115	EDM	PHO	0	7	68	41	11	36	18	37	1	16839
775	2014	116	NYI	STL	0	7	71	55	22	13	20	36	0	15888
776	2014	116	PHI	BOS	0	7	59	57	5	13	34	58	4	19938
778	2014	116	TB	COL	1	7	56	52	8	15	12	36	0	19204
779	2014	116	CBJ	BUF	0	7	60	44	9	4	20	43	0	16272
780	2014	116	WPG	TOR	1	9	60	44	13	23	20	63	3	15004
781	2014	116	DAL	PIT	1	3	52	39	11	11	18	62	2	18532
782	2014	116	LA	ANA	0	3	57	55	6	21	28	71	0	54099
783	2014	116	SJ	MIN	1	5	54	55	15	21	18	47	0	17562
784	2014	117	NJ	NYR	0	10	48	59	11	10	10	37	1	50105
785	2014	117	DET	FLA	0	9	67	53	16	19	16	37	1	20066
786	2014	117	CHI	WPG	0	4	56	44	5	7	10	70	0	21841
787	2014	117	EDM	NSH	1	6	62	49	22	22	12	36	2	16839
788	2014	117	VAN	PHO	1	9	58	42	15	17	22	38	1	18910
789	2014	118	NYI	BOS	0	9	74	57	19	36	14	50	0	13819
790	2014	118	CAR	CBJ	1	5	59	48	18	22	4	50	0	13641
791	2014	118	PIT	BUF	1	3	58	35	3	9	8	63	0	18563
792	2014	118	DAL	COL	0	7	65	47	18	19	12	51	2	11678
793	2014	118	VAN	EDM	0	6	47	57	22	9	14	47	0	18910
794	2014	118	SJ	LA	0	1	44	45	13	27	24	55	0	17562
795	2014	119	BOS	FLA	1	8	71	62	12	19	14	36	2	17565
796	2014	119	TOR	TB	1	5	68	52	13	18	12	61	0	19475
797	2014	119	PHI	DET	1	5	61	40	11	12	20	59	1	19987
798	2014	119	CBJ	OTT	0	5	64	49	10	11	26	55	4	13373
799	2014	119	BUF	WSH	0	9	62	55	5	17	10	32	3	18923
801	2014	119	STL	NJ	1	3	48	50	12	7	60	28	1	16099
802	2014	119	WPG	NSH	0	7	52	35	18	28	10	72	1	15004
803	2014	119	CGY	CHI	1	9	62	47	18	20	6	29	0	19289
804	2014	119	PHO	LA	1	3	59	38	8	12	24	64	1	13681
805	2014	119	ANA	MIN	0	6	66	47	2	18	20	46	2	15020
806	2014	120	NYI	NYR	0	3	65	52	14	21	14	33	0	50027
807	2014	120	EDM	SJ	1	3	86	62	25	35	24	35	1	16839
808	2014	120	VAN	CHI	0	7	71	52	19	19	26	36	2	18910
809	2014	121	BOS	MTL	0	5	68	45	18	17	18	56	1	17565
810	2014	121	TOR	FLA	1	9	70	61	22	22	20	67	2	19448
811	2014	121	CBJ	WSH	1	7	61	39	6	6	58	64	0	16047
813	2014	121	DAL	NJ	0	5	40	49	14	11	20	49	2	14237
814	2014	121	COL	MIN	1	9	67	51	24	6	62	44	1	14697
815	2014	121	CGY	SJ	1	5	58	62	7	11	6	37	0	19289
816	2014	121	PHO	BUF	0	5	68	42	12	20	14	66	2	13000
817	2014	121	ANA	PHI	1	8	58	58	5	21	20	46	1	16007
818	2014	121	LA	PIT	0	5	53	46	6	21	14	76	3	18118
819	2014	122	NYR	NYI	1	5	76	52	12	16	22	39	0	18006
820	2014	122	CAR	STL	1	4	59	46	25	33	16	45	2	16035
821	2014	122	DET	WSH	1	7	74	40	15	12	14	41	1	20066
822	2014	122	NSH	NJ	1	5	59	43	14	13	12	39	0	17207
823	2014	122	WPG	VAN	1	7	60	34	17	28	10	57	1	15004
824	2014	123	BOS	EDM	1	4	63	38	12	15	32	42	2	17565
826	2014	123	COL	BUF	1	8	67	42	20	3	32	31	3	16649
827	2014	123	LA	PHI	0	2	48	41	4	23	10	77	1	18118
828	2014	123	TOR	OTT	1	9	62	48	18	28	28	76	1	19613
829	2014	123	CBJ	FLA	1	5	66	47	7	2	12	47	0	16762
830	2014	123	STL	NSH	1	7	65	53	20	10	6	34	1	19358
831	2014	123	PHO	PIT	1	4	54	44	8	8	20	44	0	17362
832	2014	123	CGY	MIN	1	7	55	40	11	14	20	30	1	19289
833	2014	123	ANA	DAL	0	2	53	41	13	13	16	59	0	17174
834	2014	123	SJ	CHI	1	3	69	39	21	35	14	39	1	17562
835	2014	124	WSH	DET	1	11	58	61	15	21	18	68	5	18506
837	2014	125	BUF	EDM	0	5	72	53	10	12	26	44	1	18531
838	2014	125	PIT	OTT	1	3	73	53	9	7	26	46	1	18579
839	2014	125	DET	VAN	1	2	54	46	6	11	18	44	1	20066
840	2014	125	NJ	COL	0	3	53	38	16	10	16	28	1	14213
841	2014	125	ANA	CBJ	0	6	69	48	10	16	14	67	2	14044
842	2014	125	LA	CHI	0	8	64	44	7	30	20	46	2	18118
843	2014	125	SJ	PHI	0	7	50	52	21	38	12	43	2	17562
844	2014	126	BOS	VAN	1	4	60	57	17	12	8	52	1	17565
845	2014	126	NYR	COL	1	6	71	44	16	15	12	53	1	18006
846	2014	126	CAR	WPG	0	3	56	47	18	25	8	55	0	14033
848	2014	126	FLA	TOR	1	5	69	58	18	4	14	57	1	15583
849	2014	126	WSH	NYI	0	1	50	32	24	29	36	58	0	18506
850	2014	126	STL	OTT	0	9	81	56	7	7	34	39	0	14758
851	2014	126	MIN	TB	1	3	61	50	12	7	12	21	1	18454
852	2014	126	PHO	DAL	0	4	68	51	15	16	12	55	1	12257
853	2014	127	BUF	PIT	0	6	59	39	10	10	24	47	1	18408
854	2014	127	ANA	CHI	0	2	54	45	9	21	14	49	0	17446
855	2014	127	SJ	DAL	1	3	41	64	18	36	8	44	0	17562
856	2014	128	NYI	CGY	0	6	52	43	35	13	14	32	1	12888
857	2014	128	NYR	EDM	0	3	67	56	16	26	2	57	0	18006
858	2014	128	PHI	COL	1	4	74	58	8	10	29	41	1	19982
859	2014	128	WSH	WPG	1	6	66	42	17	23	10	76	0	18506
862	2014	128	TB	TOR	0	5	70	64	12	17	32	38	0	19204
863	2014	128	FLA	DET	0	4	57	37	17	3	20	44	1	15623
864	2014	128	STL	BOS	1	5	65	50	20	5	22	47	0	19671
865	2014	128	MIN	NSH	1	5	54	43	11	6	14	33	1	18766
866	2014	128	LA	CBJ	1	3	45	44	5	29	20	71	1	18118
867	2014	129	NJ	EDM	1	3	44	32	9	15	12	27	0	16592
868	2014	129	PIT	NYR	0	7	70	57	7	11	30	53	4	18661
869	2014	129	CAR	FLA	1	6	67	40	25	23	24	53	1	16132
870	2014	129	PHO	CHI	1	2	56	43	17	7	18	50	2	17525
871	2014	129	SJ	CBJ	1	5	68	50	10	11	18	49	0	17562
872	2014	130	PHI	CGY	1	3	56	43	9	14	12	52	0	19874
873	2014	130	STL	WPG	1	7	57	43	14	7	44	38	1	19052
874	2014	130	BOS	OTT	1	9	70	45	18	21	24	41	2	17565
875	2014	130	TOR	VAN	1	4	57	55	14	22	16	78	0	19662
876	2014	130	CAR	MTL	0	5	56	54	25	22	6	38	0	18680
877	2014	130	TB	DET	1	6	61	52	11	14	10	39	1	19204
878	2014	130	NYI	COL	0	7	58	34	8	17	18	14	2	15360
879	2014	130	WSH	NJ	1	3	51	43	13	16	16	29	0	18506
880	2014	130	NSH	ANA	0	7	62	44	12	14	38	42	2	17139
881	2014	130	DAL	PHO	1	3	60	39	9	9	18	34	1	18532
882	2014	148	BUF	BOS	1	9	59	41	7	7	20	21	3	19070
884	2014	148	COL	LA	0	10	57	45	13	12	16	38	4	16754
885	2014	148	VAN	STL	1	1	55	42	11	16	12	49	0	18910
886	2014	149	NJ	CBJ	1	7	54	33	13	10	22	51	2	15185
887	2014	149	NYI	TOR	1	9	57	48	11	18	26	36	1	13922
888	2014	149	NYR	CHI	1	3	56	41	16	10	8	38	0	18006
889	2014	149	PHI	SJ	0	10	59	60	2	9	30	32	1	19879
890	2014	149	PIT	MTL	0	11	61	45	5	8	33	38	4	18636
892	2014	149	FLA	WSH	0	9	66	45	9	3	16	66	3	14180
893	2014	149	NSH	TB	1	5	45	45	15	17	26	36	4	17113
894	2014	149	WPG	PHO	1	5	65	49	10	18	36	45	2	15004
895	2014	149	DAL	CAR	1	5	64	32	13	16	63	41	0	16122
896	2014	149	CGY	LA	0	2	49	52	7	11	18	25	0	19289
897	2014	149	EDM	MIN	0	3	42	47	18	33	34	26	0	16839
898	2014	150	BUF	SJ	1	6	58	55	9	8	8	25	1	19070
899	2014	150	COL	PHO	1	6	75	43	16	10	28	36	4	17649
900	2014	150	VAN	MIN	0	3	54	41	7	12	10	60	1	18910
901	2014	150	ANA	STL	1	1	37	41	6	21	26	60	0	17369
902	2014	151	BOS	WSH	0	6	69	42	15	11	22	42	3	17565
903	2014	151	NYI	NJ	0	7	54	48	13	14	77	67	4	15512
904	2014	151	PHI	NYR	1	6	66	44	7	20	38	64	2	19988
905	2014	151	CBJ	FLA	1	9	57	51	8	10	26	63	3	15441
906	2014	151	NSH	WPG	0	4	60	36	13	17	18	40	0	17113
907	2014	151	DAL	TB	0	6	62	57	17	14	12	42	0	15897
908	2014	151	LA	CAR	1	4	56	44	8	19	22	61	1	18118
910	2014	151	CHI	PIT	1	6	72	44	9	17	20	51	0	62921
911	2014	151	EDM	CGY	0	3	52	52	13	27	24	44	0	16839
912	2014	152	WSH	PHI	0	9	65	41	13	18	31	44	2	18506
913	2014	152	NJ	SJ	0	6	45	39	6	11	10	31	0	16012
914	2014	152	NYI	FLA	0	8	72	48	11	19	54	29	2	13008
915	2014	152	VAN	OTT	0	6	59	56	11	10	24	42	2	54194
916	2014	152	NYR	BOS	0	9	75	60	10	21	16	45	1	18006
917	2014	152	COL	TB	1	9	69	45	21	11	12	30	1	15592
918	2014	152	PHO	STL	0	6	55	56	7	4	12	64	1	13955
919	2014	152	ANA	CAR	1	8	86	50	9	17	32	37	0	17174
920	2014	153	TOR	CBJ	0	3	62	50	15	22	6	77	0	19577
921	2014	153	DAL	BUF	1	5	62	40	13	26	12	45	1	14235
922	2014	153	MIN	CGY	1	5	50	48	16	11	6	28	1	18543
923	2014	153	LA	MTL	1	3	40	34	5	23	24	70	1	18118
924	2014	154	BOS	FLA	1	5	63	51	10	14	30	45	0	17565
925	2014	154	NJ	DET	1	7	52	38	14	20	18	35	3	16592
926	2014	154	CBJ	DAL	1	6	53	58	15	11	14	51	2	15661
927	2014	154	CHI	COL	0	6	59	37	8	16	12	48	2	21361
928	2014	154	STL	TB	1	6	46	45	12	7	12	38	1	18602
929	2014	154	NSH	PIT	0	4	38	51	14	22	36	26	1	17113
930	2014	154	WPG	NYI	0	5	65	35	12	23	36	63	0	15004
931	2014	154	PHO	VAN	1	1	55	47	6	6	6	58	0	13449
932	2014	154	EDM	OTT	1	5	66	58	21	24	12	44	1	16839
933	2014	154	SJ	CAR	0	5	72	69	11	21	6	50	0	17562
934	2014	155	NYR	TOR	0	5	66	63	9	20	10	38	0	18006
935	2014	155	PHI	WSH	1	10	55	51	7	17	70	72	4	19919
936	2014	155	CGY	OTT	1	5	59	53	18	9	40	25	2	19289
937	2014	155	ANA	MTL	0	7	73	55	12	22	32	70	1	17174
938	2014	156	BOS	WSH	1	3	59	53	17	16	0	53	0	17565
939	2014	156	WPG	LA	0	4	59	42	11	30	10	70	1	15004
940	2014	156	DET	COL	0	5	62	50	10	16	8	43	1	20066
941	2014	156	TB	BUF	0	4	65	54	13	8	14	40	0	19204
942	2014	156	CHI	CBJ	1	7	56	50	9	15	16	55	1	21179
943	2014	156	NSH	STL	0	3	43	53	14	14	14	39	0	16180
944	2014	156	DAL	VAN	1	7	55	44	25	20	35	36	3	14634
945	2014	156	PHO	MTL	1	7	49	35	6	6	16	52	3	15282
946	2014	156	EDM	NYI	1	5	63	59	19	33	26	48	1	16839
947	2014	156	SJ	PIT	1	8	69	43	26	31	20	44	2	17562
948	2014	157	CAR	NYR	0	6	68	43	20	12	20	35	1	17547
949	2014	157	DET	NJ	1	11	58	53	9	10	12	35	1	20066
950	2014	157	FLA	BUF	1	2	69	40	6	3	31	45	2	14402
951	2014	157	CGY	NYI	1	7	49	49	11	16	22	41	0	19289
952	2014	157	ANA	PIT	0	5	48	47	10	22	26	53	1	17518
953	2014	158	WPG	OTT	0	8	81	43	11	19	40	58	4	15004
954	2014	158	COL	STL	0	3	52	56	32	5	8	52	0	18137
955	2014	158	TOR	PHI	1	7	67	57	19	24	20	70	0	19583
956	2014	158	TB	BOS	0	7	52	46	15	15	18	50	0	19204
957	2014	158	NJ	CAR	1	9	64	57	10	8	8	39	2	16162
958	2014	158	WSH	PHO	1	5	66	48	14	12	10	60	2	18506
959	2014	158	NSH	CBJ	0	1	64	53	10	18	22	43	0	17113
960	2014	158	DAL	MIN	1	7	73	44	17	23	29	45	3	19109
961	2014	158	VAN	CGY	1	3	37	49	13	15	22	36	0	18910
962	2014	158	SJ	MTL	1	4	60	47	12	18	112	35	0	17562
963	2014	159	FLA	BOS	0	7	64	50	13	3	14	44	2	18858
964	2014	159	BUF	CHI	0	3	52	35	6	11	20	21	0	19070
965	2014	159	NYR	DET	1	3	61	43	11	15	12	38	0	18006
966	2014	159	MIN	STL	0	5	41	53	14	6	20	37	1	18909
967	2014	159	EDM	LA	0	6	77	49	15	46	26	52	1	16839
968	2014	160	WSH	PIT	0	5	53	41	15	12	12	48	2	18506
970	2014	160	TB	PHO	0	7	51	52	7	9	14	34	0	18167
971	2014	190	DAL	CBJ	0	4	59	45	15	20	14	41	2	16125
972	2014	160	COL	WPG	1	5	69	50	22	11	22	50	1	15250
973	2014	160	CGY	LA	0	5	49	40	12	17	10	36	1	19289
974	2014	160	VAN	NYI	0	11	52	37	14	18	32	51	5	18910
975	2014	160	ANA	TOR	0	4	67	59	12	19	48	46	1	17229
976	2014	161	BUF	NSH	0	5	49	52	7	10	30	32	2	18659
977	2014	161	PHI	NJ	0	3	57	44	14	8	18	49	0	19967
978	2014	161	CAR	NYR	1	4	60	47	27	34	18	47	0	15667
979	2014	161	CBJ	DET	1	5	77	45	11	10	18	46	0	14330
980	2014	161	FLA	PHO	0	4	58	51	10	4	16	53	2	12211
981	2014	161	PIT	WSH	1	2	66	40	5	6	6	51	0	18646
982	2014	161	STL	DAL	0	5	60	55	14	10	14	38	1	16763
983	2014	161	MIN	EDM	0	7	57	53	10	12	14	23	1	18650
984	2014	161	SJ	TOR	1	8	69	56	18	31	66	34	0	17562
986	2014	162	WPG	VAN	0	5	67	60	20	18	30	66	0	15004
987	2014	162	COL	CHI	1	5	68	46	20	8	24	51	1	18007
988	2014	162	CGY	ANA	1	9	47	46	9	16	22	41	1	19289
989	2014	163	BOS	PHO	1	3	42	34	9	16	12	40	0	17565
990	2014	163	CAR	BUF	1	6	78	43	12	10	12	49	1	13654
991	2014	163	CBJ	SJ	0	7	65	54	11	8	12	65	1	13851
992	2014	163	TB	FLA	1	9	55	35	13	15	12	32	2	18324
993	2014	163	STL	EDM	1	8	62	41	10	8	88	38	1	18084
994	2014	163	MIN	NYR	1	3	56	53	11	6	12	29	1	18885
995	2014	163	LA	TOR	0	5	70	54	7	31	14	57	2	18319
996	2014	164	NYI	SJ	0	7	64	53	15	20	2	51	0	13128
997	2014	164	WSH	VAN	1	7	62	48	14	23	18	49	1	18506
998	2014	164	DET	EDM	1	3	45	46	8	15	16	36	0	20066
999	2014	164	FLA	NJ	1	8	53	54	14	6	22	58	1	14496
1000	2014	164	CHI	NSH	0	5	62	56	10	15	10	45	1	22106
1001	2014	164	WPG	NYR	0	6	55	39	7	32	14	45	0	15004
1002	2014	164	DAL	CGY	0	7	55	62	15	22	6	39	1	18532
1003	2014	164	COL	ANA	0	10	71	55	22	9	48	40	2	18030
1004	2014	165	BOS	CAR	1	6	71	56	9	20	14	48	0	17565
1005	2014	165	PHI	PIT	1	4	65	39	10	17	18	78	1	19993
1007	2014	165	TB	NJ	1	3	55	52	16	11	14	43	0	19204
1008	2014	165	NYI	BUF	1	5	72	51	12	10	32	50	2	14388
1009	2014	165	NSH	STL	0	5	57	56	14	18	26	40	0	17113
1010	2014	165	MIN	CBJ	0	3	62	48	16	7	2	40	0	19042
1011	2014	165	PHO	CGY	1	5	57	37	9	10	32	61	3	16373
1012	2014	165	LA	ANA	0	3	58	59	7	26	16	60	1	18278
1013	2014	166	FLA	VAN	0	7	61	54	14	5	28	67	3	14215
1014	2014	166	WSH	TOR	1	6	62	56	17	12	14	38	2	18506
1015	2014	166	CAR	EDM	0	3	63	46	13	19	22	35	1	16588
1016	2014	166	NYR	SJ	0	1	70	55	4	20	8	31	0	18006
1018	2014	166	BUF	MTL	0	2	61	45	9	12	14	35	0	19070
1019	2014	166	PIT	PHI	0	7	58	36	9	9	14	53	2	18647
1020	2014	166	CHI	DET	1	5	50	41	7	19	18	53	2	22128
1021	2014	166	WPG	DAL	1	9	61	56	15	32	28	47	1	15004
1022	2014	167	BOS	MIN	1	5	63	54	6	16	2	50	0	17565
1023	2014	167	TB	VAN	1	7	58	44	8	14	18	40	2	19204
1024	2014	167	STL	WPG	1	4	42	54	13	7	114	69	1	16665
1025	2014	167	LA	PHO	0	7	66	50	6	23	16	65	2	18118
1026	2014	168	NJ	BOS	0	6	55	49	23	26	22	42	1	16138
1027	2014	168	NYI	MIN	0	6	58	50	16	20	12	28	1	14888
1028	2014	168	PIT	DAL	1	6	65	39	4	8	30	41	0	18659
1029	2014	168	CBJ	CAR	0	4	67	52	9	8	16	65	1	15938
1032	2014	168	DET	TOR	1	5	64	46	17	11	16	34	1	20066
1033	2014	168	PHI	CHI	1	5	62	46	7	17	38	55	0	19932
1034	2014	168	CGY	BUF	1	4	40	45	11	12	6	32	0	19289
1035	2014	168	EDM	NSH	1	6	59	45	16	17	20	21	1	16839
1036	2014	168	ANA	WSH	0	5	75	54	7	10	18	58	2	17174
1037	2014	168	SJ	FLA	0	5	78	63	22	34	16	28	1	17562
1038	2014	169	TOR	TB	0	8	69	50	13	19	39	47	2	19585
1039	2014	169	CHI	STL	1	4	53	53	4	12	12	56	2	21640
1040	2014	169	WPG	COL	1	9	54	55	12	21	16	61	1	15004
1041	2014	169	VAN	NSH	1	2	52	37	13	13	10	46	1	18910
1042	2014	170	NJ	MIN	1	7	52	37	13	18	33	33	2	14772
1043	2014	170	PHI	DAL	1	6	64	50	6	12	10	58	2	19831
1046	2014	170	DET	PIT	1	9	73	36	7	12	37	46	2	20066
1047	2014	170	EDM	BUF	0	4	72	47	11	18	40	24	2	16839
1048	2014	170	PHO	FLA	1	3	45	42	15	13	18	79	1	14442
1049	2014	170	LA	WSH	1	3	50	53	7	23	22	72	0	18118
1050	2014	170	SJ	ANA	1	5	46	56	17	33	10	59	2	17562
1051	2014	171	CBJ	NYR	0	4	58	35	4	6	42	59	0	18513
1052	2014	171	CHI	CAR	1	5	53	33	5	11	22	30	1	21857
1053	2014	171	COL	BOS	0	2	59	41	24	12	18	55	1	18007
1054	2014	171	CGY	NSH	0	11	51	58	14	14	6	41	2	19289
1055	2014	172	PHI	STL	1	5	52	38	9	15	36	61	1	19942
1056	2014	172	PIT	TB	1	7	53	43	7	14	18	48	4	18668
1057	2014	172	MIN	DET	0	5	60	58	8	1	14	19	3	19176
1058	2014	172	DAL	OTT	1	4	71	41	15	22	56	45	0	16714
1059	2014	172	LA	FLA	1	4	53	44	10	25	10	53	1	18118
1060	2014	172	TOR	MTL	0	7	72	52	22	24	6	55	1	19789
1061	2014	172	NJ	NYR	0	2	48	45	19	19	12	45	1	17829
1062	2014	172	WPG	CAR	0	5	68	46	16	25	6	40	1	15004
1063	2014	172	PHO	BOS	0	6	61	51	12	12	20	62	1	17468
1064	2014	172	EDM	CGY	0	9	56	42	19	21	22	41	1	16839
1065	2014	172	SJ	WSH	0	5	61	52	14	29	12	45	0	17562
1066	2014	173	NYI	CBJ	1	2	73	38	10	11	44	53	1	15008
1067	2014	173	PIT	STL	0	1	60	40	10	12	22	59	0	18662
1068	2014	173	NJ	TOR	1	5	47	49	14	15	12	45	1	15328
1069	2014	173	CHI	NSH	0	2	46	46	5	13	28	48	0	21727
1070	2014	173	DET	MIN	0	7	41	46	3	13	10	50	2	20066
1071	2014	173	VAN	BUF	1	6	54	53	17	11	8	42	0	18910
1072	2014	173	ANA	FLA	1	8	70	57	5	18	6	39	1	17281
1073	2014	174	NYR	PHO	1	7	57	56	14	14	14	39	1	18006
1074	2014	174	PHI	LA	0	5	73	51	15	16	20	75	0	19876
1075	2014	174	BOS	MTL	0	3	51	46	17	18	34	60	2	17565
1076	2014	174	TB	OTT	0	7	70	36	19	20	28	37	2	18486
1077	2014	174	DAL	WPG	1	3	60	58	12	15	16	44	3	15967
1078	2014	174	CGY	SJ	1	3	61	55	11	14	10	21	0	19829
1079	2014	175	TOR	STL	0	8	74	56	13	20	22	67	2	19505
1080	2014	175	PIT	PHO	0	5	54	58	4	10	12	48	2	18632
1081	2014	175	WSH	LA	0	9	63	50	16	22	18	72	3	18506
1082	2014	175	CAR	NYI	0	9	60	58	29	16	14	43	2	15176
1084	2014	175	FLA	OTT	1	5	80	51	11	3	18	53	1	13435
1085	2014	175	CBJ	DET	1	6	61	50	8	9	14	65	2	15103
1086	2014	175	CHI	DAL	1	6	69	60	4	12	20	40	1	21493
1087	2014	175	NSH	COL	0	9	61	68	26	13	4	27	0	16438
1088	2014	175	EDM	SJ	0	7	64	54	14	21	10	50	3	16839
1089	2014	176	MIN	VAN	0	7	50	44	13	10	22	31	1	19014
1090	2014	176	NYR	PHI	1	4	60	55	15	22	20	51	0	18006
1091	2014	176	CGY	ANA	0	5	68	59	10	10	20	29	1	19289
1092	2014	177	BOS	CHI	1	3	51	45	20	10	6	45	0	17565
1093	2014	177	NJ	PHO	0	5	55	46	10	4	14	36	0	15583
1094	2014	177	PIT	LA	0	5	69	37	0	6	20	66	1	18650
1095	2014	177	DET	MTL	0	9	59	52	10	8	14	35	0	20066
1096	2014	177	TB	NYI	1	5	58	46	12	19	12	44	0	18554
1097	2014	177	FLA	CAR	0	3	67	47	6	5	23	36	0	12379
1098	2014	177	STL	MIN	1	6	52	34	10	4	36	36	2	19646
1099	2014	177	NSH	BUF	1	7	67	55	9	11	24	19	1	16729
1100	2014	177	COL	VAN	1	5	59	49	25	14	26	53	1	16965
1101	2014	177	SJ	WPG	0	7	61	39	12	26	22	47	4	17562
1102	2014	178	PHI	TOR	1	6	63	46	14	16	24	79	2	19963
1103	2014	178	CBJ	PIT	0	3	67	38	13	14	30	67	1	18908
1105	2014	178	DAL	NSH	1	10	57	61	19	31	4	50	1	18532
1106	2014	178	CGY	NYR	1	7	69	48	12	11	6	35	1	19289
1107	2014	178	EDM	ANA	1	7	74	62	11	29	40	41	0	16839
1108	2014	179	WSH	BOS	0	6	69	48	23	18	14	52	2	18506
1109	2014	179	COL	SJ	1	5	71	49	19	7	20	35	2	18077
1110	2014	179	BUF	TB	0	7	61	54	3	7	14	28	2	19070
1111	2014	179	TOR	DET	0	6	55	46	11	21	18	58	0	20270
1112	2014	179	FLA	MTL	0	5	56	34	7	7	32	50	0	17119
1113	2014	179	NYI	NJ	1	3	44	44	28	24	8	62	0	15108
1114	2014	179	CAR	CBJ	0	5	59	57	23	26	12	70	2	16714
1115	2014	179	STL	DAL	0	6	62	53	10	13	32	48	2	19703
1116	2014	179	PHO	MIN	0	4	54	45	14	10	32	66	1	16691
1117	2014	179	VAN	ANA	0	6	53	58	16	14	30	44	1	18910
1118	2014	179	LA	WPG	1	6	55	32	9	20	10	68	1	18118
1120	2014	180	DET	TB	1	5	58	41	12	13	12	48	1	20066
1121	2014	180	PHI	BOS	0	7	82	64	9	11	22	87	1	19958
1122	2014	180	PIT	CHI	1	5	53	53	4	14	6	60	0	18655
1123	2014	180	NSH	WSH	1	7	55	67	14	22	20	29	2	16553
1124	2014	180	EDM	NYR	0	5	58	38	14	19	22	37	1	16839
1126	2014	181	NJ	FLA	1	9	54	36	15	16	18	42	1	15209
1127	2014	181	ANA	WPG	1	9	73	67	5	21	12	49	2	17174
1128	2014	181	LA	MIN	0	5	40	48	9	18	10	59	1	18118
1129	2014	182	BUF	NJ	1	5	62	62	8	10	10	46	2	19070
1130	2014	182	TOR	CGY	1	5	46	64	17	22	28	42	0	19482
1131	2014	182	NYI	FLA	1	6	62	47	17	26	48	48	2	11812
1132	2014	182	PIT	CAR	0	5	59	57	5	16	12	42	1	18635
1133	2014	182	WSH	DAL	0	5	71	47	17	10	18	46	0	18506
1134	2014	182	CBJ	COL	0	5	54	47	17	14	16	83	1	16550
1135	2014	182	TB	MTL	1	4	59	51	17	15	34	27	2	18808
1136	2014	182	STL	PHI	1	1	59	45	18	7	14	51	0	18647
1137	2014	182	VAN	NYR	0	4	66	49	15	8	23	37	1	18910
1138	2014	182	PHO	WPG	0	3	51	42	15	11	6	80	0	13724
1139	2014	182	SJ	EDM	1	9	62	48	18	23	38	37	2	17562
1141	2014	183	DET	BOS	1	5	55	42	9	14	12	40	1	20066
1142	2014	183	ANA	EDM	1	5	58	52	2	7	30	66	1	17174
1143	2014	183	LA	PHO	1	4	49	49	5	21	12	67	2	18118
1144	2014	184	TOR	BOS	1	7	69	52	9	21	20	59	1	19609
1145	2014	184	PHI	CBJ	0	2	64	44	9	14	16	71	1	19981
1146	2014	184	CAR	DAL	1	5	66	46	23	21	36	35	2	15730
1147	2014	184	TB	CGY	0	5	57	53	13	23	10	37	1	17495
1148	2014	184	CHI	MIN	1	5	53	49	5	9	6	56	0	21791
1149	2014	184	STL	BUF	1	3	53	44	11	8	10	42	1	16146
1150	2014	184	WPG	PIT	0	6	36	34	13	33	10	62	1	15004
1151	2014	184	COL	NYR	1	5	68	52	26	9	18	54	0	16721
1152	2014	184	SJ	LA	1	3	48	48	24	26	22	84	1	17562
1154	2014	185	CBJ	CHI	0	7	65	51	17	6	20	72	2	18695
1155	2014	185	DET	BUF	1	5	54	49	10	6	12	46	2	20066
1156	2014	185	FLA	CGY	0	3	52	40	9	3	12	34	1	12055
1157	2014	185	NJ	WSH	1	3	56	40	13	14	18	36	0	15218
1158	2014	185	PHO	EDM	0	5	52	63	14	9	6	49	1	14732
1159	2014	185	ANA	NSH	0	7	53	46	6	11	14	67	0	17174
1160	2014	186	BOS	PHI	1	7	68	47	16	17	18	56	1	17565
1161	2014	186	STL	COL	0	4	60	36	9	6	165	42	2	19153
1162	2014	186	NYI	WSH	0	7	67	46	15	17	30	69	1	16008
1163	2014	186	TOR	WPG	0	6	66	53	27	24	12	73	2	19544
1165	2014	186	TB	DAL	0	7	57	43	9	10	24	29	0	19204
1166	2014	186	NYR	OTT	0	5	77	56	14	17	24	32	0	18006
1167	2014	186	CAR	NJ	0	4	50	47	16	27	8	52	0	16123
1168	2014	186	MIN	PIT	1	4	40	46	14	7	8	38	0	19409
1169	2014	186	VAN	LA	1	3	66	57	18	12	18	58	2	18910
1170	2014	186	SJ	NSH	0	3	59	64	15	26	10	61	0	17562
1171	2014	187	FLA	DAL	1	5	61	52	13	5	14	44	1	13366
1172	2014	187	CBJ	NYI	1	4	64	40	16	19	58	88	3	15667
1173	2014	187	PHI	BUF	1	7	56	41	8	18	26	51	2	19603
1174	2014	187	CHI	STL	1	6	58	45	4	15	28	63	1	22184
1175	2014	187	COL	PIT	0	5	73	48	26	7	14	58	1	18007
1176	2014	187	EDM	ANA	1	6	64	52	19	34	66	43	2	16839
1177	2014	188	NJ	CGY	0	1	53	42	8	12	16	35	1	14297
1178	2014	188	WPG	MIN	0	1	41	32	8	16	12	40	0	15004
1179	2014	188	VAN	ANA	0	3	41	44	17	14	16	39	0	18910
1180	2014	189	BUF	DET	0	6	64	39	4	10	16	25	0	18710
1181	2014	189	NYI	OTT	0	5	78	48	22	28	32	35	1	12922
1182	2014	189	NYR	CAR	1	5	64	44	13	11	6	35	2	18006
1183	2014	189	CBJ	PHO	1	7	62	56	17	18	16	82	0	16289
1184	2014	189	TB	TOR	1	3	62	57	18	6	8	39	1	18896
1185	2014	189	FLA	PHI	0	7	67	59	12	12	8	49	0	12487
1186	2014	189	STL	WSH	0	5	51	43	8	9	18	33	2	17447
1187	2014	189	MIN	BOS	1	7	48	62	16	8	16	24	3	18893
1188	2014	189	DAL	NSH	1	5	59	52	17	26	6	36	0	16219
1189	2014	189	EDM	COL	0	5	56	40	19	20	10	29	2	16839
1190	2014	190	CHI	MTL	1	5	58	56	4	8	4	44	0	21571
1191	2014	190	PIT	DET	1	7	61	47	5	12	12	54	2	18620
1192	2014	190	CGY	LA	1	7	62	59	21	28	0	52	0	19289
1193	2014	190	ANA	SJ	1	7	68	48	7	18	18	58	0	17322
1194	2014	191	NYR	BUF	1	3	54	39	10	21	16	37	0	18006
1195	2014	191	CAR	WSH	0	7	59	48	25	30	4	55	0	15735
1198	2014	191	TB	PHI	1	6	66	44	7	14	12	29	2	19204
1199	2014	191	FLA	TOR	1	6	66	54	7	11	34	50	0	13110
1200	2014	191	NSH	PHO	1	2	52	56	18	15	8	35	1	17174
1201	2014	191	MIN	STL	1	6	60	29	11	2	34	31	1	18664
1202	2014	191	WPG	BOS	1	3	70	48	19	15	14	47	0	15004
1203	2014	191	EDM	LA	0	3	65	42	17	30	6	51	0	16839
1204	2014	191	VAN	COL	0	6	68	56	14	12	16	35	1	18910
1205	2014	192	WSH	CHI	1	4	61	35	19	10	8	21	1	18506
1206	2014	192	DET	CAR	0	3	48	46	5	11	8	42	2	20066
1207	2014	192	TB	CBJ	1	5	60	39	10	12	16	45	2	18686
1208	2014	192	NJ	NYI	0	5	57	57	18	16	8	49	1	15858
1209	2014	192	DAL	STL	1	3	62	47	14	16	22	64	1	18532
1210	2014	192	CGY	WPG	0	8	65	60	21	19	14	37	2	19289
1211	2014	192	SJ	COL	1	6	63	59	17	29	18	58	0	17562
1212	2014	193	BOS	BUF	1	5	55	49	17	11	61	38	1	17565
1213	2014	193	PIT	PHI	0	7	57	50	7	15	20	59	1	18673
1216	2014	193	FLA	CBJ	0	5	73	32	14	6	31	50	2	14241
1217	2014	193	NSH	CHI	1	12	58	53	17	19	8	32	0	17355
1218	2014	193	PHO	SJ	0	5	64	52	11	7	8	47	1	15438
1219	2014	193	EDM	VAN	1	7	64	38	15	31	18	24	1	16839
1220	2014	193	LA	ANA	0	7	54	46	9	22	16	56	0	18372
1221	2014	194	NJ	BOS	1	5	49	45	19	18	12	25	3	16592
1222	2014	194	PHI	CAR	0	11	82	51	15	19	25	30	2	19727
1223	2014	194	WSH	TB	0	1	50	43	13	12	4	30	0	18506
1224	2014	194	STL	DET	0	3	44	45	13	7	14	40	0	18430
1225	2014	194	BUF	NYI	0	7	64	60	10	14	42	40	1	18804
1226	2014	194	PIT	OTT	0	5	61	49	5	13	28	49	3	18663
1227	2014	194	MIN	NSH	0	10	62	58	10	6	34	26	3	18658
1228	2014	194	VAN	CGY	1	6	45	35	9	18	33	29	2	18910
1229	2014	194	ANA	COL	1	5	67	56	7	18	6	40	0	17528
1230	2014	194	PHO	DAL	1	3	48	42	11	8	24	29	1	15146