
1	2013	110	PHI	PIT	0	4	54	45	18	20	16	77	2	19994
2	2013	110	WPG	OTT	0	5	65	46	9	27	20	50	2	15004
3	2013	110	LA	CHI	0	7	43	41	8	21	20	61	1	18545
4	2013	110	BOS	NYR	1	4	55	41	7	11	52	61	0	17565
6	2013	110	NYI	NJ	0	3	47	43	10	16	12	42	1	16170
7	2013	110	TB	WSH	1	9	64	54	11	15	26	43	4	19204
8	2013	110	FLA	CAR	1	6	67	44	12	6	30	50	3	19688
9	2013	110	STL	DET	1	6	50	38	7	7	48	37	4	20035
10	2013	110	NSH	CBJ	0	5	62	64	15	16	32	42	2	17113
11	2013	110	DAL	PHO	1	7	66	52	18	12	20	53	4	18532
12	2013	110	MIN	COL	1	6	62	43	6	14	30	45	2	19298
13	2013	110	VAN	ANA	0	10	55	62	12	7	14	41	5	18910
14	2013	111	BUF	PHI	1	7	70	48	14	13	44	25	4	19070
15	2013	111	NYR	PIT	0	9	73	46	12	12	32	51	3	17200
16	2013	111	CGY	SJ	0	5	61	57	14	17	18	39	3	19289
17	2013	111	MIN	DAL	1	1	56	35	15	8	18	45	0	18296
18	2013	111	VAN	EDM	0	5	61	49	17	7	28	40	1	18910
19	2013	111	PHO	CHI	0	10	60	45	15	8	26	45	1	17363
20	2013	112	BOS	WPG	1	3	54	54	14	17	12	80	0	17565
21	2013	112	NYI	TB	1	7	70	45	14	19	44	29	1	15322
22	2013	112	NSH	STL	0	7	63	54	11	14	24	32	3	17113
23	2013	112	TOR	BUF	0	3	55	48	6	28	68	46	1	19475
25	2013	112	CBJ	DET	0	7	75	47	9	6	44	38	2	19206
26	2013	112	CGY	ANA	0	9	49	57	16	22	10	34	2	19289
27	2013	113	WSH	WPG	0	6	73	40	12	17	46	43	3	18506
28	2013	113	CAR	TB	0	5	62	59	10	12	30	34	2	18680
30	2013	113	NJ	PHI	1	3	50	35	3	7	68	30	1	17625
31	2013	113	DET	DAL	0	3	72	48	16	19	16	33	0	20066
32	2013	113	MIN	NSH	0	4	56	49	4	18	30	36	1	17540
33	2013	113	CHI	STL	1	5	61	53	18	10	20	55	2	21455
34	2013	113	COL	LA	1	4	60	41	22	11	24	46	1	18007
35	2013	113	EDM	SJ	0	9	60	46	7	10	24	23	5	16839
36	2013	114	PIT	TOR	0	7	54	46	6	9	44	37	2	18641
37	2013	114	NYR	BOS	1	7	62	38	4	11	34	48	1	17200
38	2013	114	VAN	CGY	1	5	72	41	23	6	18	45	2	19810
39	2013	114	PHO	CBJ	1	6	68	44	6	10	16	69	1	8355
40	2013	115	TOR	NYI	0	11	77	50	17	24	14	51	1	19125
41	2013	115	PHI	NYR	1	3	52	54	7	17	48	46	2	19596
42	2013	115	WSH	MTL	0	5	53	39	14	16	30	37	2	18506
43	2013	115	CAR	BUF	1	9	71	38	20	10	20	53	0	18081
44	2013	115	FLA	OTT	0	4	63	49	15	4	16	32	2	15634
45	2013	115	STL	NSH	1	3	37	38	7	8	26	41	1	16047
46	2013	115	DAL	CHI	0	5	64	37	18	24	18	32	3	17868
47	2013	115	COL	CBJ	1	4	61	53	10	18	50	37	0	14325
48	2013	115	EDM	LA	1	3	70	34	11	19	52	30	1	16839
49	2013	115	SJ	PHO	1	8	70	42	16	13	26	42	4	17562
50	2013	116	BOS	NYI	1	6	53	45	17	16	36	62	0	17565
51	2013	116	BUF	CAR	0	4	83	55	17	19	44	41	3	18824
52	2013	116	NJ	WSH	1	5	63	41	7	10	22	28	2	17625
53	2013	116	TB	OTT	1	10	67	61	11	9	66	41	2	19204
54	2013	116	DET	MIN	1	8	53	38	8	18	36	26	3	20066
55	2013	116	WPG	PIT	1	6	67	47	11	16	6	61	1	15004
56	2013	116	ANA	VAN	0	5	64	47	6	19	47	58	3	17529
57	2013	117	SJ	COL	1	4	67	46	13	20	72	56	3	17562
58	2013	117	NYR	TOR	1	7	59	49	7	11	32	61	1	17200
59	2013	117	CBJ	CHI	0	5	50	41	4	2	32	34	0	18381
60	2013	117	FLA	PHI	0	8	57	44	8	5	26	69	2	19311
61	2013	117	DAL	STL	0	7	55	43	14	24	14	38	1	17131
62	2013	117	PHO	LA	0	6	64	47	10	9	38	68	1	14780
63	2013	117	CGY	EDM	1	7	55	48	12	23	24	33	3	19289
64	2013	117	ANA	NSH	1	5	43	34	5	20	14	48	0	17174
65	2013	118	WSH	BUF	1	5	54	41	15	21	10	38	1	18506
68	2013	118	TB	PHI	1	6	51	49	13	13	46	53	2	19204
69	2013	118	CHI	DET	1	3	57	49	18	15	16	33	1	21607
70	2013	118	WPG	NYI	1	9	60	52	11	14	24	56	2	15004
71	2013	118	STL	MIN	1	9	50	54	8	9	18	39	2	18265
72	2013	118	SJ	VAN	1	5	51	38	15	20	84	46	2	17562
73	2013	119	CAR	BOS	0	8	70	45	16	15	32	45	2	17190
74	2013	119	CBJ	DAL	1	3	52	32	5	6	26	40	1	10475
75	2013	119	PHO	NSH	1	4	46	40	6	7	22	42	1	8581
76	2013	119	EDM	COL	1	5	65	41	18	27	18	51	4	16839
77	2013	119	LA	VAN	1	5	51	47	10	26	14	58	1	18344
78	2013	120	BOS	NJ	1	3	54	47	14	16	26	56	1	17565
79	2013	120	BUF	TOR	0	7	56	61	13	14	30	46	1	18801
80	2013	120	NYR	PHI	1	3	55	50	11	16	18	70	2	17200
83	2013	120	PIT	NYI	0	5	62	61	10	13	27	34	2	18657
84	2013	120	TB	FLA	1	7	61	42	17	19	52	37	2	19204
85	2013	120	DET	DAL	1	5	53	38	15	13	44	35	1	20066
86	2013	120	MIN	CBJ	1	5	45	40	16	14	32	38	1	17584
87	2013	120	SJ	ANA	1	5	48	37	15	32	10	51	0	17562
89	2013	121	MIN	CHI	1	5	57	57	6	9	12	19	0	18550
90	2013	121	PHO	EDM	0	3	49	38	15	9	14	68	2	12955
91	2013	121	VAN	COL	1	3	47	36	14	17	28	45	1	18910
92	2013	122	BOS	BUF	0	11	74	51	13	16	26	37	1	17565
93	2013	122	TOR	WSH	1	5	62	50	21	26	22	45	2	19374
94	2013	122	NJ	NYI	0	9	67	39	4	14	26	16	3	17625
95	2013	122	NYR	PIT	0	3	57	48	9	9	20	56	1	17200
96	2013	122	CBJ	STL	0	5	50	37	11	6	88	31	3	11155
97	2013	122	FLA	WPG	1	9	59	43	14	9	46	66	3	15731
98	2013	122	CGY	COL	0	9	50	47	17	28	10	40	1	19289
99	2013	122	LA	NSH	0	3	38	47	7	28	18	69	1	18118
100	2013	122	SJ	EDM	1	5	66	39	8	24	12	34	0	17562
101	2013	123	WSH	PHI	1	5	57	51	15	30	44	43	0	18506
102	2013	123	CAR	OTT	1	1	68	50	23	13	16	27	0	18680
103	2013	123	TB	WPG	1	11	54	55	10	8	33	46	5	19204
104	2013	123	DET	STL	1	8	57	37	10	15	30	55	4	20066
105	2013	123	DAL	PHO	1	7	58	46	13	20	34	44	0	18101
106	2013	123	VAN	CHI	1	3	50	35	14	12	22	28	0	18910
107	2013	123	ANA	MIN	1	4	58	47	6	22	6	56	1	13007
108	2013	124	PIT	NJ	1	6	46	45	7	13	10	40	0	18635
110	2013	124	COL	EDM	1	4	66	38	21	11	18	41	0	16119
111	2013	124	TOR	BOS	0	1	55	56	15	23	34	73	0	19246
112	2013	124	PHI	CAR	1	8	66	46	17	18	30	41	4	19691
113	2013	124	TB	NYR	0	5	62	63	20	14	6	51	1	19204
114	2013	124	CBJ	DET	1	6	62	38	14	5	16	40	1	17612
115	2013	124	PHO	DAL	1	2	51	46	11	8	20	50	1	12151
116	2013	124	CGY	CHI	0	5	66	51	21	17	20	20	1	19289
117	2013	124	ANA	LA	1	11	59	49	17	18	26	64	5	17436
118	2013	124	SJ	NSH	0	3	51	48	18	24	18	54	1	17562
119	2013	125	WSH	PIT	0	9	50	63	11	32	14	44	3	18506
121	2013	125	BUF	FLA	0	7	53	56	18	17	28	37	1	18831
122	2013	125	NYI	NJ	0	3	49	40	15	18	36	43	1	11558
123	2013	126	TOR	CAR	0	5	81	61	15	23	28	47	2	19072
124	2013	126	COL	DAL	0	5	57	44	23	12	20	34	1	13441
125	2013	126	PHO	MIN	1	3	56	49	7	10	6	50	0	9508
126	2013	126	EDM	VAN	0	5	65	48	20	26	16	36	1	16839
127	2013	126	ANA	SJ	1	3	58	37	7	14	44	42	0	14324
128	2013	127	NJ	NYR	1	4	47	43	16	11	18	31	1	17625
129	2013	127	NYI	PIT	0	6	60	33	17	23	30	34	1	11318
130	2013	127	WSH	TOR	0	5	47	36	14	19	10	39	2	18506
131	2013	127	CBJ	LA	0	6	51	47	4	5	59	50	1	11019
133	2013	127	PHI	TB	1	3	46	47	8	18	36	37	0	19616
134	2013	127	DET	CGY	0	5	49	52	7	19	28	41	3	20066
135	2013	127	WPG	FLA	1	5	40	39	11	14	12	40	1	15004
136	2013	127	STL	NSH	0	7	51	49	6	5	22	23	2	15206
137	2013	127	SJ	CHI	0	8	64	64	18	31	50	41	0	17562
139	2013	128	COL	ANA	0	3	51	55	22	16	34	38	1	13776
140	2013	128	EDM	DAL	0	5	57	32	19	14	14	22	2	16839
141	2013	129	BUF	MTL	1	9	72	40	8	14	26	35	2	18866
142	2013	129	NJ	TB	1	6	46	45	16	19	16	36	2	14802
143	2013	129	NYR	NYI	1	5	53	33	7	10	12	57	1	17200
144	2013	129	PHI	FLA	0	5	56	44	10	14	16	46	2	19616
145	2013	129	PIT	WSH	1	7	53	50	5	7	16	30	4	18650
146	2013	129	CBJ	CGY	0	7	59	53	9	7	16	41	2	10484
148	2013	129	WPG	TOR	0	5	43	50	6	8	26	49	1	15004
149	2013	129	STL	DET	0	6	56	59	14	12	23	29	1	17699
150	2013	129	NSH	LA	1	3	46	49	12	8	22	40	1	17113
151	2013	129	MIN	VAN	0	5	45	47	11	8	66	34	2	18352
152	2013	129	PHO	CHI	0	8	57	55	10	7	46	43	3	15096
153	2013	130	DAL	ANA	1	4	49	36	14	14	45	44	2	18112
154	2013	206	BOS	TB	1	2	54	44	15	32	28	38	0	17565
155	2013	131	NJ	PIT	1	4	53	37	10	8	50	22	3	17625
156	2013	131	PHI	CAR	1	7	65	59	13	20	31	48	0	19691
158	2013	131	DET	EDM	1	3	54	33	12	13	38	38	3	20066
159	2013	131	SJ	PHO	0	1	54	43	17	34	14	31	0	17562
161	2013	131	NYI	BUF	0	5	58	51	20	22	14	30	0	12608
162	2013	131	WSH	FLA	1	5	52	41	15	13	22	49	1	18506
163	2013	131	STL	ANA	0	11	54	63	14	10	6	39	2	18835
164	2013	131	MIN	NSH	1	3	58	43	8	10	28	36	1	18806
165	2013	131	VAN	CGY	1	6	65	50	12	15	14	34	1	18910
166	2013	132	DET	LA	1	5	78	55	8	21	14	49	1	20066
167	2013	132	CBJ	EDM	0	4	54	30	12	3	40	39	0	14364
168	2013	132	BUF	BOS	0	4	65	48	16	22	34	40	1	18869
169	2013	132	NYR	TB	1	6	52	52	9	12	10	54	0	17200
170	2013	132	PIT	NJ	0	4	47	45	8	5	18	36	2	18658
171	2013	132	NSH	CHI	0	3	44	46	18	20	16	23	0	17113
172	2013	133	TOR	PHI	1	7	70	51	11	38	53	63	0	19253
173	2013	133	NYI	CAR	0	10	59	56	12	20	22	27	4	9622
174	2013	133	CBJ	SJ	1	8	63	43	6	10	34	42	3	10837
175	2013	133	STL	LA	0	5	45	43	10	8	44	51	2	14498
176	2013	133	COL	PHO	0	5	73	41	16	13	52	34	0	14063
177	2013	133	CGY	MIN	0	3	48	50	14	24	12	40	0	19289
178	2013	134	NJ	CAR	0	6	53	42	16	18	18	25	3	17625
179	2013	134	BOS	NYR	0	7	69	51	12	19	14	63	0	17565
181	2013	134	TB	MTL	0	7	58	50	9	16	36	52	2	19204
182	2013	134	FLA	WSH	0	11	61	52	11	4	20	55	2	15340
183	2013	134	WPG	PHI	0	5	49	48	7	23	34	45	1	15004
184	2013	134	NSH	SJ	1	1	50	45	15	11	18	29	0	17113
185	2013	134	CHI	ANA	0	5	61	43	41	22	40	37	2	21188
186	2013	134	EDM	DAL	0	5	65	45	16	23	22	51	0	16839
187	2013	134	VAN	MIN	1	3	56	59	17	8	18	46	2	18910
188	2013	135	PIT	OTT	1	6	59	42	10	6	38	35	1	18637
189	2013	135	DET	STL	0	7	43	44	14	12	18	51	1	20066
190	2013	135	CGY	DAL	1	11	57	65	17	18	26	40	4	19289
191	2013	136	NYR	NYI	0	7	70	67	12	19	20	62	1	17200
192	2013	136	CAR	TOR	1	4	56	59	22	10	20	43	2	18680
193	2013	136	TB	WSH	0	7	69	60	15	14	10	42	1	19204
194	2013	136	FLA	MTL	0	1	58	41	14	6	10	64	0	17021
195	2013	136	NSH	PHO	1	3	48	35	15	14	12	33	1	17113
196	2013	136	MIN	COL	0	7	61	62	13	13	6	50	1	18822
197	2013	137	BUF	BOS	1	6	58	46	19	24	8	37	1	19070
198	2013	137	NJ	PHI	1	8	47	50	17	8	4	39	1	17625
199	2013	137	WPG	PIT	0	4	54	49	8	14	30	58	1	15004
200	2013	137	DET	ANA	0	7	65	42	8	12	14	32	1	20066
201	2013	137	CHI	SJ	1	5	65	39	17	12	36	42	1	21824
202	2013	137	CGY	STL	0	7	57	42	15	19	18	24	3	19289
203	2013	137	VAN	DAL	0	7	57	45	11	6	44	52	0	18910
204	2013	137	LA	CBJ	1	3	35	29	8	23	18	54	1	18118
205	2013	138	TOR	OTT	1	3	63	35	8	21	12	67	0	19537
207	2013	138	NYI	NJ	1	6	64	44	21	26	32	50	4	15488
208	2013	138	FLA	TB	0	11	66	54	12	13	14	60	1	17009
209	2013	138	NSH	ANA	0	5	56	49	13	16	12	29	0	17322
210	2013	138	PHO	CBJ	1	8	55	36	10	4	28	71	1	15425
211	2013	138	EDM	COL	1	10	85	50	25	31	16	67	3	16839
212	2013	139	BUF	PIT	0	7	68	51	12	23	40	47	2	19070
213	2013	139	CHI	LA	1	5	64	41	19	7	20	55	3	21843
214	2013	139	WPG	BOS	0	5	50	46	10	21	6	46	1	15004
215	2013	139	DAL	CGY	0	7	56	46	7	13	26	53	1	17340
216	2013	139	MIN	DET	1	5	55	42	11	15	10	43	0	19117
217	2013	139	NYR	WSH	1	3	68	44	8	14	16	56	1	17200
218	2013	139	VAN	STL	0	7	54	67	15	11	20	40	2	18910
219	2013	140	NJ	OTT	0	3	61	48	16	18	56	46	0	17625
220	2013	140	NYI	PHI	0	7	44	39	17	17	38	38	2	16170
221	2013	140	COL	NSH	1	11	66	56	18	8	14	41	2	15099
223	2013	140	FLA	TOR	0	3	70	44	11	6	38	54	1	17177
224	2013	140	PHO	CGY	1	4	67	68	7	7	14	65	0	17208
225	2013	140	ANA	CBJ	1	5	56	54	12	9	12	46	2	14713
226	2013	141	BUF	WPG	0	3	58	45	15	13	12	48	0	19070
227	2013	141	NYR	MTL	0	4	43	51	8	16	6	58	0	17200
229	2013	141	TB	TOR	1	6	44	46	13	15	66	48	1	19204
230	2013	141	STL	SJ	0	3	51	54	9	9	28	38	0	16100
231	2013	141	NSH	DET	1	7	54	36	11	19	16	25	1	17113
232	2013	141	CHI	VAN	1	7	75	53	26	20	44	46	2	21423
233	2013	141	EDM	LA	0	4	62	49	20	24	10	63	1	16839
234	2013	142	PIT	PHI	0	11	64	48	3	6	48	27	3	18650
235	2013	142	COL	STL	1	1	53	50	28	17	6	37	0	14651
236	2013	142	CGY	LA	0	4	60	53	13	16	18	33	0	19289
237	2013	143	TOR	BUF	1	4	68	47	15	20	28	69	2	19473
238	2013	143	PHI	FLA	0	7	60	53	11	19	20	56	1	19605
239	2013	143	WSH	NJ	0	5	56	43	9	12	32	39	3	18506
240	2013	143	CAR	WPG	0	7	53	46	16	12	24	51	0	18282
243	2013	143	TB	BOS	0	6	52	45	17	21	8	49	0	19204
244	2013	143	DET	CBJ	0	5	54	38	3	9	38	46	1	20066
245	2013	143	DAL	VAN	0	7	47	48	9	13	30	42	1	17393
246	2013	143	EDM	MIN	0	4	56	50	12	24	21	53	0	16839
247	2013	144	PIT	FLA	1	4	63	38	8	12	12	31	1	18655
248	2013	144	NSH	VAN	0	1	47	50	7	22	8	32	0	17113
249	2013	144	CHI	SJ	1	3	61	43	19	13	26	56	0	21670
250	2013	145	WSH	NJ	1	6	48	48	14	22	12	53	2	18506
251	2013	145	PHI	WPG	1	8	76	47	11	13	44	73	3	19933
252	2013	145	EDM	PHO	1	5	79	42	17	26	22	39	2	16839
253	2013	145	LA	COL	1	5	50	46	5	20	26	69	1	18118
254	2013	145	BUF	NYI	0	4	67	41	13	11	32	44	1	19070
257	2013	145	CAR	TB	0	7	73	49	23	5	12	34	0	18680
258	2013	145	DET	NSH	1	4	60	41	10	13	8	32	1	20066
259	2013	145	STL	CBJ	1	3	43	31	15	11	18	50	0	19457
260	2013	145	DAL	SJ	1	4	60	47	13	14	42	37	3	18584
261	2013	145	CGY	MIN	1	4	58	66	17	11	28	24	0	19289
262	2013	146	FLA	BOS	0	5	67	43	14	9	20	48	1	18108
263	2013	146	NJ	WPG	0	6	53	46	22	12	18	40	1	17625
264	2013	146	DET	VAN	1	11	49	42	14	10	18	39	3	20066
265	2013	146	NYI	CAR	0	6	53	56	16	19	12	26	1	10048
266	2013	146	CHI	CBJ	1	1	55	36	23	14	24	49	0	21580
267	2013	146	PIT	TB	1	8	52	59	8	4	18	43	2	18632
268	2013	146	CGY	PHO	1	9	58	54	20	17	20	25	1	19289
269	2013	146	ANA	COL	1	7	62	37	18	16	30	54	4	17174
270	2013	147	PHI	TOR	0	6	47	56	10	12	28	59	1	19645
272	2013	147	NSH	DAL	1	9	55	41	11	11	28	43	3	17113
273	2013	147	CHI	EDM	1	5	53	47	20	16	12	71	2	21127
274	2013	147	LA	ANA	1	7	51	54	6	21	20	65	2	18118
275	2013	148	NYR	WPG	0	7	65	47	10	13	10	50	0	17200
276	2013	148	WSH	CAR	1	3	73	47	23	20	12	44	1	18506
277	2013	148	CBJ	DAL	0	9	59	51	9	6	8	44	0	11523
278	2013	148	NYI	BOS	0	5	71	47	20	16	14	37	0	12788
279	2013	148	TB	BUF	0	3	52	37	8	19	14	41	0	19204
280	2013	148	FLA	PIT	1	10	70	43	4	6	32	50	5	17378
281	2013	148	MIN	CGY	1	3	51	43	5	12	35	28	2	18703
282	2013	148	VAN	PHO	0	6	53	55	12	13	20	24	0	18910
283	2013	148	SJ	COL	1	5	68	53	16	26	14	54	0	17562
284	2013	149	TOR	MTL	0	7	63	45	7	19	17	67	1	19625
285	2013	149	PHI	WSH	1	5	56	49	15	9	39	47	2	19904
286	2013	149	ANA	NSH	1	6	49	49	16	18	22	32	2	13630
287	2013	149	LA	DET	1	3	62	46	8	26	16	46	1	18118
288	2013	150	BOS	OTT	1	3	77	41	12	23	14	46	1	17565
289	2013	150	NYI	TOR	0	9	55	59	16	18	0	65	0	9222
290	2013	150	NYR	TB	1	5	67	41	12	18	24	37	1	17200
291	2013	150	CAR	PIT	1	5	56	43	19	12	36	48	0	18680
292	2013	150	FLA	BUF	0	7	68	55	13	10	24	60	2	15672
293	2013	150	WPG	NJ	1	4	44	53	8	9	16	38	0	15004
294	2013	150	STL	CHI	0	3	44	50	11	10	14	48	0	19533
295	2013	150	DAL	EDM	0	6	72	44	12	22	55	57	1	17004
296	2013	150	COL	CGY	1	9	59	55	14	15	20	32	1	15197
297	2013	150	PHO	MIN	0	7	51	41	5	8	32	51	1	11547
298	2013	150	SJ	DET	0	3	60	54	29	30	6	43	0	17562
299	2013	151	STL	EDM	1	6	47	40	6	8	6	43	1	19476
300	2013	151	CHI	CBJ	1	7	57	52	22	14	24	68	0	21828
301	2013	151	ANA	MIN	1	5	62	50	8	19	28	43	0	15264
302	2013	152	PHI	OTT	1	3	75	46	11	17	56	59	0	19959
303	2013	152	BOS	TB	1	5	49	36	4	11	50	33	4	17565
304	2013	152	BUF	NJ	1	7	54	63	9	19	38	51	0	19070
305	2013	152	WPG	WSH	0	3	56	52	9	14	26	45	0	15004
307	2013	152	CAR	FLA	1	8	58	52	21	8	32	44	0	18680
308	2013	152	PHO	ANA	1	9	72	56	10	4	10	53	1	15227
309	2013	152	VAN	LA	1	7	54	44	11	11	26	51	1	18910
310	2013	152	SJ	NSH	1	3	58	43	16	23	10	49	2	17562
311	2013	153	DET	CHI	0	3	66	48	9	12	12	31	1	20066
312	2013	153	NYI	OTT	1	5	66	43	12	31	16	73	1	13512
313	2013	153	CBJ	COL	1	3	53	57	7	3	36	47	2	13778
314	2013	153	DAL	STL	1	5	53	54	12	16	18	83	1	16663
315	2013	153	FLA	CAR	0	5	60	45	9	16	6	51	0	15978
316	2013	153	BOS	MTL	0	7	60	42	16	22	48	54	1	17565
317	2013	153	NYR	BUF	1	5	58	34	12	11	29	48	2	17200
318	2013	153	MIN	EDM	1	6	64	44	3	12	6	31	1	18675
319	2013	153	CGY	VAN	1	6	56	53	8	18	30	24	1	19289
320	2013	154	TOR	NJ	1	6	53	52	21	42	16	75	1	19435
321	2013	154	PIT	TB	1	7	60	58	12	7	22	53	0	18656
322	2013	154	PHO	ANA	1	9	71	65	8	14	12	44	2	11024
323	2013	154	LA	NSH	1	6	35	42	6	27	14	66	2	18118
324	2013	155	NJ	TB	0	7	52	48	20	13	32	32	1	15229
325	2013	155	NYI	MTL	1	9	56	49	18	20	16	42	4	9498
326	2013	155	WSH	BOS	1	7	59	57	19	18	22	45	1	18506
327	2013	155	CAR	BUF	1	7	68	55	32	12	12	46	2	15277
328	2013	155	CBJ	EDM	1	7	67	52	8	2	34	35	1	14952
329	2013	155	NYR	PHI	1	6	45	49	10	13	34	76	3	17200
330	2013	155	FLA	WPG	1	5	57	51	18	6	4	64	0	14574
331	2013	155	DET	COL	1	3	70	41	6	13	6	46	0	20066
332	2013	155	CHI	MIN	1	8	55	51	21	7	10	66	1	21836
333	2013	155	VAN	SJ	0	5	68	45	13	12	16	40	0	18910
334	2013	155	LA	STL	1	10	43	44	4	23	54	78	0	18118
335	2013	156	TOR	OTT	1	9	71	62	18	35	26	75	1	19412
336	2013	156	CHI	COL	1	5	54	40	14	13	10	63	1	21531
337	2013	156	CGY	SJ	1	5	59	59	12	12	14	13	0	19289
338	2013	156	ANA	PHO	1	2	42	42	10	15	6	51	0	13456
339	2013	157	BOS	TOR	1	6	52	49	10	10	26	65	0	17565
340	2013	157	NJ	BUF	1	5	58	49	5	5	16	26	2	17625
341	2013	157	NYI	NYR	0	3	66	37	10	24	20	46	1	16170
342	2013	157	PHI	PIT	0	9	54	45	11	20	22	62	3	19997
343	2013	157	WSH	FLA	1	8	56	48	16	16	21	53	2	18506
344	2013	157	CAR	MTL	0	6	71	50	17	14	28	60	1	16774
345	2013	157	CBJ	VAN	1	3	62	55	13	11	8	41	0	13632
346	2013	157	TB	WPG	0	3	57	48	12	19	22	43	0	19204
347	2013	157	DET	EDM	1	3	50	59	16	12	12	41	0	20066
348	2013	157	PHO	STL	0	9	56	44	10	8	20	58	1	11482
349	2013	157	LA	DAL	0	7	55	55	6	14	8	65	2	18118
350	2013	158	NYR	OTT	0	5	74	50	8	17	34	60	1	17200
351	2013	158	FLA	WPG	0	5	68	48	4	7	20	66	0	16442
352	2013	158	NSH	EDM	1	6	58	50	12	23	22	34	2	17277
353	2013	158	COL	CHI	1	8	64	48	14	9	26	33	2	18007
354	2013	158	ANA	CGY	1	4	53	50	7	16	4	55	0	15839
355	2013	159	BOS	PHI	1	3	51	50	10	17	18	72	1	17565
356	2013	159	NYI	WSH	1	7	69	48	18	23	18	31	3	14819
357	2013	159	CBJ	DET	1	3	54	38	12	5	32	39	1	17957
358	2013	159	SJ	STL	0	7	60	56	14	19	16	52	2	17562
359	2013	159	TOR	PIT	0	9	67	50	18	41	14	69	2	19418
360	2013	159	CAR	NJ	1	9	56	47	23	16	10	59	1	18680
361	2013	159	TB	MTL	0	7	52	61	15	21	14	42	1	19204
362	2013	159	NSH	MIN	0	3	54	46	15	19	18	52	2	17113
363	2013	159	PHO	DAL	1	3	42	39	9	4	14	53	1	15842
364	2013	159	LA	CGY	1	8	43	60	11	18	28	67	2	18248
365	2013	160	WSH	NYR	0	5	59	45	17	13	14	61	1	18506
366	2013	160	DET	CBJ	0	5	44	41	13	19	32	51	1	20066
367	2013	160	FLA	MTL	0	7	54	37	14	11	18	55	2	19189
368	2013	160	NJ	WPG	1	5	52	57	13	15	4	59	0	17625
369	2013	160	PIT	NYI	1	7	52	42	4	8	18	28	2	18634
370	2013	160	CHI	EDM	0	11	62	52	25	23	16	51	4	22020
371	2013	160	PHI	BUF	1	5	48	32	18	8	62	34	2	19687
372	2013	160	MIN	VAN	1	6	59	42	10	4	36	43	1	18846
373	2013	160	COL	SJ	1	5	80	64	18	6	18	28	1	16040
374	2013	160	ANA	STL	1	6	53	53	6	9	20	52	2	17174
376	2013	161	LA	CGY	1	4	46	46	11	26	8	75	1	18118
377	2013	162	BUF	NYR	1	4	55	41	9	15	12	58	0	19070
378	2013	162	WSH	CAR	0	4	62	51	10	7	20	36	0	18506
379	2013	162	CBJ	VAN	0	3	65	44	13	6	8	56	0	14852
380	2013	162	PIT	BOS	1	5	50	51	11	7	10	47	1	18640
381	2013	162	FLA	TB	0	5	52	59	10	9	12	60	1	15174
382	2013	162	WPG	TOR	1	7	60	47	13	16	42	56	1	15004
383	2013	162	STL	SJ	1	6	62	48	10	6	16	53	1	16583
384	2013	162	MIN	ANA	0	3	52	43	12	10	43	34	1	18808
385	2013	162	DAL	NSH	0	4	53	52	11	13	80	47	2	15661
386	2013	162	COL	EDM	0	4	67	43	17	6	10	32	1	14360
387	2013	162	PHO	LA	1	7	62	54	10	4	16	61	3	15075
389	2013	163	NJ	PHI	1	7	57	37	19	12	22	47	2	17625
390	2013	163	CGY	DET	1	7	60	41	17	21	8	31	2	19289
391	2013	164	BOS	FLA	1	5	62	43	9	19	4	55	0	17565
392	2013	164	TOR	PIT	0	4	57	50	21	35	12	64	0	19561
393	2013	164	CAR	WSH	0	5	63	46	16	15	18	57	1	16810
394	2013	164	CBJ	CHI	0	3	70	55	10	9	16	30	1	15009
395	2013	164	TB	NYI	0	2	47	47	11	16	6	43	1	19204
396	2013	164	WPG	NYR	1	4	62	54	9	17	16	79	1	15004
397	2013	164	STL	PHO	1	3	58	39	14	10	14	38	0	17852
398	2013	164	MIN	COL	1	8	72	51	11	6	36	32	1	18989
399	2013	164	DAL	ANA	0	3	64	50	19	22	24	60	0	15775
400	2013	164	VAN	NSH	1	11	55	53	15	12	32	51	0	18910
401	2013	164	SJ	LA	1	7	63	56	14	29	32	51	3	17562
402	2013	165	PHI	NJ	1	3	50	45	10	19	18	60	0	19971
403	2013	165	CGY	NSH	1	9	42	51	19	30	10	25	2	19289
404	2013	165	EDM	DET	0	5	60	45	14	11	26	25	1	16839
405	2013	166	BOS	WSH	1	5	71	57	6	10	42	63	1	17565
406	2013	166	PIT	NYR	1	3	50	47	6	4	14	40	1	18658
407	2013	166	BUF	OTT	0	7	70	55	9	15	30	31	1	19070
408	2013	166	COL	MIN	0	10	60	57	18	18	32	44	1	17708
409	2013	166	TOR	WPG	0	9	65	50	20	43	46	95	0	19401
410	2013	166	NJ	MTL	0	3	55	70	8	20	12	44	1	17625
411	2013	166	TB	CAR	1	5	48	50	18	12	4	39	0	19204
412	2013	166	CBJ	PHO	1	1	62	49	11	5	18	46	0	14231
413	2013	166	FLA	NYI	0	7	55	50	6	11	12	66	0	17627
414	2013	166	STL	ANA	1	3	49	59	9	6	10	40	1	19593
415	2013	166	DAL	CHI	0	9	53	39	9	21	30	45	3	18584
416	2013	166	VAN	DET	0	7	61	50	13	9	18	21	1	18910
417	2013	166	LA	SJ	1	7	46	51	10	19	16	82	1	18118
418	2013	167	PIT	BOS	1	3	50	43	9	4	6	56	0	18659
420	2013	167	WSH	BUF	1	8	55	53	14	13	18	32	2	18506
421	2013	167	EDM	NSH	1	5	52	42	16	18	12	46	2	16839
422	2013	168	NYR	CAR	1	3	66	40	11	18	12	51	0	17200
423	2013	168	TB	PHI	1	6	57	47	15	18	14	58	0	19204
424	2013	168	DAL	CGY	1	7	43	49	14	23	28	43	2	16057
425	2013	168	COL	CHI	0	7	51	55	27	12	4	34	0	16952
426	2013	168	VAN	MIN	0	4	61	54	13	8	16	28	2	18910
427	2013	168	ANA	SJ	1	8	63	49	8	15	18	44	0	14441
428	2013	168	LA	PHO	1	4	56	43	9	34	24	64	2	18118
429	2013	169	NJ	NYR	0	5	53	46	19	13	12	48	1	17625
430	2013	169	NYI	OTT	0	8	52	44	14	21	14	57	1	10668
431	2013	169	CAR	FLA	0	5	78	52	23	15	38	52	3	16349
432	2013	169	CBJ	NSH	1	7	66	53	9	4	8	44	1	13364
434	2013	169	PIT	WSH	1	3	65	47	9	4	16	48	2	18653
435	2013	169	WPG	BOS	1	4	53	41	14	22	12	50	1	15004
436	2013	169	VAN	STL	1	5	53	50	10	8	30	51	0	18910
437	2013	169	LA	PHO	1	5	71	43	13	22	22	85	1	18118
438	2013	170	TOR	TB	1	6	54	43	17	18	26	81	0	19433
439	2013	170	DET	MIN	0	6	57	49	14	13	20	33	3	20066
440	2013	170	COL	DAL	1	7	66	44	27	11	30	33	0	13813
441	2013	170	EDM	SJ	0	7	61	59	23	24	28	46	2	16839
442	2013	170	ANA	CHI	1	6	50	49	8	20	6	59	1	17610
443	2013	171	BUF	TOR	1	9	70	44	9	20	62	61	3	19070
444	2013	171	NYI	MTL	0	7	56	50	9	25	14	40	2	11012
445	2013	171	NYR	FLA	0	4	69	52	14	14	10	31	1	17200
446	2013	171	CAR	NJ	0	5	40	46	25	9	22	59	3	16941
448	2013	171	WPG	WSH	0	4	45	39	9	17	32	55	1	15004
449	2013	171	NSH	CGY	1	8	45	48	15	14	26	44	2	17113
450	2013	171	PHO	VAN	0	3	66	53	15	7	21	69	1	17220
451	2013	171	LA	DAL	0	2	61	48	6	18	10	70	0	18118
452	2013	172	NYI	PIT	0	6	60	46	17	19	18	41	0	14888
453	2013	172	CBJ	CGY	1	6	53	55	19	7	12	45	0	13853
454	2013	172	WPG	WSH	0	7	55	31	14	35	22	50	1	15004
455	2013	172	ANA	DET	0	6	57	44	11	16	40	44	1	17174
457	2013	173	MIN	SJ	1	2	57	44	9	5	26	29	1	19358
458	2013	173	LA	VAN	0	1	33	35	8	26	12	71	0	18118
459	2013	173	TOR	BOS	1	5	46	51	6	24	16	69	0	19236
461	2013	173	NJ	FLA	1	3	43	40	9	12	21	30	0	17625
462	2013	173	NSH	CBJ	1	7	47	61	12	13	33	33	3	17113
463	2013	173	DAL	COL	1	7	66	51	15	24	44	75	2	17311
464	2013	173	EDM	STL	0	3	44	34	14	19	10	58	0	16839
465	2013	174	NYI	FLA	1	3	63	48	21	24	8	50	1	14512
466	2013	174	PIT	PHI	1	3	63	43	3	10	8	68	2	18662
467	2013	174	NYR	WSH	0	5	56	45	11	14	14	74	2	17200
468	2013	174	WPG	TB	1	5	49	46	14	15	18	53	2	15004
469	2013	174	COL	VAN	0	5	58	45	31	11	16	43	2	15194
470	2013	174	CGY	STL	1	5	55	57	15	17	18	32	1	19289
471	2013	174	ANA	DET	0	3	55	50	7	17	68	37	2	17427
472	2013	175	BOS	TOR	1	5	54	64	9	16	12	47	1	17565
474	2013	175	CHI	LA	0	9	61	65	13	10	22	41	0	21850
475	2013	175	NSH	EDM	1	5	52	52	13	13	12	34	1	17113
476	2013	175	DAL	MIN	0	11	68	48	15	28	34	62	1	16167
477	2013	175	PHO	DET	0	5	65	43	10	5	14	47	3	17428
478	2013	175	ANA	SJ	0	8	66	59	10	25	14	64	0	16083
479	2013	176	TOR	FLA	1	5	73	51	17	33	6	60	1	19379
480	2013	176	PIT	MTL	1	1	62	55	7	9	18	52	0	18646
481	2013	176	WSH	NYI	0	5	53	43	20	20	10	40	0	18506
482	2013	176	CAR	WPG	0	5	74	46	20	9	18	61	1	16225
483	2013	176	PHI	NYR	0	7	65	61	10	16	8	50	2	19961
484	2013	176	TB	BUF	1	3	39	36	10	16	32	32	1	19204
485	2013	176	STL	EDM	0	3	62	47	10	7	26	36	0	17260
486	2013	176	CHI	CGY	1	2	51	49	14	10	18	40	0	21790
487	2013	176	VAN	CBJ	1	1	51	50	15	10	8	50	0	18910
488	2013	177	BOS	MTL	0	11	69	55	15	12	34	54	2	17565
489	2013	177	MIN	PHO	1	7	64	51	6	14	32	25	0	19076
490	2013	177	CGY	COL	1	7	57	49	8	19	36	37	2	19289
491	2013	177	SJ	ANA	1	4	51	46	23	21	34	40	1	17562
492	2013	178	TOR	CAR	1	9	58	50	25	36	32	72	2	19236
493	2013	178	PHI	NYI	0	7	72	48	9	15	26	44	2	19906
494	2013	178	PIT	WPG	1	4	63	49	8	6	8	47	0	18649
496	2013	178	FLA	BUF	1	9	80	44	14	4	22	42	3	17044
497	2013	178	STL	LA	0	6	62	52	5	7	14	37	1	19770
498	2013	178	NSH	PHO	0	11	67	45	12	22	16	34	1	17113
499	2013	178	EDM	CBJ	1	10	55	56	12	26	18	52	0	16839
500	2013	178	VAN	COL	1	5	53	37	28	9	4	39	0	18910
501	2013	178	SJ	DET	1	2	51	50	17	20	2	28	0	17562
502	2013	179	TB	NJ	1	9	50	43	18	17	26	44	1	19204
503	2013	179	CHI	ANA	0	3	50	48	13	9	10	52	1	22105
504	2013	179	DAL	MIN	1	8	66	50	15	15	64	53	4	17376
505	2013	179	CGY	CBJ	0	10	58	51	19	17	20	34	1	19289
506	2013	180	PHI	BOS	1	4	56	47	17	21	12	57	1	19997
507	2013	180	PIT	NYI	1	2	62	51	7	4	25	42	0	18673
508	2013	180	WPG	CAR	0	4	63	43	11	23	28	51	0	15004
509	2013	180	COL	NSH	1	1	58	45	15	12	24	22	0	15324
510	2013	180	MIN	LA	1	7	59	45	8	7	12	34	3	19223
511	2013	180	BUF	WSH	0	7	61	50	15	7	16	52	2	19070
514	2013	180	FLA	NJ	1	5	56	45	11	4	18	52	2	18138
515	2013	180	EDM	VAN	1	4	47	38	10	24	30	66	1	16839
516	2013	180	SJ	PHO	1	5	63	60	20	35	6	50	1	17562
517	2013	181	DET	CHI	0	8	60	55	5	15	4	40	0	20066
518	2013	181	CBJ	ANA	1	3	48	58	12	8	6	49	0	13185
519	2013	181	BUF	BOS	0	2	57	60	12	14	14	43	0	19027
520	2013	181	DAL	LA	0	5	55	44	17	24	6	56	1	15719
521	2013	181	PHI	WSH	1	9	63	40	12	19	46	40	3	19681
522	2013	182	NJ	NYI	0	4	46	46	14	16	20	45	1	17625
523	2013	182	NYR	WPG	1	6	63	42	9	11	12	48	0	17200
525	2013	182	DET	COL	1	5	44	47	10	10	10	45	2	20066
526	2013	182	MIN	STL	0	5	49	53	10	12	12	38	0	18786
527	2013	182	CHI	NSH	1	5	67	59	22	15	12	70	0	21306
528	2013	182	DAL	ANA	0	4	56	52	19	27	12	51	1	13748
529	2013	182	EDM	CGY	1	5	54	57	18	24	14	51	0	16839
530	2013	182	SJ	VAN	1	5	60	57	17	25	16	37	1	17562
531	2013	183	BOS	OTT	1	5	97	42	12	15	12	59	0	17565
532	2013	183	NYI	WPG	1	7	64	46	19	22	8	40	1	11819
533	2013	183	CAR	WSH	0	8	53	53	13	15	18	52	3	16530
534	2013	183	PIT	BUF	0	5	49	35	9	9	18	47	1	18642
535	2013	183	TB	FLA	0	5	66	53	16	12	22	39	2	17904
536	2013	183	NSH	COL	1	4	64	51	13	17	24	39	1	16211
537	2013	183	PHO	LA	1	4	71	52	13	10	12	82	0	12934
538	2013	184	NYR	PIT	1	7	66	52	14	10	36	75	3	17200
539	2013	184	PHI	MTL	1	8	51	43	10	17	36	48	0	19882
540	2013	184	CGY	EDM	0	10	60	49	15	20	56	35	3	19289
541	2013	184	ANA	DAL	1	7	52	60	2	17	2	46	1	15165
542	2013	184	SJ	MIN	1	6	66	52	13	18	35	59	2	17562
543	2013	185	BOS	NJ	1	1	66	49	13	12	4	43	0	17565
544	2013	185	TOR	PHI	0	8	59	48	8	12	22	64	0	19619
545	2013	185	WSH	NYI	1	3	58	43	17	18	12	42	0	18506
546	2013	185	CAR	TB	0	5	75	45	24	7	8	46	0	17042
548	2013	185	NSH	CBJ	0	4	77	54	17	14	12	37	1	17113
549	2013	185	CHI	STL	0	7	58	55	21	16	26	64	0	22081
550	2013	185	VAN	EDM	1	4	51	36	24	11	16	48	1	18910
551	2013	185	PHO	DET	1	6	74	44	12	6	24	40	2	16623
552	2013	185	LA	MIN	1	3	37	40	7	17	6	63	0	18118
553	2013	186	BUF	OTT	1	6	67	41	12	9	12	41	0	18811
554	2013	186	PIT	NYR	1	3	62	50	12	5	18	66	0	18659
555	2013	186	STL	CBJ	1	4	46	50	13	10	24	39	1	19224
556	2013	186	COL	DET	0	5	66	42	21	21	14	53	1	18007
557	2013	186	ANA	DAL	0	4	53	41	11	12	30	45	0	16884
558	2013	186	SJ	CGY	1	3	65	57	18	29	10	46	1	17562
559	2013	187	WPG	PHI	1	5	56	46	10	18	20	61	0	15004
560	2013	187	NSH	CHI	0	1	50	44	17	27	8	36	0	17256
561	2013	187	LA	EDM	1	5	63	48	7	19	18	55	3	18118
563	2013	187	NJ	TOR	0	3	46	33	12	9	24	66	0	17625
564	2013	187	NYI	TB	1	6	49	36	28	27	8	43	0	16170
565	2013	187	CAR	NYR	0	5	88	50	18	7	20	50	2	17457
566	2013	187	FLA	WSH	0	7	61	45	8	4	35	67	4	16886
567	2013	187	PHO	COL	1	4	52	37	16	9	16	72	1	16648
568	2013	187	VAN	CGY	1	7	60	50	18	14	44	33	1	18910
569	2013	188	DET	STL	0	1	53	42	13	13	14	46	0	20066
570	2013	188	SJ	DAL	0	9	70	60	21	20	12	58	0	17562
571	2013	188	FLA	OTT	1	3	58	45	9	9	22	61	1	15552
572	2013	188	CBJ	MIN	0	3	48	40	12	4	14	36	2	15909
573	2013	188	WSH	TB	1	6	68	57	16	22	12	56	1	18506
574	2013	188	CHI	NSH	1	8	62	53	13	13	2	64	0	22044
575	2013	188	BUF	NJ	1	5	65	47	8	9	16	61	1	18703
576	2013	188	ANA	LA	1	7	60	55	5	16	16	71	2	17494
577	2013	189	BOS	CAR	1	8	78	68	14	13	6	35	0	17565
578	2013	189	TOR	NYR	1	7	62	53	14	28	8	74	1	19437
579	2013	189	COL	CGY	0	4	74	37	22	7	34	38	0	13444
580	2013	189	VAN	PHO	1	2	60	39	22	10	14	44	0	18910
581	2013	189	ANA	EDM	1	3	66	45	12	15	16	42	0	15148
582	2013	190	NYI	PHI	1	5	59	46	6	25	16	37	0	13888
583	2013	190	CAR	PIT	0	8	61	52	17	13	20	65	1	17168
584	2013	190	CBJ	SJ	1	4	60	55	7	5	10	43	0	17771
586	2013	190	TB	OTT	1	5	57	45	8	22	30	53	3	17323
587	2013	190	WPG	BUF	1	5	60	46	11	22	8	61	0	15004
588	2013	190	NSH	STL	0	1	41	40	19	20	2	43	0	15063
589	2013	190	MIN	CHI	0	1	51	49	16	6	10	29	0	19158
590	2013	190	DAL	LA	1	6	61	44	18	18	18	64	1	16367
591	2013	191	NJ	BOS	0	9	46	41	3	14	33	24	1	17625
592	2013	191	NYR	TOR	1	5	53	51	16	13	20	63	0	17200
593	2013	191	CGY	VAN	0	5	70	55	15	19	20	24	1	19289
594	2013	191	EDM	PHO	0	4	62	50	19	22	20	43	1	16839
595	2013	191	ANA	COL	0	5	50	52	2	8	10	51	1	14646
596	2013	192	BOS	NYI	0	3	67	37	17	16	4	33	1	17565
597	2013	192	BUF	MTL	0	6	57	40	12	12	38	55	2	19070
598	2013	192	PHI	OTT	0	4	59	38	13	9	26	50	1	19598
599	2013	192	WSH	CAR	1	4	75	55	21	21	28	51	2	18506
600	2013	192	TB	PIT	0	9	60	45	13	18	60	50	6	19204
601	2013	192	DET	SJ	0	5	59	47	11	18	16	56	2	20066
602	2013	192	WPG	FLA	1	9	62	38	15	28	22	66	1	15004
603	2013	192	MIN	STL	0	2	43	41	14	12	8	39	0	18947
604	2013	192	LA	COL	1	5	65	47	6	18	12	84	1	18118
605	2013	193	NJ	OTT	0	2	44	47	7	15	22	30	0	16099
606	2013	193	CBJ	STL	1	5	51	37	9	4	24	62	0	17007
607	2013	193	NSH	DAL	0	7	46	44	12	10	25	46	2	16818
608	2013	193	CHI	DET	1	5	57	44	23	15	14	60	1	22191
609	2013	193	CGY	PHO	1	5	56	56	13	22	6	33	1	19289
610	2013	194	BUF	PHI	1	1	50	54	6	15	20	40	0	19070
611	2013	194	COL	VAN	1	7	53	37	17	18	8	40	0	15229
612	2013	194	TOR	MTL	1	6	65	55	11	15	32	83	1	19651
613	2013	194	NYI	NYR	0	1	49	43	8	17	16	39	0	16170
614	2013	194	WSH	TB	1	11	78	55	7	10	22	60	2	18506
615	2013	194	CAR	BOS	1	6	68	52	16	11	40	47	2	18680
616	2013	194	FLA	PIT	0	4	48	40	10	2	12	65	1	18891
617	2013	194	MIN	CBJ	0	5	63	44	7	15	48	39	1	19187
618	2013	194	DAL	SJ	1	3	51	43	14	13	14	65	2	18007
619	2013	194	EDM	CGY	0	5	67	32	10	25	16	53	1	16839
620	2013	194	LA	ANA	1	3	38	32	9	29	14	68	1	18473
621	2013	195	STL	CHI	0	2	56	41	14	4	28	35	0	19385
622	2013	195	BUF	TB	1	4	55	52	10	12	8	33	1	18991
623	2013	195	NSH	DET	0	3	54	44	22	21	8	40	0	17113
624	2013	209	BOS	OTT	0	6	58	48	13	20	22	55	1	17565
625	2013	196	TOR	NJ	1	2	45	41	13	30	18	70	1	19425
627	2013	196	CHI	DAL	1	7	46	55	20	14	14	67	0	21986
628	2013	196	NSH	VAN	0	7	62	47	11	28	58	41	2	16518
629	2013	196	COL	CBJ	0	7	62	56	33	14	18	36	1	13694
630	2013	196	CGY	MIN	0	7	50	55	18	15	8	27	0	19289
631	2013	196	PHO	SJ	0	4	76	63	6	8	14	58	1	13094
632	2013	197	NYI	FLA	1	7	59	46	23	18	20	37	3	15922
633	2013	197	WSH	TOR	1	6	67	51	13	14	38	48	2	18506
635	2013	197	PHI	NYR	1	6	62	53	10	14	24	40	1	19706
636	2013	197	WPG	TB	1	7	63	54	12	24	18	65	1	15004
637	2013	197	STL	VAN	1	3	58	54	6	4	28	43	1	17709
638	2013	197	EDM	MIN	0	8	49	50	10	20	6	36	2	16839
639	2013	197	SJ	LA	1	5	78	62	20	27	20	58	1	17562
640	2013	198	PIT	MTL	1	10	64	45	4	5	44	54	2	18626
641	2013	198	BOS	BUF	0	5	75	41	14	22	16	48	2	17565
642	2013	198	CGY	DET	1	5	55	42	13	24	10	25	0	19289
643	2013	198	ANA	CBJ	0	5	56	57	5	9	18	39	1	15074
644	2013	199	TOR	NYI	0	8	59	51	22	40	38	65	3	19676
645	2013	199	NYR	FLA	1	7	65	44	12	21	20	50	2	17200
648	2013	199	PHI	NJ	0	3	54	45	17	9	26	36	0	19727
649	2013	199	WPG	CAR	1	7	58	50	11	17	14	56	1	15004
650	2013	199	STL	PHO	1	3	64	48	12	3	24	40	1	17205
651	2013	199	DAL	VAN	1	6	68	57	17	23	42	55	1	16571
652	2013	199	LA	CBJ	1	3	44	37	10	23	26	88	1	18118
653	2013	199	SJ	MIN	1	7	57	71	11	35	26	56	1	17562
654	2013	201	BOS	PIT	0	5	64	56	10	14	44	65	3	17565
655	2013	200	BUF	NYR	0	12	57	50	11	13	10	34	2	19003
656	2013	200	STL	DAL	1	3	42	45	8	4	10	29	1	19328
657	2013	200	CHI	NSH	1	9	57	53	23	20	12	48	2	22014
658	2013	200	COL	EDM	0	5	58	42	21	20	16	36	0	15890
659	2013	200	CGY	ANA	1	4	64	51	12	19	34	31	0	19289
660	2013	201	NJ	FLA	1	8	46	43	3	10	10	17	2	16018
661	2013	201	WPG	NYI	0	9	61	52	10	18	24	57	1	15004
664	2013	204	PIT	BUF	0	6	75	49	12	4	20	26	1	18630
665	2013	201	CAR	PHI	0	8	67	50	18	14	12	41	0	18112
666	2013	201	CHI	PHO	0	5	69	44	22	13	18	56	2	22272
667	2013	201	VAN	DET	1	3	48	34	19	11	28	40	1	18910
668	2013	202	BOS	FLA	1	3	67	42	11	33	8	53	0	17565
669	2013	202	TB	CAR	0	5	65	49	10	18	22	42	1	19204
670	2013	202	MIN	CGY	0	5	59	50	7	13	22	35	3	19039
671	2013	202	NYR	NJ	1	5	49	51	17	12	28	51	1	17200
672	2013	202	COL	STL	1	8	63	52	28	10	12	35	1	14606
673	2013	202	EDM	ANA	0	4	58	47	22	32	18	52	1	16839
674	2013	202	SJ	CBJ	0	7	57	41	11	23	10	54	2	17562
675	2013	202	LA	DAL	1	7	58	43	12	23	28	78	1	18118
676	2013	203	BUF	WPG	0	3	64	47	17	9	18	38	1	18654
678	2013	203	DET	PHO	1	4	57	42	7	17	22	52	3	20066
679	2013	203	EDM	ANA	0	3	52	33	13	26	12	37	1	16839
680	2013	203	VAN	CHI	1	4	57	38	10	12	18	60	1	18910
681	2013	204	NJ	MTL	1	5	45	45	11	10	14	34	3	15219
682	2013	204	WSH	WPG	1	8	68	60	9	16	28	65	1	18506
683	2013	204	CAR	NYI	1	7	71	50	18	12	4	56	0	16601
684	2013	204	PHI	BOS	1	7	70	52	11	28	22	56	0	19717
685	2013	204	FLA	NYR	1	5	54	46	12	8	20	69	1	17758
686	2013	204	STL	COL	1	4	52	45	7	4	20	38	2	15427
687	2013	204	NSH	CGY	1	7	50	46	18	23	22	40	1	17113
688	2013	204	MIN	LA	1	3	48	43	7	11	4	41	0	18825
689	2013	204	SJ	DAL	1	5	63	41	13	27	8	53	2	17562
690	2013	205	TB	TOR	1	7	54	48	14	13	8	38	0	18826
691	2013	205	DET	LA	1	4	60	45	11	15	12	47	1	20066
692	2013	205	EDM	CHI	0	5	52	39	11	26	12	39	0	16839
693	2013	205	PHO	SJ	1	3	66	40	6	6	12	37	1	12588
694	2013	206	PHI	NYI	1	3	52	47	14	19	12	55	1	19798
695	2013	206	WSH	OTT	0	3	61	51	12	13	26	54	1	18506
696	2013	206	CAR	NYR	0	7	59	53	16	11	10	61	2	17172
697	2013	206	NJ	PIT	1	5	50	40	4	6	12	21	2	16122
698	2013	206	FLA	TOR	0	4	51	43	13	5	46	76	0	16484
699	2013	206	DET	NSH	1	7	60	43	9	20	18	43	2	20066
700	2013	206	WPG	MTL	0	6	55	40	11	17	24	50	1	15004
701	2013	206	STL	CGY	1	5	39	40	13	8	48	42	1	15302
702	2013	206	DAL	CBJ	0	4	67	59	18	19	38	64	3	16918
703	2013	206	VAN	ANA	0	4	59	55	12	6	14	34	2	18910
704	2013	207	BUF	NYI	1	3	53	53	9	19	44	38	0	19070
705	2013	207	MIN	EDM	0	7	56	49	8	4	38	40	0	19090
706	2013	207	CHI	CGY	1	4	64	52	16	12	4	58	0	22048
707	2013	207	PHO	COL	0	9	65	40	12	3	34	53	4	16011
708	2013	208	TOR	MTL	0	5	45	47	8	28	58	84	1	19730
710	2013	208	PIT	CAR	1	11	65	50	7	8	14	41	2	18658
711	2013	208	WSH	BOS	1	5	71	44	13	13	18	60	3	18506
712	2013	208	TB	FLA	0	8	63	57	19	21	20	26	0	19204
713	2013	208	CBJ	NSH	1	4	67	52	13	13	8	46	1	19002
714	2013	208	NYR	NJ	1	4	41	31	12	9	20	51	0	17200
715	2013	208	COL	MIN	0	4	63	44	21	6	8	43	1	17731
716	2013	208	STL	CHI	1	4	51	47	13	8	8	28	0	19841
717	2013	208	DAL	DET	0	3	54	39	8	19	18	44	0	18532
718	2013	208	EDM	VAN	1	9	67	54	15	32	52	47	2	16839
719	2013	208	ANA	PHO	0	8	77	54	10	14	20	53	1	17442
720	2013	208	LA	SJ	1	5	52	55	3	15	2	67	0	18443