
2	2014	0	CHI	WSH	1	2	2	4	8	9	4	2	-2	22158
3	2014	0	EDM	WPG	0	-1	10	1	-5	-9	0	-4	1	16839
4	2014	1	PHI	TOR	0	-2	7	0	2	-5	-10	-12	0	19872
5	2014	1	DET	BUF	1	1	14	7	2	2	8	-8	0	20066
6	2014	1	COL	ANA	1	5	-7	-13	2	5	-6	8	2	18007
7	2014	2	BOS	TB	1	2	-8	0	2	0	4	-6	0	17565
8	2014	2	PIT	NJ	1	3	-6	10	9	0	2	5	0	18621
9	2014	2	WSH	CGY	1	1	0	13	-4	0	2	5	1	18506
10	2014	2	STL	NSH	1	2	-2	-8	-1	2	-12	6	2	18851
11	2014	2	MIN	LA	0	-1	11	7	4	6	-4	-1	0	18511
12	2014	2	DAL	FLA	0	-2	-12	0	5	3	12	14	0	16100
13	2014	2	PHO	NYR	1	3	8	6	10	5	12	-4	0	17125
14	2014	2	SJ	VAN	1	3	13	0	7	5	-2	-1	-1	17562
15	2014	3	BUF	OTT	0	-1	-11	-6	2	4	-2	7	0	19070
16	2014	3	NJ	NYI	0	-1	3	2	1	8	0	-2	0	16624
17	2014	3	CAR	DET	0	-1	-13	0	4	-4	0	6	1	18680
18	2014	3	CBJ	CGY	0	-1	2	9	-2	2	0	11	1	18151
19	2014	3	WPG	LA	1	2	-3	-15	2	4	-2	13	-1	15004
20	2014	3	COL	NSH	1	2	9	1	-5	9	-6	5	0	14494
21	2014	4	BOS	DET	1	3	11	-9	-1	-3	-4	7	2	17565
22	2014	4	TOR	OTT	1	1	6	-3	7	19	-10	-9	2	19552
24	2014	4	NYI	CBJ	0	-1	1	4	1	5	0	-5	0	16170
25	2014	4	PIT	BUF	1	3	14	-1	3	1	0	1	0	18641
26	2014	4	CHI	TB	0	-1	23	0	5	5	-8	-10	0	21563
27	2014	4	STL	FLA	1	7	15	6	6	2	4	11	1	16264
28	2014	4	DAL	WSH	1	1	-5	1	-5	2	2	-2	-1	17200
29	2014	4	MIN	ANA	0	-1	3	23	0	0	-2	3	1	18213
30	2014	4	VAN	EDM	1	4	21	-2	2	-3	-16	-16	1	18910
31	2014	4	SJ	PHO	1	3	28	-4	10	2	-6	-16	2	17562
32	2014	5	CAR	PHI	1	1	16	4	2	1	-4	-17	0	16088
33	2014	5	WPG	ANA	0	-1	-17	-5	-1	3	2	4	1	15004
34	2014	5	CGY	VAN	0	-1	8	-12	-3	0	-4	10	0	19289
35	2014	6	EDM	NJ	1	1	2	12	3	7	-2	-1	0	16839
36	2014	6	LA	NYR	0	-2	1	-4	-1	9	4	12	0	18118
37	2014	7	TOR	COL	0	-1	-5	-8	4	7	2	-11	0	19388
38	2014	7	NYI	PHO	1	5	-6	6	0	6	-6	-19	2	10288
39	2014	7	PHI	FLA	1	1	-4	-1	3	3	-3	16	0	19589
40	2014	7	PIT	CAR	1	3	3	13	3	6	-2	9	2	18451
41	2014	7	BUF	TB	0	-1	-11	-4	5	2	-2	14	1	18243
42	2014	7	NSH	MIN	1	1	-9	8	3	3	0	11	0	17196
43	2014	7	VAN	NJ	1	1	9	-7	4	-2	-2	1	0	18910
44	2014	7	SJ	NYR	1	7	27	-2	5	3	-2	-16	1	17562
45	2014	8	STL	CHI	1	1	6	3	4	3	0	2	-1	16565
46	2014	8	CGY	MTL	1	1	-10	-4	-3	6	0	8	0	19289
47	2014	8	LA	OTT	1	1	7	11	4	0	-4	-4	1	18118
48	2014	9	BOS	COL	0	-2	9	6	2	0	12	2	-1	17565
49	2014	9	BUF	CBJ	0	-3	-6	-8	6	-1	6	7	0	18210
50	2014	9	WSH	CAR	0	-1	-4	9	5	0	0	-2	-1	18506
51	2014	9	DET	PHO	0	-2	-8	-22	-3	7	0	0	0	20066
52	2014	9	TB	FLA	1	5	7	4	6	5	0	12	1	19204
53	2014	9	NSH	TOR	0	-4	10	12	-5	-3	11	-8	-2	16671
54	2014	9	MIN	WPG	1	1	15	18	2	5	-2	1	-1	17366
55	2014	9	EDM	MTL	0	-3	1	8	-2	8	-2	16	0	16839
56	2014	9	VAN	SJ	0	-3	-3	-12	-2	3	4	4	0	18910
57	2014	9	ANA	NYR	1	6	3	9	4	-5	-18	-4	0	17179
58	2014	10	PHI	PHO	0	-1	6	0	3	5	16	-5	-1	19713
59	2014	10	CAR	LA	0	-1	-9	-22	8	14	-4	-18	1	16353
60	2014	10	FLA	PIT	1	3	-9	-11	8	5	-2	4	2	18584
61	2014	10	CHI	NYI	1	1	9	4	8	2	-4	-11	0	21196
62	2014	10	WPG	DAL	0	-3	13	12	10	5	-4	16	-1	15004
63	2014	10	CGY	NJ	1	1	8	9	5	6	-4	4	2	19289
64	2014	11	TOR	EDM	1	1	-5	-4	6	3	2	-3	0	19379
65	2014	11	DET	PHI	1	3	-4	11	1	6	-6	-4	3	20066
66	2014	11	TB	PIT	0	-1	-8	-10	3	-5	10	-2	-1	18939
67	2014	11	WSH	COL	0	-4	13	6	3	1	0	-7	-1	18506
68	2014	11	CBJ	BOS	0	-2	-9	-10	0	1	0	1	1	14092
69	2014	11	CHI	BUF	1	1	11	10	14	13	-4	-11	1	21261
70	2014	11	STL	NYR	1	2	5	-1	0	-2	-4	-1	0	18130
71	2014	11	NSH	NYI	1	1	15	6	2	-1	2	-2	1	17113
72	2014	11	MIN	DAL	1	4	17	-3	12	2	-2	5	1	18278
73	2014	11	VAN	MTL	0	-3	2	-5	-2	5	0	5	-2	18910
74	2014	11	SJ	OTT	1	1	27	12	6	-2	-4	0	0	17562
75	2014	12	CAR	PHO	0	-2	2	3	2	-3	-10	-9	-1	15384
76	2014	12	FLA	LA	0	-3	-9	-5	-2	5	-2	-9	0	12810
77	2014	12	WPG	NJ	1	3	11	-1	0	0	4	13	0	15004
78	2014	12	ANA	OTT	1	3	25	7	-2	3	-10	-11	0	17177
79	2014	13	BOS	DET	0	-1	3	2	2	3	-10	6	0	17565
80	2014	13	WSH	EDM	1	2	-10	-5	-1	4	0	-1	2	18506
81	2014	13	BUF	MIN	0	-1	3	-2	6	10	-4	15	-1	18111
82	2014	14	TOR	MIN	1	3	-23	-14	-2	11	4	10	1	19283
83	2014	14	NYI	BUF	0	-1	10	1	5	7	0	-7	0	10512
84	2014	14	PHI	VAN	0	-1	-3	-15	1	1	-2	-3	0	19588
85	2014	14	PIT	EDM	1	1	6	3	1	2	0	10	1	18410
86	2014	14	CAR	CHI	0	-1	-2	15	6	10	-4	11	0	16263
87	2014	14	DET	CBJ	1	1	-5	6	5	3	-2	-5	0	20066
88	2014	14	TB	LA	1	4	-6	-6	4	-1	4	0	0	16310
89	2014	14	STL	SJ	0	-4	-12	1	1	1	5	8	-3	14503
90	2014	14	NSH	FLA	1	1	5	2	9	-1	-2	4	1	15935
91	2014	14	WPG	MTL	0	-3	11	-8	2	2	4	8	-1	15004
92	2014	14	COL	DAL	1	1	-15	7	11	-4	4	4	-1	15208
93	2014	14	PHO	OTT	0	-1	5	12	5	1	-4	6	0	10594
94	2014	15	WSH	NYR	0	-2	-14	2	4	7	-2	-14	0	18506
95	2014	15	ANA	CGY	1	1	-13	9	2	3	-9	-1	0	14051
96	2014	16	BUF	VAN	0	-3	-9	-7	-2	7	0	13	0	18374
97	2014	16	TOR	CAR	0	-1	-12	7	4	5	0	12	-1	19277
98	2014	16	NYI	EDM	1	1	11	-11	3	-4	-4	10	1	10608
99	2014	16	PHI	PIT	0	-3	-10	11	3	-1	0	-2	1	19735
102	2014	16	TB	MIN	1	2	4	5	0	9	-8	5	1	16454
103	2014	16	FLA	BOS	0	-1	-11	-10	6	4	4	-4	-1	14440
104	2014	16	CHI	STL	0	-1	1	1	8	6	8	2	-1	21169
105	2014	16	NSH	LA	0	-1	5	-1	1	11	0	6	0	16416
106	2014	16	DAL	SJ	1	1	-4	2	-3	3	4	6	0	14898
107	2014	16	COL	DET	0	-2	12	-6	-3	0	9	11	0	18101
108	2014	17	WPG	STL	1	1	-3	-5	2	3	2	7	0	15004
109	2014	17	ANA	PHO	1	1	7	-17	-1	0	2	-7	0	13206
110	2014	18	PIT	VAN	1	1	-11	4	-4	3	-4	7	1	18657
112	2014	18	BUF	COL	0	-2	4	-1	3	-1	-10	11	-1	18422
114	2014	18	TB	BOS	0	-5	1	3	4	-1	0	12	0	18512
115	2014	18	FLA	MIN	1	1	-9	8	6	-1	0	6	0	13081
116	2014	18	NJ	NYR	1	4	-3	0	9	6	-2	1	1	16592
117	2014	18	NYI	CAR	0	-1	2	-3	0	6	-4	6	1	13008
118	2014	18	WSH	CBJ	1	3	1	-9	5	-2	-2	1	2	18506
119	2014	18	CHI	TOR	1	2	20	2	-3	2	4	-6	0	21801
120	2014	18	PHO	DET	1	3	0	9	3	-1	0	12	0	14624
121	2014	18	SJ	CGY	1	3	17	6	7	0	-6	-4	2	17562
122	2014	18	LA	DAL	1	3	5	3	4	-3	4	21	1	18118
123	2014	19	CBJ	VAN	1	2	-9	-6	5	2	-2	13	-1	14168
124	2014	19	WPG	NSH	0	-2	13	-8	-2	6	0	10	0	15004
125	2014	19	ANA	DAL	1	3	11	-2	6	-4	-12	-3	1	14531
126	2014	20	DET	SJ	0	-1	-3	-7	8	4	2	15	0	20066
127	2014	20	PIT	COL	0	-1	20	7	1	5	-6	-12	0	18606
128	2014	20	LA	CGY	0	-1	4	16	-1	9	6	10	-2	18118
129	2014	21	TOR	ANA	1	2	-2	-14	6	4	2	19	1	19408
130	2014	21	NYI	VAN	0	-1	-1	-5	-3	9	-4	14	2	11922
131	2014	21	CBJ	NJ	1	3	-1	5	4	2	2	13	0	14357
133	2014	21	FLA	CHI	0	-1	-7	-2	11	7	2	15	-1	15779
134	2014	21	MIN	NSH	1	2	13	-5	6	3	0	1	0	17651
135	2014	21	WPG	WSH	0	-1	15	8	8	1	4	3	-1	15004
136	2014	21	PHO	CGY	1	2	9	10	5	5	0	3	1	10141
137	2014	22	DET	OTT	0	-5	4	5	5	7	0	2	-1	20066
138	2014	22	BUF	BOS	0	-3	-18	1	7	2	-2	18	0	17645
139	2014	23	BOS	SJ	1	1	-22	6	4	3	0	13	0	17565
140	2014	23	NJ	VAN	0	-1	9	-4	0	6	-2	4	1	13203
141	2014	23	PHI	NYR	1	1	-4	0	-3	9	-27	-2	0	19768
143	2014	23	TB	CHI	1	1	-18	0	-5	3	2	8	1	18820
144	2014	23	NSH	WPG	1	1	-3	19	-6	8	4	-1	1	16075
145	2014	23	MIN	CAR	1	2	-1	6	1	4	0	-13	1	17668
146	2014	23	DAL	CGY	1	4	5	4	-4	4	-2	-3	0	13122
147	2014	23	EDM	WSH	0	-3	5	14	4	2	-4	-4	0	16839
148	2014	23	LA	PHO	1	3	10	8	-6	0	-2	-9	0	18118
149	2014	24	PIT	NYI	0	-1	17	12	-6	2	-8	3	-1	18664
150	2014	24	CBJ	TOR	1	3	11	16	3	5	-6	0	1	13930
152	2014	24	FLA	BUF	0	-2	24	4	-1	7	-2	-28	0	12984
153	2014	24	STL	VAN	0	-1	3	9	1	2	2	1	0	17604
154	2014	24	COL	CAR	1	2	4	1	1	9	0	-6	1	16177
155	2014	25	BOS	NJ	0	-1	-4	8	-1	-2	10	11	-3	17565
156	2014	25	TOR	PIT	1	3	-8	4	4	-1	0	20	0	19539
158	2014	25	DET	NYR	0	-1	-6	9	0	9	-2	1	0	20066
159	2014	25	TB	BUF	1	1	17	2	3	8	-6	-7	1	18088
160	2014	25	NYI	PHI	0	-3	-4	-3	2	3	0	0	-1	13620
161	2014	25	DAL	WPG	0	-1	-2	9	-7	6	-2	2	0	13875
162	2014	25	CHI	MIN	0	-2	11	-3	3	-1	-4	19	0	21521
163	2014	25	NSH	STL	0	-5	-7	10	3	5	-6	2	-2	16681
164	2014	25	PHO	EDM	1	1	-2	2	1	-2	-6	-2	2	11684
165	2014	25	CGY	WSH	1	3	4	5	5	-2	2	-3	0	19289
167	2014	26	FLA	TB	0	-1	4	1	0	4	-24	-2	-1	12336
168	2014	26	CBJ	ANA	0	-1	-11	7	0	-2	19	9	-1	10542
169	2014	26	COL	WPG	1	1	11	7	-2	1	8	2	0	13927
170	2014	26	LA	EDM	1	1	30	1	5	3	2	3	-1	18118
171	2014	27	BUF	DAL	0	-1	-4	-10	5	0	0	10	0	18295
172	2014	27	CAR	PIT	0	-2	-8	-10	6	3	-4	2	1	15042
173	2014	27	NYR	MTL	0	-2	0	-4	3	6	2	8	-1	18006
174	2014	27	MIN	CHI	0	-4	2	10	4	-3	0	-4	-1	18685
175	2014	27	VAN	WSH	1	1	22	12	4	6	-4	-3	0	18910
176	2014	28	NYI	NYR	0	-1	0	-5	4	9	2	-6	-2	16170
177	2014	28	PHI	ANA	0	-1	-9	-4	-2	10	0	12	1	19615
179	2014	28	NJ	TB	1	1	5	0	0	-8	4	9	-1	13501
180	2014	28	CHI	OTT	1	1	3	-8	5	4	-2	-10	0	21123
181	2014	28	STL	WPG	1	1	10	6	1	0	-2	-5	0	15287
182	2014	28	EDM	TOR	0	-4	17	13	1	4	0	-4	0	16839
183	2014	28	PHO	LA	1	2	-9	-15	6	4	-4	7	0	10452
184	2014	29	PIT	BOS	1	1	8	-7	7	3	-2	9	1	18627
185	2014	29	CGY	TOR	0	-2	21	-10	2	-3	2	-2	0	19289
186	2014	29	VAN	DET	0	-1	-7	-6	1	9	-2	-5	0	18910
187	2014	29	LA	SJ	1	1	3	11	2	3	0	25	1	18118
188	2014	30	BOS	ANA	1	1	0	0	0	-1	4	14	1	17565
189	2014	30	NYR	BUF	1	2	17	-1	4	2	-4	-4	1	18006
190	2014	30	PHO	NSH	1	1	-15	9	3	3	0	4	0	7401
191	2014	31	PHI	WSH	0	-7	-2	-5	-6	0	34	13	-2	19702
192	2014	31	PIT	CBJ	1	2	-12	3	2	1	0	-9	2	18620
193	2014	31	CAR	TB	0	-3	-1	9	5	4	-2	0	0	14828
195	2014	31	FLA	STL	0	-4	8	5	1	-1	4	-7	-1	12922
196	2014	31	MIN	MTL	1	1	-6	1	-1	2	2	-5	-1	18207
197	2014	31	DAL	COL	0	-1	0	-10	5	1	4	-7	0	15223
198	2014	31	CGY	DET	0	-1	3	-9	4	7	-2	1	0	19289
199	2014	32	WPG	CHI	0	-4	2	2	4	2	2	19	0	15004
200	2014	32	LA	NSH	0	-1	21	0	-1	7	-10	-3	-1	18118
201	2014	32	BUF	ANA	0	-3	-12	0	-2	-2	2	-3	1	19070
202	2014	32	TB	STL	1	2	-5	1	3	3	2	9	0	18885
203	2014	32	NJ	PHI	0	-1	-7	-10	-2	5	0	2	0	13705
204	2014	32	NYI	BOS	1	2	7	-6	7	-8	0	7	-1	14018
205	2014	32	NYR	CAR	1	4	10	-4	5	5	-2	5	0	18006
206	2014	32	WSH	FLA	1	1	-10	8	10	6	-4	8	-1	18506
207	2014	32	CBJ	PIT	0	-3	-8	-5	11	3	4	10	0	18634
208	2014	32	VAN	TOR	1	4	26	11	0	5	-10	-20	1	18910
209	2014	32	COL	MTL	1	3	1	-6	3	7	2	2	-1	18152
210	2014	32	EDM	DET	0	-5	-17	-18	-3	4	4	13	-1	16839
211	2014	32	SJ	PHO	0	-1	20	-6	7	9	-2	-9	1	17562
213	2014	33	CHI	CGY	0	-1	14	14	2	-3	-6	5	1	21229
214	2014	33	MIN	NJ	1	4	1	24	0	2	0	12	1	17571
215	2014	34	NYR	ANA	0	-1	8	10	4	0	-4	9	0	18006
216	2014	34	WPG	DET	1	2	19	7	10	3	-4	4	0	15004
217	2014	35	BOS	DAL	0	-1	0	1	0	-4	-2	6	0	17565
218	2014	35	WSH	NYI	1	4	3	-10	2	7	-12	1	4	18506
219	2014	35	CBJ	OTT	0	-3	9	-6	0	1	0	2	1	13122
221	2014	35	FLA	EDM	0	-1	-4	5	0	5	4	1	-1	12035
222	2014	35	CAR	PHI	1	1	9	10	14	0	0	0	-1	15519
223	2014	35	MIN	CGY	1	4	-1	7	5	-3	-8	-4	1	17708
224	2014	35	PHO	VAN	1	1	-1	-5	4	1	-2	19	-1	13459
225	2014	35	SJ	BUF	0	-1	15	16	8	8	-2	4	-1	17562
226	2014	36	NYR	PIT	1	4	-4	-1	7	-2	2	7	-1	18006
227	2014	36	CHI	WPG	1	3	3	7	9	0	0	-18	0	21122
228	2014	36	COL	NSH	0	-2	3	-12	2	4	12	13	-2	14043
229	2014	36	ANA	PHO	1	3	3	-2	4	-3	0	-1	1	14045
230	2014	37	BOS	FLA	1	3	6	12	1	-1	6	8	0	17565
232	2014	37	PHI	NJ	0	-3	-3	5	2	4	0	8	0	19604
233	2014	37	WSH	MIN	1	1	-8	-4	-4	8	0	9	0	18506
234	2014	37	CAR	NYI	1	1	3	4	7	-2	2	8	0	11541
235	2014	37	CBJ	NYR	0	-2	0	2	2	3	2	11	-1	11746
236	2014	37	DET	DAL	0	-1	1	13	4	3	4	9	-1	20066
237	2014	37	TB	EDM	1	2	-14	-4	6	4	0	4	-1	18695
238	2014	37	STL	CGY	1	1	7	-5	3	0	6	-7	1	14877
239	2014	37	LA	BUF	1	2	9	-3	3	8	-2	6	2	18118
240	2014	37	SJ	VAN	0	-2	-10	1	2	12	0	-4	0	17562
241	2014	38	TOR	NJ	1	1	-7	10	-6	6	-6	12	0	19377
242	2014	38	WPG	NSH	1	5	-9	-2	4	8	2	-3	0	15004
243	2014	38	COL	CGY	1	2	-5	-4	0	-1	-2	9	1	17620
244	2014	38	ANA	BUF	1	4	19	-3	4	8	0	-19	2	15577
245	2014	39	PHI	EDM	1	2	8	-5	8	-5	-4	4	-1	19725
247	2014	39	BOS	TOR	1	2	0	4	3	-4	0	-6	2	17565
248	2014	39	DET	TB	0	-1	-7	-2	-2	6	0	1	0	20066
249	2014	39	CAR	MIN	0	-1	-1	11	2	4	2	11	0	14704
250	2014	39	CBJ	NYI	1	3	3	10	2	2	-6	10	2	13949
251	2014	39	STL	PIT	1	1	12	-1	9	-1	-2	-8	-1	18685
252	2014	39	DAL	CHI	0	-3	2	1	1	13	-8	7	-1	17167
253	2014	39	PHO	WSH	1	1	3	0	1	5	4	8	0	16106
254	2014	39	LA	VAN	1	4	6	3	1	5	-4	1	0	18118
256	2014	40	NJ	NSH	1	5	8	6	2	1	4	-8	1	12964
257	2014	40	NYR	FLA	1	1	2	12	5	-5	0	8	0	18006
258	2014	40	CHI	EDM	1	1	13	22	-2	-7	-6	-18	-1	21185
259	2014	40	WPG	SJ	1	1	12	-18	1	5	6	8	-2	15004
260	2014	40	COL	WSH	1	3	3	-8	2	9	0	7	0	17625
261	2014	40	ANA	VAN	1	2	-13	0	2	4	0	9	0	17174
262	2014	41	BOS	TB	1	3	-2	2	2	-3	6	6	0	17565
263	2014	42	BUF	LA	1	1	-28	-5	2	2	6	13	1	18281
264	2014	42	NYI	NSH	1	2	0	-13	2	6	-6	-5	1	12108
265	2014	42	NYR	NJ	0	-1	7	-5	3	7	-4	10	0	18006
266	2014	42	WSH	CBJ	1	1	7	-12	-1	3	2	-4	0	18506
267	2014	42	CAR	COL	1	1	-6	9	15	1	2	-15	-1	13278
270	2014	42	DET	WPG	0	-1	22	3	2	3	-2	3	2	20066
271	2014	42	FLA	ANA	1	1	-9	9	3	-2	-4	-3	0	13354
272	2014	42	STL	PHO	0	-1	20	-7	5	3	0	6	0	15678
273	2014	42	CGY	SJ	0	-1	-22	-11	-2	7	0	15	0	19289
274	2014	43	MIN	TOR	1	1	11	-4	3	-3	-12	-20	-1	17897
275	2014	43	PIT	PHI	0	-1	10	-8	-2	9	-4	-7	0	18656
276	2014	43	EDM	DAL	0	-3	-4	-5	-1	5	2	6	0	16839
277	2014	44	BOS	CBJ	1	1	-3	0	-1	0	6	2	0	17565
278	2014	44	NYI	LA	0	-1	1	-1	7	-9	-2	1	-1	13922
279	2014	44	TB	ANA	1	4	-5	13	-3	0	0	-8	2	17763
280	2014	44	CHI	PHO	1	1	22	8	3	3	0	-17	0	21762
281	2014	44	STL	COL	1	4	5	3	2	6	-30	-4	2	14190
282	2014	44	CGY	DAL	0	-4	-4	3	4	5	2	13	0	19289
283	2014	44	VAN	SJ	0	-1	5	2	2	-1	4	4	0	18910
284	2014	45	BUF	TOR	1	2	-6	6	1	7	0	6	1	19070
285	2014	45	NJ	LA	0	-2	5	-1	6	10	0	-17	-1	12168
286	2014	45	PIT	NSH	1	3	15	5	1	7	-2	-3	1	18606
287	2014	45	CAR	ANA	1	1	-7	8	5	1	0	8	0	14802
288	2014	45	CBJ	MTL	0	-1	-15	1	6	1	2	6	-1	11562
290	2014	45	DET	WSH	0	-1	4	-1	3	5	-2	-3	2	20066
291	2014	45	MIN	FLA	1	1	-4	5	0	4	0	-1	1	18102
292	2014	45	WPG	PHI	1	1	4	7	5	1	-2	-5	1	15004
293	2014	45	EDM	SJ	0	-2	-6	-5	2	13	4	11	0	16839
294	2014	46	TOR	BUF	1	2	-13	11	2	3	12	3	1	19447
296	2014	46	NJ	PIT	1	3	-6	-5	5	-3	2	-1	0	14205
297	2014	46	NYI	DET	1	1	18	3	0	0	-10	-4	0	15619
298	2014	46	STL	CAR	1	2	12	-2	3	7	0	9	1	17936
299	2014	46	NSH	CHI	1	5	-11	16	0	2	-2	8	2	17113
300	2014	46	PHO	TB	1	3	0	1	6	-3	-2	5	2	12562
301	2014	46	COL	FLA	0	-3	0	2	-1	3	8	21	-1	17321
302	2014	46	CGY	EDM	0	-2	12	12	5	1	-2	12	0	19289
304	2014	47	WSH	STL	1	3	-27	0	3	5	2	-8	0	18506
305	2014	47	NYR	LA	0	-1	7	-13	4	7	-6	1	0	18006
306	2014	47	CHI	SJ	1	4	3	4	5	1	0	-4	0	21434
307	2014	47	MIN	WPG	1	1	2	13	6	3	0	3	0	18283
308	2014	47	VAN	DAL	0	-1	20	-8	1	-3	-4	1	1	18910
309	2014	48	CAR	BOS	0	-3	-6	6	2	7	-4	11	-1	13919
310	2014	48	PIT	ANA	1	2	-1	5	-2	4	-4	0	0	18614
311	2014	48	WPG	CGY	0	-1	14	17	0	5	14	10	0	15004
312	2014	49	BUF	STL	0	-3	-7	5	5	6	2	16	-1	17710
313	2014	49	TOR	NYI	1	3	-13	7	1	11	0	5	1	19446
314	2014	49	PHI	OTT	1	3	8	1	1	0	4	-4	-1	19724
316	2014	49	DET	NSH	0	-2	2	-5	-2	6	8	5	-1	20066
317	2014	49	NYR	BOS	0	-1	22	-5	6	0	0	-5	1	18006
318	2014	49	COL	CHI	1	4	-14	-6	8	-1	0	16	0	17348
319	2014	49	EDM	CBJ	1	7	18	-2	-1	11	-6	-26	3	16839
320	2014	49	VAN	FLA	0	-1	-7	-2	4	0	2	0	-1	18910
321	2014	49	LA	TB	1	3	10	16	3	-12	-2	15	0	18118
323	2014	50	WSH	PIT	0	-4	-22	-1	0	-5	-2	2	-1	18506
324	2014	50	CGY	CBJ	0	-1	6	2	-4	-6	4	-6	0	19289
325	2014	50	ANA	NJ	0	-1	0	8	2	-1	-2	9	0	14306
326	2014	51	BOS	STL	0	-1	5	4	7	0	0	1	0	17565
327	2014	51	TOR	NSH	0	-2	-2	-6	-5	5	4	9	-2	19256
328	2014	51	PHI	BUF	1	3	16	-5	2	0	8	-3	0	19973
329	2014	51	DET	CAR	1	1	20	-2	6	3	0	-2	1	20066
330	2014	51	WPG	CHI	0	-3	-8	-17	-2	-2	-2	12	1	15004
331	2014	51	DAL	NYR	0	-1	16	8	-4	6	-6	-6	0	15127
332	2014	51	PHO	COL	0	-1	14	6	4	5	4	4	-1	12285
333	2014	51	EDM	FLA	1	3	10	7	7	9	-2	5	2	16839
334	2014	51	LA	NJ	0	-1	20	4	-1	6	-4	4	0	18118
335	2014	51	SJ	TB	1	4	-1	16	-2	3	-2	-12	0	17562
336	2014	52	PIT	NYI	1	1	-1	4	3	4	4	-1	2	18515
337	2014	52	WSH	MTL	0	-1	-4	7	6	8	6	6	0	18506
338	2014	52	CGY	FLA	1	1	-2	-4	7	3	4	3	1	19289
339	2014	52	VAN	CBJ	1	4	19	2	-4	8	2	-12	0	18910
340	2014	52	ANA	TB	1	1	11	3	3	4	6	-2	0	16648
341	2014	53	BOS	CAR	1	1	14	13	-8	1	-4	8	0	17565
342	2014	53	WPG	MIN	0	-1	4	3	1	-2	0	16	0	15004
343	2014	53	TOR	WSH	1	1	-22	9	4	1	4	-3	1	19473
345	2014	53	DET	OTT	0	-2	7	-3	0	0	0	-12	0	20066
346	2014	53	PHI	NYI	1	3	-8	0	6	0	0	-9	1	19829
347	2014	53	STL	DAL	1	5	-10	-2	2	-2	0	3	1	18037
348	2014	53	NSH	NYR	0	-2	-17	11	6	8	2	2	0	17127
349	2014	53	PHO	ANA	0	-2	17	-2	-1	4	0	10	-2	13490
350	2014	53	VAN	CHI	0	-1	8	-4	-1	-1	-2	3	1	18910
351	2014	53	LA	COL	0	-1	-14	-1	-1	8	-2	6	0	18118
352	2014	53	SJ	NJ	1	1	11	-2	-5	10	-2	-1	-1	17562
353	2014	54	BUF	DET	0	-2	-12	1	5	4	2	4	-1	18721
354	2014	54	CAR	OTT	1	3	1	4	11	5	-4	-5	1	13657
355	2014	55	BOS	PIT	1	1	-7	6	10	-7	0	-7	1	17565
356	2014	55	TOR	CBJ	0	-6	-4	-7	0	8	6	-6	-2	19241
357	2014	55	NJ	WPG	0	-2	4	-11	1	4	0	5	0	12253
358	2014	55	TB	NYR	1	5	-12	6	0	3	6	4	0	19204
359	2014	55	FLA	PHI	1	2	-8	1	2	-1	14	-4	0	14299
360	2014	55	STL	MIN	1	3	-1	19	1	4	0	-4	0	15832
361	2014	55	NSH	PHO	1	2	-2	8	7	5	2	5	0	15728
362	2014	55	EDM	CHI	0	-4	-2	0	2	5	2	11	-1	16839
363	2014	55	VAN	LA	0	-1	17	1	5	7	0	-10	1	18910
364	2014	56	DAL	ANA	1	3	2	13	0	6	-2	0	-1	15792
365	2014	57	BUF	MTL	0	-2	-6	-2	0	1	4	10	-2	18497
366	2014	57	NJ	CAR	0	-1	0	4	-5	2	0	3	0	16592
367	2014	57	NYI	WPG	0	-1	1	-5	-1	11	-4	-1	1	12008
368	2014	57	WSH	OTT	0	-2	-8	-5	5	9	12	-2	-1	18506
369	2014	57	CBJ	NSH	0	-4	-10	-3	0	-2	2	13	-1	11893
370	2014	57	DET	BOS	1	5	11	-8	5	-2	-2	-9	1	20066
371	2014	57	TB	PHI	1	2	14	5	0	0	-14	-11	0	18427
372	2014	57	FLA	NYR	0	-3	11	11	3	3	2	2	-2	17268
373	2014	57	PIT	TOR	1	1	24	6	3	6	-4	-11	2	18660
374	2014	57	MIN	PHO	0	-2	3	10	0	3	0	3	-1	18265
375	2014	57	COL	STL	0	-3	-9	3	-8	6	-6	12	-1	17595
376	2014	57	CGY	CHI	0	-1	-8	13	7	0	2	21	0	19289
377	2014	57	SJ	LA	1	1	0	-2	0	-1	2	10	0	17562
379	2014	58	NSH	EDM	0	-3	5	3	0	4	2	16	0	16279
380	2014	59	BOS	NYR	1	1	9	7	-6	-2	4	-7	0	17565
381	2014	59	TB	PIT	0	-3	-8	-1	5	0	-10	-1	-1	19065
382	2014	59	NYI	DET	0	-5	-1	-4	8	1	2	22	0	14826
383	2014	59	PHI	WPG	1	1	8	10	3	-5	4	-2	0	19937
384	2014	59	ANA	CGY	1	3	21	9	1	3	-8	0	1	17174
385	2014	59	SJ	STL	1	3	8	-3	2	5	-10	-4	1	17562
386	2014	59	WSH	MTL	1	1	-11	3	-4	-1	-4	13	0	18506
387	2014	59	MIN	COL	0	-2	7	-4	3	5	-13	6	0	19081
388	2014	59	BUF	TOR	1	1	5	1	2	6	-6	-12	1	19070
389	2014	59	CAR	NJ	0	-3	-13	0	0	6	0	14	-1	15034
390	2014	59	CBJ	EDM	1	2	1	4	5	1	4	14	1	14360
391	2014	59	DAL	CHI	0	-1	3	7	4	4	0	14	0	18532
392	2014	60	NYR	VAN	1	3	-13	-7	3	5	0	9	1	18006
393	2014	60	BOS	CBJ	1	2	22	6	-1	8	-16	-7	0	17565
395	2014	60	FLA	PIT	0	-4	18	-5	0	3	-4	16	0	17583
396	2014	60	NJ	BUF	1	1	9	-7	-4	2	2	-2	0	15226
397	2014	60	NYI	WSH	0	-1	9	5	1	8	-2	8	0	14819
398	2014	60	NSH	PHI	0	-1	12	2	5	7	-2	-5	0	17136
399	2014	60	PHO	CHI	0	-3	-2	-2	0	3	-4	7	0	17321
400	2014	60	COL	MIN	1	1	-12	7	0	0	0	7	0	17857
401	2014	60	LA	CGY	0	-1	2	-13	1	15	-9	7	0	18118
402	2014	60	SJ	ANA	1	1	4	13	-4	-4	-4	4	0	17562
403	2014	61	CAR	VAN	0	-1	1	6	-2	4	-6	9	-1	14916
405	2014	61	DAL	EDM	0	-1	13	-3	7	9	0	7	0	12673
406	2014	62	NYR	WPG	0	-3	7	11	4	-2	0	-5	0	18006
408	2014	62	MIN	PHI	1	2	0	-9	4	8	0	-4	0	17676
409	2014	62	LA	STL	1	1	-4	11	3	11	2	21	0	18118
410	2014	63	TOR	SJ	0	-2	-11	-1	-6	10	2	37	1	19360
411	2014	63	NYI	PIT	0	-1	-11	3	6	-5	6	-6	-2	13915
412	2014	63	WSH	CAR	0	-3	-5	-9	7	2	-2	-2	0	18506
413	2014	63	CBJ	TB	1	1	-5	-2	1	-1	4	21	0	10223
414	2014	63	FLA	OTT	0	-2	-13	-13	-2	-1	8	-9	1	10074
415	2014	63	CHI	DAL	0	-1	32	3	4	1	-6	-9	0	21411
416	2014	63	NSH	VAN	0	-2	-2	-4	2	2	4	7	-1	15330
417	2014	63	EDM	PHO	0	-4	0	-3	3	0	-4	4	0	16839
418	2014	63	ANA	LA	0	-1	-23	2	5	-1	-2	5	1	17294
419	2014	64	NJ	MTL	0	-1	4	-4	-2	-2	2	2	0	12742
420	2014	64	DET	PHI	0	-3	1	7	2	2	-10	-5	-2	20066
421	2014	64	CGY	PHO	1	3	-12	-11	4	11	4	2	1	19289
422	2014	65	BUF	NYR	0	-2	-3	-15	-3	4	0	9	-1	18088
423	2014	65	TOR	DAL	1	1	-26	-18	8	9	4	-4	0	19164
424	2014	65	PIT	SJ	1	4	-15	3	6	4	2	1	1	18522
426	2014	65	TB	OTT	1	2	-12	-8	-1	7	2	9	-1	16562
427	2014	65	FLA	WPG	1	3	-5	4	2	4	-2	-27	0	10966
428	2014	65	STL	NYI	1	4	3	1	3	-1	-16	7	2	14152
429	2014	65	NSH	CAR	0	-3	-1	5	5	-4	2	8	-1	15768
430	2014	65	MIN	CHI	1	1	4	-1	3	-2	-2	10	1	18852
431	2014	65	EDM	COL	1	6	-7	-8	6	7	-2	3	3	16839
432	2014	66	NJ	DET	0	-2	-10	4	0	10	2	2	0	13223
433	2014	66	CAR	SJ	1	2	10	-3	-1	2	2	1	0	14553
434	2014	66	CBJ	MIN	1	4	21	4	-3	4	0	8	1	11319
435	2014	66	CHI	ANA	0	-1	-1	-1	7	-2	-14	-14	0	21586
436	2014	66	CGY	COL	0	-1	3	5	-6	4	0	10	1	19289
437	2014	66	VAN	PHO	1	1	-7	-9	8	-2	0	-5	1	18910
438	2014	67	BOS	PIT	1	1	-9	10	-3	-6	10	-5	-2	17565
441	2014	67	DET	FLA	0	-1	-14	10	5	13	-2	2	0	20066
442	2014	67	TB	WPG	0	-1	-7	-10	2	1	4	3	0	18354
443	2014	67	WSH	NSH	1	3	-3	0	6	-2	-6	-11	1	18506
444	2014	67	NYR	NJ	0	-1	0	3	1	5	-2	7	0	18006
445	2014	67	STL	ANA	0	-3	5	5	0	4	-6	7	-1	17646
446	2014	67	DAL	PHI	1	4	6	1	3	6	-25	-3	0	8567
447	2014	67	EDM	CGY	0	-1	4	5	4	10	-8	-7	0	16839
448	2014	67	LA	NYI	1	3	8	7	-2	17	-2	6	0	18118
449	2014	68	MIN	SJ	1	2	-25	1	2	0	4	1	0	18411
450	2014	68	TOR	BOS	0	-3	-7	3	-2	3	-2	7	-2	19165
451	2014	68	NYR	WSH	0	-3	-5	1	6	11	0	-1	0	18006
452	2014	68	CHI	FLA	1	4	-3	0	4	3	2	-14	3	21119
453	2014	68	VAN	COL	1	2	-8	2	2	5	-4	3	0	18910
455	2014	69	PIT	CBJ	1	1	-3	-11	-6	2	-12	-6	0	18520
456	2014	69	VAN	CAR	1	2	-5	1	0	5	0	1	0	18910
457	2014	69	ANA	NYI	1	3	-6	0	-1	9	-8	6	0	14830
458	2014	70	BUF	OTT	1	1	0	0	6	-1	0	5	0	18594
459	2014	70	WSH	TB	1	1	-11	8	-6	-1	11	-1	1	18506
460	2014	70	CBJ	NJ	1	1	-11	3	0	-1	2	13	0	11905
462	2014	70	FLA	DET	1	1	1	-1	7	-1	2	11	-1	13358
463	2014	70	NYR	NSH	0	-3	3	-6	3	11	0	-6	0	18006
464	2014	70	WPG	STL	0	-1	1	-8	-3	8	-2	12	0	15004
465	2014	70	DAL	CHI	0	-4	-4	-4	4	10	2	25	-1	12542
466	2014	70	COL	PHO	0	-2	5	-9	-5	4	0	0	-1	14110
467	2014	70	CGY	BOS	0	-1	3	-9	6	7	4	12	-1	19289
468	2014	70	EDM	CAR	1	1	1	-1	-2	14	-17	-8	0	16839
469	2014	70	SJ	NYI	0	-1	20	7	8	4	-6	-21	1	17562
470	2014	71	TOR	LA	0	-2	16	0	5	7	-2	-18	0	19375
471	2014	71	CHI	PHI	1	5	-7	8	4	8	-4	-27	0	21144
472	2014	71	ANA	MIN	1	1	7	3	1	1	-2	2	-1	15252
473	2014	72	NYR	CBJ	0	-2	7	12	0	-1	-4	1	0	18006
474	2014	72	PHI	MTL	1	1	6	-9	0	-1	-19	-2	0	19748
476	2014	72	TB	DET	1	1	-2	-6	4	2	0	6	0	19204
477	2014	72	STL	TOR	1	3	14	13	8	3	0	-7	0	16073
478	2014	72	NSH	DAL	1	2	-4	0	7	-1	0	11	2	16347
479	2014	72	WPG	COL	0	-1	12	-10	4	-5	-6	-3	2	15004
480	2014	72	CGY	CAR	1	1	0	5	8	5	2	3	0	19289
481	2014	72	PHO	NYI	1	3	13	-14	1	-1	-12	-11	1	10996
482	2014	72	EDM	BOS	0	-2	10	2	4	9	-4	14	0	16839
483	2014	72	SJ	MIN	1	2	9	6	-2	-1	-8	-8	3	17562
484	2014	73	PIT	NJ	1	1	-16	-9	-3	2	2	2	0	18582
485	2014	73	FLA	WSH	1	1	16	-2	4	0	-4	-4	-1	15097
486	2014	73	VAN	EDM	1	4	21	8	9	3	0	2	2	18910
487	2014	74	BUF	CGY	0	-1	1	4	3	4	0	-7	0	18368
489	2014	74	WPG	DAL	0	-2	6	-6	7	-4	11	23	-1	15004
490	2014	74	TOR	CHI	1	4	4	-2	0	-6	-4	15	1	19603
491	2014	74	DET	PIT	0	-3	4	-1	-3	-1	-10	-4	-2	20066
492	2014	74	NJ	TB	1	3	-14	4	4	0	2	3	0	13832
493	2014	74	NYI	MTL	0	-1	-4	-5	7	-1	-2	14	0	14408
494	2014	74	CBJ	STL	0	-1	2	1	-1	0	-8	4	0	13801
495	2014	74	NSH	SJ	1	1	-15	3	1	-1	0	16	1	16243
496	2014	74	PHO	CAR	0	-2	5	6	1	3	14	1	0	11697
497	2014	74	COL	MIN	0	-1	0	-4	0	1	-2	-2	0	16188
498	2014	74	VAN	BOS	1	4	-11	5	-4	3	2	-6	1	18910
499	2014	75	WSH	PHI	1	1	5	9	6	-4	-2	8	1	18506
500	2014	75	DET	TB	0	-3	2	-4	7	-2	-2	5	0	20066
502	2014	75	NYR	CGY	1	1	11	11	-3	8	2	-7	-1	18006
503	2014	75	CHI	LA	1	2	18	-3	8	5	0	-13	1	21426
504	2014	75	ANA	EDM	1	1	9	-5	1	3	-13	-3	0	16301
505	2014	76	PIT	TOR	1	2	5	11	3	10	8	11	-1	18573
506	2014	76	CBJ	WPG	0	-1	-8	-2	-1	7	4	15	-1	11448
508	2014	76	COL	DAL	1	4	15	3	4	0	0	1	0	13915
509	2014	77	BOS	CGY	1	2	10	9	1	-2	0	-9	2	17565
510	2014	77	BUF	WPG	1	2	4	11	-1	3	-8	-1	1	17795
511	2014	77	TOR	FLA	0	-2	6	-5	-1	-2	0	12	0	19076
512	2014	77	NYI	TB	0	-1	-2	7	14	5	-2	4	1	13618
514	2014	77	DET	ANA	0	-3	-12	9	2	5	15	13	0	20066
515	2014	77	PHI	WSH	1	3	9	-2	-1	7	-17	1	1	19788
516	2014	77	STL	SJ	0	-2	-5	0	5	-1	0	10	0	16323
517	2014	77	NSH	CHI	0	-2	1	15	-2	7	-8	14	-1	16219
518	2014	77	MIN	VAN	1	1	1	1	0	4	0	1	1	18531
519	2014	77	DAL	COL	1	1	1	4	13	8	2	7	0	15143
520	2014	77	LA	EDM	1	3	16	0	0	10	0	5	0	18118
521	2014	78	NJ	OTT	1	3	8	-9	0	-3	-4	-5	-1	14032
522	2014	78	NYR	PIT	0	-1	0	1	5	3	-4	5	0	18006
523	2014	79	BUF	BOS	1	2	-13	2	6	3	-4	3	0	18217
524	2014	79	TOR	PHO	1	1	-8	-9	1	9	-2	19	0	19254
525	2014	79	PHI	CBJ	1	1	10	4	-2	-3	-4	-13	0	19852
526	2014	79	PIT	MIN	1	3	10	-9	0	1	2	-5	1	18623
528	2014	79	DET	CGY	1	1	16	4	1	4	2	6	0	20066
529	2014	79	TB	NSH	1	2	3	-1	0	1	0	-2	0	17254
530	2014	79	STL	MTL	1	4	3	3	6	0	-4	-14	0	17189
531	2014	79	DAL	VAN	1	3	-2	-5	5	1	-12	-5	0	15644
532	2014	79	COL	EDM	1	2	10	-1	3	4	-15	1	1	13135
533	2014	79	LA	SJ	1	3	0	-3	1	4	17	-2	0	18118
534	2014	80	NJ	ANA	0	-1	-3	-13	7	2	0	-2	1	15723
535	2014	80	NYR	NYI	0	-2	4	-9	3	11	-6	-5	1	18006
536	2014	80	CAR	WSH	0	-2	12	9	5	10	-2	11	-2	17737
537	2014	80	CHI	VAN	0	-1	2	-3	5	2	-2	-13	0	21966
538	2014	80	WPG	FLA	1	3	9	10	-1	5	0	8	2	15004
540	2014	81	LA	COL	1	1	14	13	-2	9	4	7	-2	18118
541	2014	81	BOS	BUF	1	3	4	14	-1	-4	6	-2	1	17565
542	2014	81	TOR	DET	0	-1	-15	2	0	7	-6	22	1	19508
543	2014	81	TB	CAR	1	1	23	-1	0	3	-6	-1	1	19204
544	2014	81	NYI	ANA	0	-2	-10	-6	1	-2	22	4	0	13108
545	2014	81	PIT	CGY	1	1	-7	8	-2	2	0	-8	0	18663
546	2014	81	WSH	NJ	0	-1	-15	9	7	-2	2	0	-2	18506
547	2014	81	CBJ	PHI	1	3	-7	10	5	-2	2	13	1	14090
548	2014	81	NSH	MTL	0	-1	11	11	-3	-5	-10	5	2	16095
549	2014	81	EDM	STL	0	-6	-10	0	2	12	2	3	-1	16839
550	2014	81	SJ	DAL	1	1	-7	-10	1	4	-2	14	0	17562
551	2014	82	NYR	MIN	1	3	11	2	0	-9	0	12	1	18006
552	2014	82	VAN	WPG	1	1	3	-4	-1	7	-4	-11	0	18910
553	2014	83	BUF	PHO	1	1	-5	-17	8	1	13	3	0	18942
554	2014	83	NYR	TOR	1	1	17	-2	1	-1	2	2	0	18006
555	2014	83	WSH	ANA	0	-1	-10	14	1	-2	-2	-7	1	18506
556	2014	83	CAR	CBJ	0	-1	8	-2	-1	3	-2	-2	2	16601
558	2014	83	DET	NYI	0	-3	4	6	1	-4	0	12	0	20066
559	2014	83	FLA	TB	0	-5	-7	6	3	1	0	8	0	15942
560	2014	83	PHI	MIN	1	3	4	-5	0	-2	2	8	0	19872
561	2014	83	CHI	NJ	1	3	25	10	7	6	-6	-12	1	22019
562	2014	83	NSH	BOS	0	-4	1	-2	-6	4	0	-1	-2	17207
563	2014	83	CGY	STL	1	1	-6	0	-3	8	-2	2	1	19289
564	2014	83	EDM	WPG	1	4	10	6	-3	1	-53	-6	1	16839
565	2014	83	LA	DAL	0	-3	9	5	-2	1	4	16	-1	18274
566	2014	83	SJ	COL	1	1	12	11	11	-4	0	8	1	17562
567	2014	87	BOS	OTT	1	5	9	-3	4	1	2	2	1	17565
568	2014	87	TOR	BUF	1	1	7	1	2	-3	6	4	0	19405
569	2014	87	NJ	CBJ	0	-1	-13	-15	1	5	4	5	0	16592
570	2014	87	WSH	NYR	1	1	-6	-4	3	4	0	5	0	18506
571	2014	87	CAR	PIT	0	-1	8	7	11	8	0	2	0	18124
572	2014	87	CHI	COL	1	5	19	-2	3	7	0	-23	1	22201
573	2014	87	WPG	MIN	1	2	9	-7	3	6	2	19	-1	15004
574	2014	87	DAL	NSH	1	3	0	6	2	5	2	-9	0	17197
575	2014	87	CGY	EDM	0	-2	-1	4	2	-2	4	17	-1	19289
576	2014	87	PHO	SJ	0	-1	5	-6	3	2	2	10	0	17125
578	2014	88	TB	MTL	0	-1	3	3	-2	2	-2	1	0	19204
579	2014	88	FLA	DET	0	-1	2	0	1	5	-2	19	-1	18932
580	2014	88	NYI	NJ	0	-1	6	-3	-1	7	-4	-1	0	16012
581	2014	88	STL	CHI	1	1	-7	-4	7	-2	-6	18	0	20082
582	2014	88	NSH	LA	1	1	3	-2	-4	6	-6	-8	0	17113
583	2014	88	ANA	PHO	1	1	16	6	0	0	-2	-10	0	17442
584	2014	88	EDM	PHI	0	-1	-22	-1	4	5	0	-10	-2	16839
585	2014	89	BUF	WSH	1	1	-33	1	1	6	14	21	0	19070
586	2014	89	FLA	MTL	1	3	3	-9	-2	1	-2	-1	0	19891
587	2014	89	CBJ	PIT	0	-2	-2	-3	2	-7	6	29	-3	18871
588	2014	89	DAL	STL	0	-1	8	9	5	16	-6	5	-1	15678
589	2014	89	CGY	VAN	0	-2	-12	0	1	-1	13	13	0	19289
590	2014	89	TOR	CAR	1	3	-16	11	1	6	0	11	-1	19452
591	2014	89	TB	NYR	0	-1	11	1	-6	2	2	-2	-2	19204
592	2014	89	MIN	NYI	0	-1	6	13	3	-1	-2	-4	0	18851
593	2014	89	COL	WPG	0	-1	-3	1	7	3	2	10	0	17733
594	2014	89	SJ	ANA	1	2	-8	13	8	3	-2	-5	0	17562
596	2014	90	CHI	LA	1	1	4	6	6	6	-4	-15	0	22161
597	2014	90	NSH	DET	1	2	4	9	-5	2	-6	-2	0	17212
598	2014	90	VAN	PHI	0	-1	17	5	0	6	-4	-4	0	18910
599	2014	91	NJ	PIT	1	1	10	0	2	4	-6	-6	0	16592
600	2014	91	FLA	NYR	0	-1	-9	3	8	-2	-2	-4	0	16083
601	2014	91	MIN	STL	0	-1	2	-7	1	8	-4	4	0	18919
602	2014	91	BOS	NYI	0	-2	7	5	2	-5	20	-2	-3	17565
603	2014	91	CAR	MTL	1	1	17	19	0	3	-2	8	0	16807
604	2014	91	WPG	BUF	1	3	-1	3	-1	4	-8	11	0	15004
605	2014	91	DAL	LA	1	1	7	7	2	0	-6	0	1	15610
606	2014	91	COL	CBJ	1	2	-15	-3	1	3	0	-14	3	16177
607	2014	91	ANA	SJ	1	3	2	6	1	5	4	15	-1	17424
608	2014	91	CGY	PHI	0	-3	3	-7	1	3	-2	2	0	19289
609	2014	91	PHO	EDM	1	1	20	-7	4	2	-2	-1	0	17416
610	2014	92	DET	TOR	0	-1	17	3	0	-6	-4	-24	0	105491
611	2014	92	VAN	TB	0	-2	-3	3	-2	-4	2	10	-1	18910
612	2014	93	BOS	NSH	1	1	-10	-3	5	7	-2	5	0	17565
613	2014	93	NYI	CHI	1	1	-5	-1	4	2	-2	10	-1	13618
614	2014	93	WSH	CAR	0	-1	8	9	6	-7	4	4	-1	18506
616	2014	93	STL	LA	1	5	-4	8	-2	-4	2	-5	2	19839
617	2014	93	MIN	BUF	1	3	11	6	6	5	-2	-4	0	18229
618	2014	93	DAL	MTL	0	-2	4	21	6	3	2	1	0	13007
619	2014	93	COL	PHI	1	1	1	9	4	7	2	6	0	16793
620	2014	93	PHO	CBJ	0	-2	3	-7	5	4	-4	-6	-2	10539
621	2014	93	SJ	EDM	1	4	12	13	7	-1	0	14	0	17562
622	2014	94	NJ	CHI	0	-2	3	-2	3	2	-4	12	1	16592
623	2014	94	PIT	NYR	1	3	-7	-2	-3	4	2	0	1	18668
624	2014	94	CGY	TB	0	-2	-10	5	1	0	2	8	0	19289
625	2014	94	ANA	EDM	1	3	19	3	1	7	-8	3	0	17174
626	2014	95	BOS	WPG	1	3	-8	13	4	9	2	-6	0	17565
627	2014	95	COL	SJ	1	1	-12	-13	1	6	0	17	0	17154
628	2014	95	BUF	NJ	1	1	0	-6	8	1	-4	19	1	19070
629	2014	95	TOR	NYR	0	-6	-24	19	6	-4	4	5	-1	19362
631	2014	95	FLA	NSH	1	1	-13	-3	-1	1	0	-10	0	15796
632	2014	95	NYI	CAR	0	-1	10	-9	2	5	0	-1	1	14208
633	2014	95	STL	CBJ	1	4	13	8	1	-3	0	-9	0	19611
634	2014	95	DAL	DET	0	-4	18	19	2	13	-6	4	0	17232
635	2014	95	MIN	WSH	1	2	-19	8	0	4	-6	12	2	19022
636	2014	95	PHO	PHI	0	-2	1	8	-1	4	-2	0	-1	14875
637	2014	95	LA	VAN	1	2	21	6	0	15	2	9	-1	18118
638	2014	96	PIT	WPG	1	1	5	5	0	1	0	-18	1	18652
639	2014	96	CAR	NSH	1	1	-7	3	9	2	0	-3	-1	13994
640	2014	96	CHI	SJ	0	-1	-7	-6	4	6	2	-12	0	21599
641	2014	96	EDM	TB	1	2	-1	-2	9	7	-4	-14	0	16839
642	2014	96	ANA	VAN	1	1	29	-4	2	-1	-2	12	-1	17174
643	2014	97	NYI	DAL	1	4	20	12	5	-8	-4	11	2	11111
644	2014	97	NYR	CBJ	0	-1	4	3	4	13	5	-5	2	18006
646	2014	97	COL	CGY	0	-1	6	2	0	3	-2	2	1	12027
647	2014	147	BUF	CAR	1	1	-20	-14	2	4	4	16	1	18719
648	2014	98	TOR	NYI	0	-2	1	15	-9	4	-8	4	0	19164
649	2014	98	NJ	PHI	0	-1	5	-7	-4	5	4	-13	-1	14521
650	2014	98	NSH	SJ	1	1	0	8	-3	0	6	-9	-1	15016
651	2014	98	WPG	TB	0	-2	-19	-11	-3	3	0	5	1	15004
652	2014	98	PHO	CGY	1	6	3	6	-1	4	-2	3	1	10229
653	2014	98	EDM	STL	0	-3	-12	-2	-5	9	6	2	-2	16839
654	2014	98	VAN	PIT	0	-1	-9	10	2	0	0	11	0	18910
655	2014	98	ANA	BOS	1	3	-12	12	4	3	0	11	3	17238
656	2014	98	LA	MIN	0	-1	23	-1	3	4	0	16	0	18118
657	2014	99	PHI	MTL	1	2	7	3	-2	1	0	-2	0	19949
658	2014	99	CHI	NYR	0	-1	5	4	2	4	-2	-17	0	21493
659	2014	99	COL	OTT	1	1	-1	-1	7	3	4	9	0	12487
660	2014	100	BUF	FLA	0	-1	-11	1	3	-5	2	2	0	17872
661	2014	100	NJ	DAL	1	1	8	1	0	-1	2	-7	0	14252
662	2014	100	CAR	TOR	1	5	10	8	1	3	-8	-27	2	16583
663	2014	100	TB	WSH	0	-1	16	0	0	5	4	4	-2	19204
664	2014	100	NSH	ANA	0	-1	-2	-1	-4	4	0	3	-1	15892
665	2014	100	CGY	STL	0	-5	4	-1	6	11	0	4	-2	19289
666	2014	100	PHO	MIN	0	-3	11	1	4	0	2	17	0	10075
667	2014	100	LA	BOS	1	2	13	10	1	3	-6	-7	1	18118
668	2014	100	SJ	DET	1	3	1	16	8	3	12	0	1	17562
669	2014	101	NYR	DAL	1	1	8	17	6	2	0	16	1	18006
670	2014	101	WSH	TOR	1	1	1	-7	0	-3	-2	-8	-1	18506
671	2014	101	CBJ	CAR	1	3	-12	-5	-1	-1	0	15	1	16008
672	2014	101	COL	NYI	0	-1	7	9	0	1	0	-1	0	17430
673	2014	101	EDM	PIT	1	1	3	11	8	-1	0	-10	1	16839
674	2014	101	VAN	STL	1	1	-9	9	-3	4	-2	-5	0	18910
675	2014	102	PHI	TB	0	-3	13	1	0	-9	-2	3	1	19987
677	2014	102	NJ	FLA	1	1	6	6	-2	4	-2	4	0	16592
678	2014	102	NSH	OTT	0	-1	12	-2	3	8	-2	0	0	17113
679	2014	102	WPG	CBJ	0	-3	5	1	5	6	-2	0	1	15004
680	2014	102	MIN	COL	0	-2	9	7	4	-1	2	-10	0	19117
681	2014	102	PHO	ANA	0	-2	1	-8	-4	-1	-6	4	0	13289
682	2014	102	CGY	PIT	0	-1	2	-2	-7	3	-6	-10	1	19289
683	2014	102	LA	DET	0	-2	19	16	2	4	0	17	1	18262
684	2014	102	SJ	BOS	0	-1	4	12	5	0	4	-1	0	17562
685	2014	103	WSH	BUF	0	-1	-2	-1	0	3	6	0	-1	18506
686	2014	103	DAL	NYI	0	-2	0	1	6	9	0	-16	0	13765
687	2014	103	TOR	NJ	1	1	-13	16	-4	10	0	5	0	19175
688	2014	103	NYR	PHI	1	3	-3	6	10	7	-6	-9	0	18006
689	2014	103	CHI	EDM	1	2	20	4	3	3	-8	-13	1	21424
690	2014	103	NSH	MIN	0	-4	0	7	-4	6	0	3	0	16221
691	2014	103	ANA	DET	1	1	1	9	4	-1	2	3	0	17375
692	2014	104	CAR	CGY	0	-2	-6	4	-3	11	4	0	-1	15276
693	2014	104	CBJ	TB	1	1	0	6	6	-1	-4	-3	1	14070
694	2014	104	WPG	PHO	1	4	19	5	0	3	-10	-11	0	15004
695	2014	104	LA	VAN	1	1	-8	-4	3	6	-29	-3	0	18118
696	2014	105	BOS	TOR	0	-1	15	0	2	-4	4	5	-2	17565
697	2014	105	NYR	TB	0	-1	9	7	12	6	0	12	-1	18006
698	2014	105	WSH	SJ	0	-1	7	-1	-2	1	-10	-4	0	18506
699	2014	105	BUF	PHI	0	-1	-14	-3	-1	2	4	18	-2	18667
701	2014	105	FLA	NYI	1	2	-7	-9	5	2	-4	-19	0	13730
702	2014	105	CHI	COL	0	-1	22	6	4	-2	-2	-18	-2	21412
703	2014	105	STL	PHO	1	1	-3	-2	4	1	0	-5	0	16571
704	2014	105	NSH	CGY	1	2	10	0	0	1	-4	-8	2	15730
705	2014	105	MIN	OTT	0	-3	-5	0	4	4	4	0	-2	18117
706	2014	105	DAL	EDM	1	3	-3	5	-3	-3	2	-6	0	12823
707	2014	106	TOR	BUF	1	1	9	2	5	-8	0	-8	-1	19372
708	2014	106	PIT	WSH	1	1	9	0	2	4	-2	11	0	18667
709	2014	106	ANA	VAN	1	8	12	-3	3	2	-42	-1	5	17145
710	2014	107	NYR	DET	1	1	10	0	5	11	0	-7	0	18006
711	2014	107	PHI	NSH	0	-1	-7	7	-1	2	2	3	-1	19917
713	2014	107	TB	NYI	0	-1	0	0	4	1	2	0	0	18333
714	2014	107	FLA	SJ	0	-3	-15	0	2	2	2	21	0	13149
715	2014	107	STL	LA	0	-3	-2	6	3	2	14	4	0	19374
716	2014	107	MIN	EDM	1	3	12	-10	5	-4	2	2	0	18037
717	2014	107	DAL	BOS	0	-2	-7	0	-9	6	-2	-15	0	16890
718	2014	107	COL	NJ	1	1	4	15	2	7	-2	9	0	14090
719	2014	107	CGY	WPG	0	-3	-1	1	0	-2	4	5	-1	19289
720	2014	107	PHO	VAN	1	1	-6	11	5	-3	4	6	1	12307
721	2014	108	CBJ	WSH	1	4	9	4	7	-1	-2	22	2	14121
722	2014	108	CHI	ANA	1	2	14	7	4	4	-6	-5	0	22064
724	2014	109	TB	SJ	0	-1	-3	9	-4	1	-4	0	1	19204
725	2014	109	WPG	EDM	1	1	17	-1	5	0	0	12	-1	15004
726	2014	109	BUF	CBJ	0	-1	-6	7	5	7	-2	-6	0	19070
727	2014	109	TOR	MTL	1	2	-4	-1	2	5	2	16	0	19667
728	2014	109	DET	LA	1	1	3	18	-1	1	0	-5	-1	20066
729	2014	109	PHI	NYI	1	2	3	18	2	3	2	-2	0	19992
730	2014	109	CAR	FLA	1	1	0	14	12	2	6	12	0	15476
731	2014	109	STL	ANA	0	-1	15	6	-3	0	0	1	0	19910
732	2014	109	NSH	COL	0	-1	2	-2	-4	-3	-6	-3	0	17113
733	2014	109	PHO	NJ	1	1	-8	-4	5	0	0	-1	0	14005
734	2014	109	MIN	DAL	1	1	-16	-1	5	-1	0	11	-1	19192
735	2014	109	VAN	CGY	1	1	0	-2	-6	4	2	7	0	18910
736	2014	110	CHI	BOS	1	1	1	-6	1	3	12	-8	0	22197
737	2014	110	CAR	TB	0	-2	27	7	1	-2	-4	15	0	16760
738	2014	110	NYR	WSH	1	3	1	11	7	10	-2	7	0	18006
739	2014	111	BOS	LA	1	1	0	-14	3	5	0	7	0	17565
740	2014	111	NYI	PHI	1	1	14	3	-6	0	-6	10	2	16048
741	2014	111	PIT	FLA	0	-4	8	4	-2	3	0	13	0	18660
742	2014	111	DET	STL	0	-3	-16	2	-1	0	-2	-1	0	20066
743	2014	111	NSH	DAL	1	3	-13	2	4	-1	0	8	-1	16190
744	2014	111	PHO	TOR	0	-2	12	8	-3	5	4	-3	-1	14476
745	2014	111	SJ	CGY	1	1	4	15	0	2	-2	-15	1	17562
746	2014	112	BUF	FLA	0	-1	13	1	-2	1	-10	0	2	17583
747	2014	112	NJ	STL	1	6	-4	-10	-3	1	-2	-8	3	11432
748	2014	112	NYR	NYI	0	-2	-4	-2	3	9	-2	8	0	18006
749	2014	113	PHI	CAR	0	-1	-8	-7	0	5	0	2	1	19592
750	2014	112	WSH	OTT	0	-2	8	6	2	-6	10	-10	-1	18506
751	2014	112	CBJ	LA	1	2	5	3	4	-5	0	16	1	13286
752	2014	112	DAL	MIN	1	4	18	8	2	15	-6	2	2	11191
753	2014	112	COL	TOR	0	-3	6	3	0	5	0	5	-1	14877
754	2014	112	EDM	VAN	0	-1	2	4	3	5	0	15	0	16839
755	2014	112	ANA	WPG	0	-1	21	9	5	5	-4	-4	1	15046
756	2014	113	PIT	MTL	1	4	7	-5	5	7	6	0	2	18617
757	2014	113	DET	CHI	1	1	-4	-19	6	5	0	15	-1	20066
758	2014	113	CGY	PHO	1	1	-6	1	1	2	0	7	0	19289
759	2014	114	BUF	CAR	0	-2	-4	1	1	1	2	13	0	18468
760	2014	114	NYR	STL	0	-1	10	4	5	7	-2	-3	-1	18006
761	2014	114	CBJ	PHI	1	3	11	11	5	-1	0	-4	0	15571
762	2014	114	TB	OTT	1	1	2	11	-1	4	2	-10	-2	18751
763	2014	114	NYI	PIT	0	-2	5	-11	0	4	-2	9	-1	15012
764	2014	114	MIN	CHI	1	1	-15	2	6	3	-6	9	0	19226
765	2014	114	DAL	TOR	1	6	3	9	5	5	-8	1	1	13678
766	2014	114	VAN	NSH	0	-1	8	7	-2	-3	-4	-5	-1	18910
767	2014	114	ANA	LA	1	1	-10	-3	2	1	-2	24	1	17503
768	2014	114	SJ	WPG	1	1	12	24	4	-5	-2	-8	0	17562
769	2014	115	NJ	WSH	1	1	-1	-5	2	-3	-4	9	1	15742
770	2014	116	CAR	OTT	1	3	6	4	8	0	-4	-1	1	11458
771	2014	115	DET	MTL	1	3	-5	16	5	2	-4	-1	0	20066
772	2014	115	FLA	COL	0	-1	11	4	1	-1	0	-7	0	17274
773	2014	115	CGY	NSH	1	1	6	4	-4	4	-6	4	3	19289
774	2014	115	EDM	PHO	0	-1	10	5	-5	14	-6	-3	-1	16839
775	2014	116	NYI	STL	0	-1	1	7	2	5	-4	-2	0	15888
776	2014	116	PHI	BOS	0	-5	-7	-15	-3	3	6	20	-2	19938
778	2014	116	TB	COL	1	3	2	-10	0	5	0	4	0	19204
779	2014	116	CBJ	BUF	0	-3	16	0	-1	-2	-6	1	0	16272
780	2014	116	WPG	TOR	1	1	4	2	1	9	4	15	1	15004
781	2014	116	DAL	PIT	1	3	4	5	5	-7	2	-10	2	18532
782	2014	116	LA	ANA	0	-3	15	-3	0	5	-2	5	0	54099
783	2014	116	SJ	MIN	1	1	10	23	1	-5	0	7	0	17562
784	2014	117	NJ	NYR	0	-4	-4	-9	1	2	2	5	1	50105
785	2014	117	DET	FLA	0	-1	-7	1	4	1	0	15	1	20066
786	2014	117	CHI	WPG	0	-2	14	6	3	7	-6	-36	0	21841
787	2014	117	EDM	NSH	1	4	-8	5	2	8	0	0	2	16839
788	2014	117	VAN	PHO	1	1	-8	2	-1	-3	2	-6	-1	18910
789	2014	118	NYI	BOS	0	-3	0	15	5	-2	-6	14	0	13819
790	2014	118	CAR	CBJ	1	1	11	0	-2	-2	-4	6	0	13641
791	2014	118	PIT	BUF	1	3	10	15	-3	5	4	-9	0	18563
792	2014	118	DAL	COL	0	-1	23	3	8	5	-4	1	0	11678
793	2014	118	VAN	EDM	0	-2	7	3	0	1	2	1	0	18910
794	2014	118	SJ	LA	0	-1	2	-3	-3	5	4	1	0	17562
795	2014	119	BOS	FLA	1	4	11	0	-2	3	-6	-4	0	17565
796	2014	119	TOR	TB	1	1	-16	6	5	-6	0	-9	0	19475
797	2014	119	PHI	DET	1	5	-5	-2	3	-6	4	13	1	19987
798	2014	119	CBJ	OTT	0	-1	8	15	6	7	-2	15	0	13373
799	2014	119	BUF	WSH	0	-1	-8	11	1	3	2	12	-1	18923
801	2014	119	STL	NJ	1	3	2	-2	2	3	10	2	1	16099
802	2014	119	WPG	NSH	0	-1	2	-1	4	8	2	18	-1	15004
803	2014	119	CGY	CHI	1	1	-4	3	4	6	-2	7	0	19289
804	2014	119	PHO	LA	1	3	-1	-4	6	2	8	14	1	13681
805	2014	119	ANA	MIN	0	-2	0	11	0	-2	4	4	0	15020
806	2014	120	NYI	NYR	0	-1	-3	2	4	-1	-6	-1	0	50027
807	2014	120	EDM	SJ	1	3	-32	0	1	11	2	-7	1	16839
808	2014	120	VAN	CHI	0	-3	-9	14	3	-3	10	12	-2	18910
809	2014	121	BOS	MTL	0	-3	2	-5	0	3	2	10	-1	17565
810	2014	121	TOR	FLA	1	3	-6	5	4	4	4	15	2	19448
811	2014	121	CBJ	WSH	1	3	-3	3	6	2	10	8	0	16047
813	2014	121	DAL	NJ	0	-1	-8	-1	-2	5	0	-1	-2	14237
814	2014	121	COL	MIN	1	1	-3	-1	-2	4	-2	-4	-1	14697
815	2014	121	CGY	SJ	1	3	2	8	-1	-1	-2	1	0	19289
816	2014	121	PHO	BUF	0	-1	12	0	0	-4	-2	-4	0	13000
817	2014	121	ANA	PHI	1	2	-2	-2	3	-1	6	6	-1	16007
818	2014	121	LA	PIT	0	-3	9	10	-2	-1	-2	-4	-1	18118
819	2014	122	NYR	NYI	1	3	-2	8	4	8	2	1	0	18006
820	2014	122	CAR	STL	1	2	3	0	9	13	0	3	0	16035
821	2014	122	DET	WSH	1	1	16	4	1	4	-6	-7	-1	20066
822	2014	122	NSH	NJ	1	1	7	-9	0	3	0	3	0	17207
823	2014	122	WPG	VAN	1	1	8	0	5	2	-2	7	-1	15004
824	2014	123	BOS	EDM	1	4	19	0	4	-7	-2	4	2	17565
826	2014	123	COL	BUF	1	6	11	12	4	-1	-2	-5	1	16649
827	2014	123	LA	PHI	0	-2	22	5	0	13	-2	9	-1	18118
828	2014	123	TOR	OTT	1	3	10	-6	8	-2	-6	0	1	19613
829	2014	123	CBJ	FLA	1	3	-6	7	1	-2	4	7	0	16762
830	2014	123	STL	NSH	1	1	3	-13	6	0	-6	-2	1	19358
831	2014	123	PHO	PIT	1	2	6	2	4	-2	-4	8	0	17362
832	2014	123	CGY	MIN	1	1	9	8	1	12	0	4	-1	19289
833	2014	123	ANA	DAL	0	-2	-1	-1	5	1	0	7	0	17174
834	2014	123	SJ	CHI	1	1	9	-1	3	-5	2	21	-1	17562
835	2014	124	WSH	DET	1	1	-2	15	1	7	-6	12	1	18506
837	2014	125	BUF	EDM	0	-1	16	3	0	0	-2	14	1	18531
838	2014	125	PIT	OTT	1	1	23	-3	1	3	-4	2	1	18579
839	2014	125	DET	VAN	1	2	6	2	-2	7	2	-4	1	20066
840	2014	125	NJ	COL	0	-1	3	0	4	2	4	-10	-1	14213
841	2014	125	ANA	CBJ	0	-2	3	-6	0	2	6	5	-2	14044
842	2014	125	LA	CHI	0	-2	4	10	-3	12	0	26	0	18118
843	2014	125	SJ	PHI	0	-3	-6	6	1	16	-4	-1	0	17562
844	2014	126	BOS	VAN	1	2	4	7	1	6	0	2	1	17565
845	2014	126	NYR	COL	1	4	15	-2	2	3	0	-9	-1	18006
846	2014	126	CAR	WPG	0	-1	2	11	0	-3	-4	-19	0	14033
848	2014	126	FLA	TOR	1	3	27	0	4	2	-4	-17	1	15583
849	2014	126	WSH	NYI	0	-1	-6	2	2	-1	-2	-14	0	18506
850	2014	126	STL	OTT	0	-1	19	8	3	3	-22	-1	0	14758
851	2014	126	MIN	TB	1	1	-9	-12	4	-1	0	1	1	18454
852	2014	126	PHO	DAL	0	-2	-12	-1	11	0	4	9	-1	12257
853	2014	127	BUF	PIT	0	-4	-9	5	6	2	6	5	-1	18408
854	2014	127	ANA	CHI	0	-2	4	-3	3	-1	-6	17	0	17446
855	2014	127	SJ	DAL	1	1	1	2	4	8	-4	4	0	17562
856	2014	128	NYI	CGY	0	-2	8	5	5	3	-6	8	-1	12888
857	2014	128	NYR	EDM	0	-1	5	8	4	4	2	11	0	18006
858	2014	128	PHI	COL	1	2	-4	2	6	2	-13	-11	1	19982
859	2014	128	WSH	WPG	1	2	-6	8	3	-3	-6	-24	0	18506
862	2014	128	TB	TOR	0	-3	-2	20	0	-1	0	-4	0	19204
863	2014	128	FLA	DET	0	-2	-9	-5	5	1	8	10	-1	15623
864	2014	128	STL	BOS	1	1	-11	2	-2	1	2	5	0	19671
865	2014	128	MIN	NSH	1	1	18	3	-1	2	-6	-3	1	18766
866	2014	128	LA	CBJ	1	1	-5	-20	1	11	-4	7	-1	18118
867	2014	129	NJ	EDM	1	1	4	-14	-3	9	0	-5	0	16592
868	2014	129	PIT	NYR	0	-1	-12	-7	-1	7	2	9	0	18661
869	2014	129	CAR	FLA	1	4	-3	4	3	1	2	-7	1	16132
870	2014	129	PHO	CHI	1	2	-4	-5	5	1	-6	18	2	17525
871	2014	129	SJ	CBJ	1	1	26	12	8	1	-2	-3	0	17562
872	2014	130	PHI	CGY	1	1	-10	11	3	2	0	-2	0	19874
873	2014	130	STL	WPG	1	1	-5	11	4	-1	-8	-2	-1	19052
874	2014	130	BOS	OTT	1	5	14	-1	4	-5	-2	-3	0	17565
875	2014	130	TOR	VAN	1	2	-9	7	2	10	0	4	0	19662
876	2014	130	CAR	MTL	0	-3	8	8	-1	10	-2	-4	0	18680
877	2014	130	TB	DET	1	2	-5	-12	5	8	2	1	1	19204
878	2014	130	NYI	COL	0	-3	8	12	-6	5	-6	4	2	15360
879	2014	130	WSH	NJ	1	3	1	3	1	0	0	9	0	18506
880	2014	130	NSH	ANA	0	-3	14	8	2	2	12	-8	0	17139
881	2014	130	DAL	PHO	1	1	6	3	3	-1	-2	-6	-1	18532
882	2014	148	BUF	BOS	1	1	-7	-3	-1	1	0	7	-1	19070
884	2014	148	COL	LA	0	-2	1	5	-1	6	-4	-6	2	16754
885	2014	148	VAN	STL	1	1	15	0	1	2	0	-13	0	18910
886	2014	149	NJ	CBJ	1	3	16	-5	5	-6	-2	-19	2	15185
887	2014	149	NYI	TOR	1	1	13	2	7	4	0	10	1	13922
888	2014	149	NYR	CHI	1	1	-8	-7	2	-2	4	4	0	18006
889	2014	149	PHI	SJ	0	-4	1	-4	0	3	10	6	-1	19879
890	2014	149	PIT	MTL	0	-1	3	-1	3	4	9	2	0	18636
892	2014	149	FLA	WSH	0	-1	2	-1	9	1	-8	14	-1	14180
893	2014	149	NSH	TB	1	1	13	3	3	-1	0	2	2	17113
894	2014	149	WPG	PHO	1	1	-7	-9	4	-2	2	1	0	15004
895	2014	149	DAL	CAR	1	3	4	8	-1	4	-3	1	0	16122
896	2014	149	CGY	LA	0	-2	1	-14	5	5	-6	3	0	19289
897	2014	149	EDM	MIN	0	-3	0	1	2	5	-4	0	0	16839
898	2014	150	BUF	SJ	1	2	-18	3	7	-2	0	3	1	19070
899	2014	150	COL	PHO	1	2	-9	1	8	0	-8	4	0	17649
900	2014	150	VAN	MIN	0	-1	8	-1	3	0	2	10	-1	18910
901	2014	150	ANA	STL	1	1	1	3	-2	-1	0	10	0	17369
902	2014	151	BOS	WSH	0	-2	7	8	-5	-5	2	0	-1	17565
903	2014	151	NYI	NJ	0	-5	-16	0	3	0	55	27	-4	15512
904	2014	151	PHI	NYR	1	2	-4	6	5	6	-2	8	0	19988
905	2014	151	CBJ	FLA	1	3	17	-3	2	0	0	11	3	15441
906	2014	151	NSH	WPG	0	-2	20	8	3	7	-10	-4	0	17113
907	2014	151	DAL	TB	0	-2	20	5	9	2	0	-4	0	15897
908	2014	151	LA	CAR	1	2	6	0	0	9	-6	7	1	18118
910	2014	151	CHI	PIT	1	4	8	10	5	3	4	-13	0	62921
911	2014	151	EDM	CGY	0	-1	-8	14	-1	5	2	6	0	16839
912	2014	152	WSH	PHI	0	-1	-7	-11	5	6	-1	-10	-2	18506
913	2014	152	NJ	SJ	0	-2	1	1	0	3	-6	7	0	16012
914	2014	152	NYI	FLA	0	-2	4	-10	1	1	-4	1	0	13008
915	2014	152	VAN	OTT	0	-2	3	8	5	-2	0	8	0	54194
916	2014	152	NYR	BOS	0	-3	9	-4	0	9	-8	-1	1	18006
917	2014	152	COL	TB	1	3	1	1	11	7	-4	6	1	15592
918	2014	152	PHO	STL	0	-2	-5	-2	-1	-2	0	-8	-1	13955
919	2014	152	ANA	CAR	1	2	-18	-4	1	3	6	1	0	17174
920	2014	153	TOR	CBJ	0	-1	-4	-10	7	6	-2	7	0	19577
921	2014	153	DAL	BUF	1	1	16	2	-3	4	-8	-13	1	14235
922	2014	153	MIN	CGY	1	1	4	-2	8	7	-2	-4	1	18543
923	2014	153	LA	MTL	1	1	4	-6	5	-3	-2	-14	1	18118
924	2014	154	BOS	FLA	1	3	15	3	2	2	2	-1	0	17565
925	2014	154	NJ	DET	1	1	6	2	0	-4	2	1	-1	16592
926	2014	154	CBJ	DAL	1	2	-13	12	5	5	2	3	0	15661
927	2014	154	CHI	COL	0	-2	17	-1	0	2	-4	-14	0	21361
928	2014	154	STL	TB	1	2	12	7	2	1	4	10	-1	18602
929	2014	154	NSH	PIT	0	-2	0	1	2	0	14	0	-1	17113
930	2014	154	WPG	NYI	0	-1	11	1	0	-1	-8	3	0	15004
931	2014	154	PHO	VAN	1	1	9	-5	4	-6	-6	8	0	13449
932	2014	154	EDM	OTT	1	1	-6	6	5	6	0	12	1	16839
933	2014	154	SJ	CAR	0	-1	2	-11	1	11	2	-4	0	17562
934	2014	155	NYR	TOR	0	-1	8	-5	3	4	2	-2	0	18006
935	2014	155	PHI	WSH	1	2	5	11	3	-1	-6	0	-2	19919
936	2014	155	CGY	OTT	1	3	-3	-1	0	5	-2	3	2	19289
937	2014	155	ANA	MTL	0	-1	11	9	4	2	-2	4	1	17174
938	2014	156	BOS	WSH	1	3	27	5	3	0	0	5	0	17565
939	2014	156	WPG	LA	0	-2	-23	6	-1	-2	6	2	-1	15004
940	2014	156	DET	COL	0	-1	12	-2	2	2	0	-1	1	20066
941	2014	156	TB	BUF	0	-2	23	10	-7	4	-2	4	0	19204
942	2014	156	CHI	CBJ	1	5	10	18	-1	7	0	-17	1	21179
943	2014	156	NSH	STL	0	-1	-1	3	-2	6	-2	1	0	16180
944	2014	156	DAL	VAN	1	5	-11	-4	3	12	-11	-4	1	14634
945	2014	156	PHO	MTL	1	3	-3	3	0	2	4	4	1	15282
946	2014	156	EDM	NYI	1	1	-5	-1	3	3	0	-6	1	16839
947	2014	156	SJ	PIT	1	2	25	-7	10	-1	0	16	-2	17562
948	2014	157	CAR	NYR	0	-2	-20	-3	2	-2	0	-7	-1	17547
949	2014	157	DET	NJ	1	3	8	19	5	0	0	5	1	20066
950	2014	157	FLA	BUF	1	2	19	6	0	3	-23	-11	2	14402
951	2014	157	CGY	NYI	1	1	-3	-1	1	12	6	1	0	19289
952	2014	157	ANA	PIT	0	-1	14	3	0	-4	0	-5	-1	17518
953	2014	158	WPG	OTT	0	-2	17	3	3	-5	-6	-4	0	15004
954	2014	158	COL	STL	0	-1	2	-6	-2	3	-4	12	0	18137
955	2014	158	TOR	PHI	1	1	5	3	11	-2	-2	-6	0	19583
956	2014	158	TB	BOS	0	-1	-12	4	5	9	4	6	0	19204
957	2014	158	NJ	CAR	1	1	-2	-1	6	4	0	7	0	16162
958	2014	158	WSH	PHO	1	1	0	-8	0	-2	2	6	0	18506
959	2014	158	NSH	CBJ	0	-1	-8	-1	0	-2	8	-7	0	17113
960	2014	158	DAL	MIN	1	1	3	0	3	5	-13	13	1	19109
961	2014	158	VAN	CGY	1	1	-9	7	1	3	8	0	0	18910
962	2014	158	SJ	MTL	1	4	6	9	4	4	-10	-1	0	17562
963	2014	159	FLA	BOS	0	-3	-20	2	1	-1	-2	8	-2	18858
964	2014	159	BUF	CHI	0	-1	-10	-5	2	-1	0	15	0	19070
965	2014	159	NYR	DET	1	3	1	-5	5	1	0	4	0	18006
966	2014	159	MIN	STL	0	-1	-3	-7	2	0	-2	-1	-1	18909
967	2014	159	EDM	LA	0	-2	-23	-3	-1	10	-10	4	-1	16839
968	2014	160	WSH	PIT	0	-1	13	-7	1	8	0	4	0	18506
970	2014	160	TB	PHO	0	-1	11	0	3	3	-2	4	0	18167
971	2014	190	DAL	CBJ	0	-2	9	3	3	4	-2	-5	0	16125
972	2014	160	COL	WPG	1	1	-1	-10	8	7	-10	-2	-1	15250
973	2014	160	CGY	LA	0	-1	3	-6	4	-3	-2	10	1	19289
974	2014	160	VAN	NYI	0	-3	-4	9	-4	8	16	-11	-1	18910
975	2014	160	ANA	TOR	0	-2	21	-7	-4	-1	-2	-4	-1	17229
976	2014	161	BUF	NSH	0	-3	1	0	-5	2	-16	10	0	18659
977	2014	161	PHI	NJ	0	-1	5	16	0	-2	-6	7	0	19967
978	2014	161	CAR	NYR	1	2	10	7	9	2	-2	5	0	15667
979	2014	161	CBJ	DET	1	3	-3	-3	3	6	2	12	0	14330
980	2014	161	FLA	PHO	0	-2	6	5	-6	0	-4	13	0	12211
981	2014	161	PIT	WSH	1	2	2	16	5	2	2	7	0	18646
982	2014	161	STL	DAL	0	-1	0	-1	0	2	-2	12	-1	16763
983	2014	161	MIN	EDM	0	-1	5	9	-2	4	-2	5	1	18650
984	2014	161	SJ	TOR	1	4	27	14	8	5	-18	-4	0	17562
986	2014	162	WPG	VAN	0	-1	1	-6	4	0	4	16	0	15004
987	2014	162	COL	CHI	1	1	-10	-8	8	4	-2	9	1	18007
988	2014	162	CGY	ANA	1	5	3	-12	1	2	-4	11	1	19289
989	2014	163	BOS	PHO	1	1	-2	8	1	4	8	-2	0	17565
990	2014	163	CAR	BUF	1	2	32	25	4	0	-4	-5	1	13654
991	2014	163	CBJ	SJ	0	-1	11	2	1	-2	0	31	-1	13851
992	2014	163	TB	FLA	1	1	1	5	-1	11	-4	4	0	18324
993	2014	163	STL	EDM	1	4	12	7	2	-2	-4	6	1	18084
994	2014	163	MIN	NYR	1	1	-4	9	1	0	0	5	-1	18885
995	2014	163	LA	TOR	0	-1	12	0	-1	-1	-2	1	0	18319
996	2014	164	NYI	SJ	0	-1	12	3	9	2	2	13	0	13128
997	2014	164	WSH	VAN	1	1	-20	6	-2	9	2	-3	1	18506
998	2014	164	DET	EDM	1	1	1	0	-2	1	-4	-10	0	20066
999	2014	164	FLA	NJ	1	2	-9	0	6	-2	-14	12	-1	14496
1000	2014	164	CHI	NSH	0	-1	4	8	2	1	2	-3	-1	22106
1001	2014	164	WPG	NYR	0	-2	9	5	3	4	-2	5	0	15004
1002	2014	164	DAL	CGY	0	-1	-5	8	5	12	2	-3	-1	18532
1003	2014	164	COL	ANA	0	-2	5	3	4	9	0	0	2	18030
1004	2014	165	BOS	CAR	1	4	11	2	-1	4	2	6	0	17565
1005	2014	165	PHI	PIT	1	4	15	9	0	-11	2	-2	1	19993
1007	2014	165	TB	NJ	1	3	9	4	10	1	2	5	0	19204
1008	2014	165	NYI	BUF	1	3	4	3	-4	0	6	14	0	14388
1009	2014	165	NSH	STL	0	-3	5	-6	-6	2	-4	0	0	17113
1010	2014	165	MIN	CBJ	0	-1	4	-2	4	5	-2	-6	0	19042
1011	2014	165	PHO	CGY	1	1	-5	5	5	2	-8	-13	-1	16373
1012	2014	165	LA	ANA	0	-1	18	1	-1	-6	0	4	1	18278
1013	2014	166	FLA	VAN	0	-1	-3	0	4	-3	2	9	1	14215
1014	2014	166	WSH	TOR	1	2	4	-4	-1	4	-2	6	2	18506
1015	2014	166	CAR	EDM	0	-1	-3	2	5	-1	2	3	-1	16588
1016	2014	166	NYR	SJ	0	-1	12	5	2	4	-4	1	0	18006
1018	2014	166	BUF	MTL	0	-2	-3	-1	-1	4	2	15	0	19070
1019	2014	166	PIT	PHI	0	-1	-12	-6	1	5	-2	3	-2	18647
1020	2014	166	CHI	DET	1	3	10	7	-1	5	2	-13	0	22128
1021	2014	166	WPG	DAL	1	5	7	2	11	2	-20	-5	1	15004
1022	2014	167	BOS	MIN	1	3	-5	2	2	0	2	12	0	17565
1023	2014	167	TB	VAN	1	1	2	2	0	2	-2	-8	0	19204
1024	2014	167	STL	WPG	1	2	8	10	-3	3	-4	-11	1	16665
1025	2014	167	LA	PHO	0	-1	12	6	-4	11	0	13	0	18118
1026	2014	168	NJ	BOS	0	-2	-7	3	-1	10	-4	2	1	16138
1027	2014	168	NYI	MIN	0	-6	14	-6	-2	8	0	8	-1	14888
1028	2014	168	PIT	DAL	1	4	-1	3	0	4	-10	11	0	18659
1029	2014	168	CBJ	CAR	0	-2	27	10	3	0	4	27	-1	15938
1032	2014	168	DET	TOR	1	1	-2	0	-5	1	0	0	-1	20066
1033	2014	168	PHI	CHI	1	1	12	2	-3	1	-2	13	0	19932
1034	2014	168	CGY	BUF	1	2	12	-5	-1	-2	2	2	0	19289
1035	2014	168	EDM	NSH	1	4	1	-9	10	7	4	-3	1	16839
1036	2014	168	ANA	WSH	0	-1	15	0	-1	-2	-2	8	-2	17174
1037	2014	168	SJ	FLA	0	-1	30	3	6	6	-8	-14	1	17562
1038	2014	169	TOR	TB	0	-2	9	-14	-3	1	-5	7	-2	19585
1039	2014	169	CHI	STL	1	4	7	7	0	10	0	-16	2	21640
1040	2014	169	WPG	COL	1	1	0	-1	0	-5	-2	-5	1	15004
1041	2014	169	VAN	NSH	1	2	-8	-5	-1	-1	6	6	1	18910
1042	2014	170	NJ	MIN	1	1	6	15	1	4	-9	-5	0	14772
1043	2014	170	PHI	DAL	1	2	-6	10	4	0	2	8	0	19831
1046	2014	170	DET	PIT	1	1	-13	6	-1	6	13	-10	0	20066
1047	2014	170	EDM	BUF	0	-2	0	-5	1	8	-8	2	0	16839
1048	2014	170	PHO	FLA	1	1	-1	14	3	-3	4	7	1	14442
1049	2014	170	LA	WSH	1	1	6	5	-1	1	0	28	0	18118
1050	2014	170	SJ	ANA	1	1	10	-2	-1	7	-2	5	0	17562
1051	2014	171	CBJ	NYR	0	-2	-6	5	2	2	2	25	0	18513
1052	2014	171	CHI	CAR	1	1	-3	5	-1	9	2	-4	-1	21857
1053	2014	171	COL	BOS	0	-2	3	-9	0	10	-4	3	-1	18007
1054	2014	171	CGY	NSH	0	-1	7	-2	10	10	-2	11	0	19289
1055	2014	172	PHI	STL	1	3	-14	-8	1	1	4	3	1	19942
1056	2014	172	PIT	TB	1	1	5	9	3	6	-6	0	2	18668
1057	2014	172	MIN	DET	0	-1	0	0	6	1	-2	1	-1	19176
1058	2014	172	DAL	OTT	1	2	17	3	-1	4	0	-1	0	16714
1059	2014	172	LA	FLA	1	4	5	14	2	-3	-2	15	1	18118
1060	2014	172	TOR	MTL	0	-1	0	0	2	0	-2	19	1	19789
1061	2014	172	NJ	NYR	0	-2	-6	-1	-3	1	4	-5	-1	17829
1062	2014	172	WPG	CAR	0	-1	4	-6	0	9	-2	26	-1	15004
1063	2014	172	PHO	BOS	0	-2	5	-5	2	0	0	0	1	17468
1064	2014	172	EDM	CGY	0	-7	-6	2	-5	9	0	3	1	16839
1065	2014	172	SJ	WSH	0	-1	11	18	-2	-3	0	-3	0	17562
1066	2014	173	NYI	CBJ	1	2	-9	-4	0	1	14	1	1	15008
1067	2014	173	PIT	STL	0	-1	6	2	0	8	-6	1	0	18662
1068	2014	173	NJ	TOR	1	1	1	-7	6	5	4	1	-1	15328
1069	2014	173	CHI	NSH	0	-2	12	6	-3	1	-2	-6	0	21727
1070	2014	173	DET	MIN	0	-1	-9	-10	1	1	2	8	0	20066
1071	2014	173	VAN	BUF	1	2	18	7	5	-1	0	2	0	18910
1072	2014	173	ANA	FLA	1	4	10	9	3	8	-6	-9	1	17281
1073	2014	174	NYR	PHO	1	1	15	-16	4	8	6	9	-1	18006
1074	2014	174	PHI	LA	0	-1	-9	11	3	0	0	-1	0	19876
1075	2014	174	BOS	MTL	0	-1	7	2	1	6	0	12	0	17565
1076	2014	174	TB	OTT	0	-1	6	-16	3	4	-8	7	2	18486
1077	2014	174	DAL	WPG	1	1	-6	-6	4	3	0	-10	1	15967
1078	2014	174	CGY	SJ	1	1	-7	1	1	10	-2	7	0	19829
1079	2014	175	TOR	STL	0	-2	-24	-8	1	6	0	5	0	19505
1080	2014	175	PIT	PHO	0	-1	-4	0	2	-2	8	10	0	18632
1081	2014	175	WSH	LA	0	-1	-9	-8	2	6	-2	0	1	18506
1082	2014	175	CAR	NYI	0	-1	-4	10	11	4	-2	-17	2	15176
1084	2014	175	FLA	OTT	1	1	2	-5	5	-1	0	-13	-1	13435
1085	2014	175	CBJ	DET	1	2	-5	14	2	1	-2	1	2	15103
1086	2014	175	CHI	DAL	1	2	15	22	0	-2	-2	-6	1	21493
1087	2014	175	NSH	COL	0	-1	5	-4	8	1	-4	3	0	16438
1088	2014	175	EDM	SJ	0	-3	-4	-4	4	-3	2	-8	-3	16839
1089	2014	176	MIN	VAN	0	-3	12	2	1	6	-4	1	-1	19014
1090	2014	176	NYR	PHI	1	2	-2	-3	7	8	0	7	0	18006
1091	2014	176	CGY	ANA	0	-1	0	15	4	-4	2	1	-1	19289
1092	2014	177	BOS	CHI	1	3	-5	1	-2	0	2	15	0	17565
1093	2014	177	NJ	PHO	0	-1	1	-2	-2	-2	-2	-2	0	15583
1094	2014	177	PIT	LA	0	-1	5	3	0	6	-8	8	-1	18650
1095	2014	177	DET	MTL	0	-1	1	6	0	0	2	5	0	20066
1096	2014	177	TB	NYI	1	1	4	6	-4	9	0	-2	0	18554
1097	2014	177	FLA	CAR	0	-3	3	-3	2	5	-15	-2	0	12379
1098	2014	177	STL	MIN	1	4	-4	-8	0	0	-8	2	2	19646
1099	2014	177	NSH	BUF	1	5	1	5	1	1	2	-7	1	16729
1100	2014	177	COL	VAN	1	1	-3	-3	-5	4	4	11	-1	16965
1101	2014	177	SJ	WPG	0	-1	-1	5	8	8	2	1	0	17562
1102	2014	178	PHI	TOR	1	2	-5	4	0	2	-4	-9	2	19963
1103	2014	178	CBJ	PIT	0	-1	5	8	1	4	0	7	1	18908
1105	2014	178	DAL	NSH	1	4	1	-1	7	3	0	-22	1	18532
1106	2014	178	CGY	NYR	1	1	-13	2	4	5	-2	3	1	19289
1107	2014	178	EDM	ANA	1	1	-28	8	5	9	4	7	0	16839
1108	2014	179	WSH	BOS	0	-2	-3	0	9	-8	2	14	-2	18506
1109	2014	179	COL	SJ	1	1	-27	-5	5	3	0	13	0	18077
1110	2014	179	BUF	TB	0	-1	-5	0	-1	3	2	6	-2	19070
1111	2014	179	TOR	DET	0	-2	-1	10	1	3	2	10	0	20270
1112	2014	179	FLA	MTL	0	-3	18	2	1	1	2	8	0	17119
1113	2014	179	NYI	NJ	1	1	-4	-2	8	2	0	30	0	15108
1114	2014	179	CAR	CBJ	0	-1	-5	1	3	6	-4	-16	0	16714
1115	2014	179	STL	DAL	0	-2	8	9	-6	1	-12	10	2	19703
1116	2014	179	PHO	MIN	0	-2	-6	7	8	-2	16	6	1	16691
1117	2014	179	VAN	ANA	0	-4	11	4	2	0	4	4	-1	18910
1118	2014	179	LA	WPG	1	2	3	0	-1	0	2	12	-1	18118
1120	2014	180	DET	TB	1	1	2	-1	0	5	0	-4	1	20066
1121	2014	180	PHI	BOS	0	-1	22	10	-1	3	-4	-1	-1	19958
1122	2014	180	PIT	CHI	1	3	1	5	2	2	-2	18	0	18655
1123	2014	180	NSH	WSH	1	1	3	-1	6	-4	6	-3	-2	16553
1124	2014	180	EDM	NYR	0	-5	-6	8	0	9	6	11	-1	16839
1126	2014	181	NJ	FLA	1	3	10	4	3	-4	2	-14	1	15209
1127	2014	181	ANA	WPG	1	1	-1	13	3	5	4	9	0	17174
1128	2014	181	LA	MIN	0	-1	0	-2	-1	2	-2	3	-1	18118
1129	2014	182	BUF	NJ	1	1	-8	-10	4	0	-2	6	0	19070
1130	2014	182	TOR	CGY	1	1	-2	2	-1	4	24	-2	0	19482
1131	2014	182	NYI	FLA	1	2	18	1	-3	4	-12	14	0	11812
1132	2014	182	PIT	CAR	0	-3	3	9	3	10	0	6	-1	18635
1133	2014	182	WSH	DAL	0	-5	-1	5	3	2	-2	2	0	18506
1134	2014	182	CBJ	COL	0	-1	-2	3	7	-2	-2	21	-1	16550
1135	2014	182	TB	MTL	1	2	7	-13	3	3	-18	5	2	18808
1136	2014	182	STL	PHI	1	1	-3	7	4	1	-2	1	0	18647
1137	2014	182	VAN	NYR	0	-2	4	13	1	-2	15	7	-1	18910
1138	2014	182	PHO	WPG	0	-1	7	14	1	7	-2	20	0	13724
1139	2014	182	SJ	EDM	1	1	4	6	0	1	-8	-3	0	17562
1141	2014	183	DET	BOS	1	1	-15	-2	-3	2	4	-8	-1	20066
1142	2014	183	ANA	EDM	1	1	-6	2	2	3	0	22	-1	17174
1143	2014	183	LA	PHO	1	4	15	13	1	3	-4	13	2	18118
1144	2014	184	TOR	BOS	1	1	-7	4	-3	3	-2	-1	1	19609
1145	2014	184	PHI	CBJ	0	-2	10	8	-3	2	0	-3	-1	19981
1146	2014	184	CAR	DAL	1	3	-2	0	17	3	-24	1	2	15730
1147	2014	184	TB	CGY	0	-3	7	9	3	3	-2	-5	-1	17495
1148	2014	184	CHI	MIN	1	1	-1	3	5	5	2	-4	0	21791
1149	2014	184	STL	BUF	1	1	3	12	1	2	2	-2	-1	16146
1150	2014	184	WPG	PIT	0	-2	-6	6	1	5	-2	10	-1	15004
1151	2014	184	COL	NYR	1	1	6	6	-2	9	2	8	0	16721
1152	2014	184	SJ	LA	1	1	-6	-6	10	-2	6	20	1	17562
1154	2014	185	CBJ	CHI	0	-1	-11	-1	5	0	-2	26	0	18695
1155	2014	185	DET	BUF	1	1	8	11	4	4	0	-6	0	20066
1156	2014	185	FLA	CGY	0	-1	18	-2	3	1	4	12	1	12055
1157	2014	185	NJ	WSH	1	1	6	12	-3	4	-6	6	0	15218
1158	2014	185	PHO	EDM	0	-1	0	13	0	-5	-2	9	1	14732
1159	2014	185	ANA	NSH	0	-3	5	-8	0	-1	2	7	0	17174
1160	2014	186	BOS	PHI	1	3	16	7	0	-3	4	2	-1	17565
1161	2014	186	STL	COL	0	-4	2	4	3	0	33	6	-2	19153
1162	2014	186	NYI	WSH	0	-1	9	2	9	1	4	7	1	16008
1163	2014	186	TOR	WPG	0	-2	-16	1	5	8	-4	11	0	19544
1165	2014	186	TB	DAL	0	-3	1	9	1	4	12	1	0	19204
1166	2014	186	NYR	OTT	0	-1	9	10	4	1	8	4	0	18006
1167	2014	186	CAR	NJ	0	-2	4	7	6	11	-4	0	0	16123
1168	2014	186	MIN	PIT	1	4	0	4	6	3	0	-4	0	19409
1169	2014	186	VAN	LA	1	1	14	13	6	-2	-6	-2	0	18910
1170	2014	186	SJ	NSH	0	-3	11	-8	11	14	-2	5	0	17562
1171	2014	187	FLA	DAL	1	1	-13	4	5	1	10	18	-1	13366
1172	2014	187	CBJ	NYI	1	4	2	10	4	5	-8	-8	3	15667
1173	2014	187	PHI	BUF	1	3	18	-1	0	8	10	-1	0	19603
1174	2014	187	CHI	STL	1	2	12	-3	-2	3	-2	-17	-1	22184
1175	2014	187	COL	PIT	0	-1	9	14	-2	5	-6	-10	-1	18007
1176	2014	187	EDM	ANA	1	2	-8	4	3	4	4	-11	0	16839
1177	2014	188	NJ	CGY	0	-1	9	2	0	2	4	-9	-1	14297
1178	2014	188	WPG	MIN	0	-1	7	-4	4	-4	0	2	0	15004
1179	2014	188	VAN	ANA	0	-3	-5	6	3	6	-4	5	0	18910
1180	2014	189	BUF	DET	0	-2	-10	-15	2	4	4	11	0	18710
1181	2014	189	NYI	OTT	0	-3	14	2	8	-4	2	19	-1	12922
1182	2014	189	NYR	CAR	1	3	8	-14	1	-5	-6	7	2	18006
1183	2014	189	CBJ	PHO	1	1	-2	0	5	6	2	8	0	16289
1184	2014	189	TB	TOR	1	3	6	11	6	0	4	-1	1	18896
1185	2014	189	FLA	PHI	0	-3	13	1	2	4	4	5	0	12487
1186	2014	189	STL	WSH	0	-3	7	17	0	-1	2	13	-2	17447
1187	2014	189	MIN	BOS	1	1	0	14	6	-2	4	-2	-1	18893
1188	2014	189	DAL	NSH	1	1	1	-2	7	16	-2	2	0	16219
1189	2014	189	EDM	COL	0	-3	-10	-4	-5	4	-2	1	0	16839
1190	2014	190	CHI	MTL	1	1	-2	4	0	2	-4	-6	0	21571
1191	2014	190	PIT	DET	1	1	-13	15	-3	2	-4	6	2	18620
1192	2014	190	CGY	LA	1	1	-26	-17	9	8	0	8	0	19289
1193	2014	190	ANA	SJ	1	3	-8	4	-1	0	2	8	0	17322
1194	2014	191	NYR	BUF	1	1	6	1	-6	1	-4	-7	0	18006
1195	2014	191	CAR	WSH	0	-3	17	20	3	10	0	25	0	15735
1198	2014	191	TB	PHI	1	2	-6	0	3	2	0	3	0	19204
1199	2014	191	FLA	TOR	1	2	8	2	5	5	-12	-12	0	13110
1200	2014	191	NSH	PHO	1	2	-6	4	-4	3	0	1	1	17174
1201	2014	191	MIN	STL	1	2	-30	-9	1	2	-2	-1	-1	18664
1202	2014	191	WPG	BOS	1	1	4	6	5	-1	6	3	0	15004
1203	2014	191	EDM	LA	0	-3	-31	-6	-7	6	6	11	0	16839
1204	2014	191	VAN	COL	0	-2	12	8	-2	4	8	5	-1	18910
1205	2014	192	WSH	CHI	1	4	-7	5	11	-4	0	7	1	18506
1206	2014	192	DET	CAR	0	-1	10	-2	3	5	-4	-8	0	20066
1207	2014	192	TB	CBJ	1	1	-16	-1	0	6	0	-3	0	18686
1208	2014	192	NJ	NYI	0	-1	-3	-11	-4	2	4	-9	-1	15858
1209	2014	192	DAL	STL	1	3	18	1	6	6	-6	-14	1	18532
1210	2014	192	CGY	WPG	0	-2	11	-10	1	-1	-6	7	2	19289
1211	2014	192	SJ	COL	1	4	-3	1	3	-1	-10	-10	0	17562
1212	2014	193	BOS	BUF	1	3	5	13	-1	1	-21	-12	1	17565
1213	2014	193	PIT	PHI	0	-1	15	-2	-1	5	-4	11	-1	18673
1216	2014	193	FLA	CBJ	0	-1	-3	-4	-2	2	15	-12	-2	14241
1217	2014	193	NSH	CHI	1	2	8	7	-11	-1	0	10	0	17355
1218	2014	193	PHO	SJ	0	-1	0	6	-1	1	4	1	-1	15438
1219	2014	193	EDM	VAN	1	3	-20	2	1	7	-6	0	1	16839
1220	2014	193	LA	ANA	0	-1	6	0	5	4	0	14	0	18372
1221	2014	194	NJ	BOS	1	1	13	9	-1	6	0	-5	-1	16592
1222	2014	194	PHI	CAR	0	-1	6	-9	-1	-1	13	4	0	19727
1223	2014	194	WSH	TB	0	-1	-14	3	-1	2	0	12	0	18506
1224	2014	194	STL	DET	0	-3	2	11	-3	-1	2	12	0	18430
1225	2014	194	BUF	NYI	0	-1	14	2	-2	-2	0	-6	-1	18804
1226	2014	194	PIT	OTT	0	-1	-5	3	1	3	2	1	-1	18663
1227	2014	194	MIN	NSH	0	-4	-4	-14	4	2	-6	6	-1	18658
1228	2014	194	VAN	CGY	1	4	1	3	-3	-2	-5	-1	2	18910
1229	2014	194	ANA	COL	1	1	5	0	-1	2	-2	-8	0	17528
1230	2014	194	PHO	DAL	1	1	14	6	1	0	-12	9	-1	15146