
1	2012	5	BOS	PHI	0	-1	-6	13	6	6	-4	2	0	17565
2	2012	5	TOR	MTL	1	2	-14	4	4	2	4	5	0	19606
3	2012	5	VAN	PIT	0	-1	8	3	3	8	0	5	-2	18860
4	2012	6	CAR	TB	0	-4	-1	-6	-2	3	2	10	-2	18680
5	2012	6	DET	OTT	1	2	7	-4	3	-3	-4	-10	-2	20066
6	2012	6	CBJ	NSH	0	-1	3	14	2	9	-4	13	-1	18247
7	2012	6	BUF	ANA	1	3	-5	5	-2	-1	2	-7	2	13349
8	2012	6	DAL	CHI	1	1	-5	-1	1	1	4	18	0	15285
9	2012	6	LA	NYR	1	1	4	-10	-4	5	-18	3	1	13800
10	2012	7	BOS	TB	1	3	16	-8	3	4	2	4	0	17565
11	2012	7	TOR	OTT	1	1	3	-3	5	0	-12	3	0	19324
12	2012	7	NJ	PHI	0	-3	-9	9	2	1	26	2	0	17625
13	2012	7	WSH	CAR	1	1	5	11	6	-6	-2	-2	0	18506
14	2012	7	NYI	FLA	0	-2	-2	-2	4	0	-6	-5	-1	16234
15	2012	7	STL	NSH	0	-2	17	-1	1	4	-2	5	-1	19150
16	2012	7	MIN	CBJ	1	2	-5	3	6	-2	4	-10	2	19040
17	2012	7	CHI	DAL	1	3	10	-1	0	3	-2	-15	0	21674
18	2012	7	COL	DET	0	-3	-10	14	-2	3	4	4	0	18007
19	2012	7	CGY	PIT	0	-2	-17	0	6	6	2	9	-2	19289
20	2012	7	ANA	NYR	1	1	13	-9	-3	3	-2	-7	0	13800
21	2012	7	SJ	PHO	1	3	23	-2	1	10	2	-18	0	17562
22	2012	7	LA	BUF	0	-2	7	5	-2	-1	4	-2	0	14300
23	2012	8	WPG	MTL	0	-4	9	0	3	-1	-6	19	-1	15004
24	2012	8	EDM	PIT	1	1	1	-7	-1	14	17	3	-1	16839
25	2012	9	BOS	COL	0	-1	-6	8	-7	-2	2	8	0	17565
26	2012	9	NJ	CAR	1	2	0	-4	5	3	0	-2	1	12096
27	2012	9	NYI	MIN	1	1	-7	-6	6	0	8	-9	1	11278
28	2012	9	STL	CGY	1	3	18	17	1	9	-2	1	-1	19150
29	2012	9	WSH	TB	1	1	15	-6	11	-2	-8	6	0	18506
30	2012	9	CBJ	VAN	0	-1	0	-4	10	3	-2	2	-1	9187
31	2012	9	DAL	PHO	1	1	-16	-8	-3	12	-2	1	-1	6306
32	2012	10	PIT	FLA	1	2	-5	5	3	-1	2	-3	0	18503
34	2012	11	CBJ	COL	0	-1	1	8	7	2	2	-8	0	8986
35	2012	11	PHI	VAN	1	1	-13	6	-1	7	4	4	0	19632
36	2012	11	CAR	BOS	1	1	6	9	2	3	-2	3	1	16483
37	2012	12	NJ	LA	1	1	10	1	7	2	-2	0	0	12256
38	2012	12	NYI	TB	1	4	-1	3	2	3	-2	16	0	9759
39	2012	12	PIT	WSH	0	-1	22	2	3	0	-8	-5	0	18512
42	2012	12	DET	VAN	1	2	12	-3	3	2	-2	12	0	20066
43	2012	12	NSH	PHO	0	-3	-6	-1	2	3	-2	-2	0	17113
44	2012	12	MIN	EDM	1	1	13	-2	2	0	-6	3	0	15878
45	2012	12	CHI	WPG	1	1	2	16	8	3	-2	-14	1	21175
46	2012	12	DAL	STL	1	1	-14	-6	-1	4	-2	9	1	7949
47	2012	13	BUF	CAR	0	-1	8	-2	-2	0	0	0	-1	18690
48	2012	13	ANA	SJ	1	1	-8	-8	1	-1	4	5	0	17243
49	2012	14	TOR	CGY	1	1	-7	7	-3	-2	-2	-2	0	19410
51	2012	14	NYI	NYR	1	2	3	0	-1	-4	-6	-17	2	16234
52	2012	14	PHI	LA	0	-1	8	0	-3	2	-10	-6	0	19644
53	2012	14	PIT	BUF	0	-1	3	6	1	3	-2	9	0	18562
54	2012	14	WSH	OTT	1	1	-8	-3	2	2	-4	7	1	18506
55	2012	14	PHO	WPG	1	3	15	9	1	5	-4	-1	1	17132
56	2012	14	FLA	TB	1	1	8	4	-4	3	-8	-13	2	18352
57	2012	14	NSH	NJ	0	-1	-10	9	9	2	7	10	0	17113
58	2012	14	MIN	DET	0	-1	-27	2	13	3	4	8	-1	17104
59	2012	14	DAL	CBJ	1	2	18	1	3	-1	2	-1	0	8305
60	2012	14	CHI	BOS	0	-1	-8	-3	13	0	0	-6	0	22073
61	2012	14	EDM	VAN	0	-1	4	3	3	20	-4	4	0	16839
62	2012	14	SJ	STL	0	-2	16	8	-3	6	2	0	1	17562
63	2012	15	ANA	STL	1	2	-7	5	1	-2	0	8	1	14555
64	2012	16	TOR	COL	0	-1	5	-14	-3	7	-4	7	-1	19359
65	2012	16	TB	FLA	0	-3	6	-1	-2	2	22	1	-4	19204
66	2012	16	WPG	PIT	1	1	5	0	5	-2	-4	3	0	15004
67	2012	16	EDM	NSH	1	2	13	-2	8	4	-2	0	1	16839
68	2012	16	SJ	ANA	0	-1	21	9	5	3	4	7	0	17562
69	2012	17	BOS	CAR	0	-3	11	1	0	1	48	11	-1	17565
70	2012	17	WSH	FLA	1	3	12	-1	9	-5	2	10	1	18506
71	2012	17	CBJ	DAL	0	-1	22	-4	2	3	-4	12	1	9158
74	2012	17	MIN	PIT	0	-2	1	-7	0	4	-6	5	-1	17297
75	2012	17	CGY	EDM	1	1	3	13	2	7	8	-4	-1	19289
76	2012	17	VAN	NYR	0	-4	21	2	-2	3	-8	-9	0	18860
77	2012	17	PHO	CHI	0	-3	-19	-1	-4	3	4	12	-1	11051
78	2012	17	LA	STL	1	5	-3	8	5	5	0	1	1	18118
79	2012	18	TOR	WPG	1	1	-6	8	4	6	0	0	0	19514
80	2012	19	BOS	TOR	1	4	15	6	-5	0	-4	-9	2	17565
81	2012	19	PHI	WSH	0	-3	14	5	-6	4	6	9	-1	19658
82	2012	19	PIT	MTL	1	2	4	12	-1	0	-2	11	0	18403
84	2012	19	TB	NYI	1	3	13	1	1	1	-2	2	1	18181
85	2012	19	FLA	BUF	0	-3	-16	2	-1	0	4	16	-1	14811
86	2012	19	COL	CHI	0	-2	2	8	3	3	2	5	0	17523
87	2012	19	CGY	NYR	0	-1	6	1	2	5	-16	8	0	19289
88	2012	19	EDM	MIN	0	-1	0	2	7	1	4	-4	0	16839
89	2012	19	VAN	NSH	1	4	14	-3	5	6	-12	0	2	18860
90	2012	19	PHO	LA	0	-2	6	-1	2	9	0	3	-1	7128
91	2012	20	NJ	SJ	0	-1	-22	-6	-1	12	2	-3	1	14319
92	2012	20	DET	CBJ	1	3	-1	-1	-3	7	-2	-17	2	20066
93	2012	20	STL	CAR	1	1	14	16	4	3	2	9	0	19150
94	2012	20	ANA	DAL	0	-2	17	-5	2	3	-6	-4	1	12919
95	2012	21	CGY	NSH	0	-2	19	-5	3	4	-2	-1	0	19289
96	2012	21	VAN	MIN	1	1	9	9	5	2	2	7	2	18860
97	2012	21	BOS	SJ	0	-2	9	14	2	17	0	6	0	17565
100	2012	21	PHI	STL	0	-2	11	7	0	-3	-2	3	0	19593
101	2012	21	PIT	NJ	1	3	5	5	6	9	-8	-1	2	18535
102	2012	21	WSH	DET	1	6	-8	-5	0	0	0	2	1	18506
103	2012	21	WPG	CAR	1	2	0	5	7	-8	0	3	2	15004
104	2012	21	TB	BUF	1	3	5	-3	5	2	4	-1	0	19204
105	2012	21	FLA	NYI	1	2	5	-9	6	-1	6	-5	-2	15411
106	2012	21	CHI	COL	0	-1	14	6	4	3	-6	-16	1	21328
107	2012	21	EDM	NYR	1	2	8	5	3	12	0	-13	1	16839
108	2012	21	LA	DAL	1	1	-4	-6	2	-2	0	1	0	18118
109	2012	22	ANA	PHO	0	-1	-2	-2	-5	6	-2	7	0	13240
110	2012	23	PHI	TOR	1	2	4	-12	1	5	-4	2	2	19569
112	2012	23	WPG	NYR	0	-1	11	7	1	9	8	4	-2	15004
113	2012	24	BUF	TB	0	-1	16	12	6	-3	0	2	0	18690
114	2012	24	NYI	PIT	0	-3	4	1	0	-5	0	2	0	10681
115	2012	24	CAR	OTT	0	-1	6	4	0	4	-6	2	0	12083
116	2012	24	CBJ	DET	1	3	1	7	6	-1	-6	10	1	15100
117	2012	24	NSH	SJ	0	-2	-16	0	0	6	-4	4	1	15121
118	2012	24	CHI	ANA	1	1	4	0	2	1	6	3	-1	21247
119	2012	24	EDM	VAN	1	1	-15	-3	1	8	2	-3	0	16839
120	2012	24	PHO	DAL	0	-1	-1	-10	6	9	0	-5	0	6948
121	2012	24	LA	NJ	0	-3	8	5	3	2	2	2	0	18118
123	2012	25	CGY	COL	1	2	-2	-9	0	14	-2	1	0	19289
124	2012	25	VAN	STL	0	-3	1	-12	3	0	2	9	0	18860
125	2012	26	BOS	MTL	0	-1	-5	-1	-3	4	-8	-1	1	17565
126	2012	26	BUF	CBJ	1	2	-17	6	1	2	6	4	2	18690
127	2012	26	NYR	TOR	0	-2	-6	0	4	7	2	2	0	18200
128	2012	26	PHI	WPG	0	-1	23	-10	-5	1	0	7	-1	19588
129	2012	26	PIT	NYI	1	1	13	13	-1	4	-6	-3	1	18461
131	2012	26	NSH	TB	1	2	-5	9	2	4	-2	6	-1	16619
132	2012	26	MIN	ANA	0	-1	9	9	3	6	4	8	0	15723
133	2012	26	DAL	LA	0	-2	4	2	-2	3	2	8	0	8443
134	2012	26	EDM	WSH	1	1	-16	-3	3	5	-6	0	2	16839
135	2012	26	PHO	NJ	1	2	8	5	5	3	-8	2	1	7434
136	2012	27	CAR	CHI	1	3	3	3	1	6	-4	1	0	16056
137	2012	27	DET	SJ	0	-2	2	9	1	5	-2	9	0	20066
138	2012	27	COL	EDM	0	-2	22	13	-3	-1	10	-1	0	15057
139	2012	27	CGY	STL	1	2	-11	-4	7	10	0	5	0	19289
140	2012	28	NYR	OTT	0	-1	-12	5	6	5	-9	5	1	18200
141	2012	28	BUF	FLA	0	-1	-10	1	-3	0	-7	6	0	18690
142	2012	28	TOR	PIT	1	1	-8	-5	1	6	4	-1	0	19526
144	2012	28	NYI	SJ	0	-1	7	3	8	10	2	9	0	11742
145	2012	28	PHI	CAR	1	4	9	-9	2	1	-4	0	0	19683
146	2012	28	TB	WPG	1	1	-1	0	1	3	-4	7	1	19204
147	2012	28	NSH	ANA	1	3	9	2	2	8	-10	6	1	16395
148	2012	28	MIN	DET	1	1	-16	-4	1	4	-2	3	0	17233
149	2012	28	DAL	NJ	1	2	-9	-1	5	-2	2	12	0	11740
150	2012	28	CHI	CBJ	1	3	9	12	2	6	0	-17	0	21114
151	2012	28	PHO	LA	1	1	-6	-7	-1	1	4	-1	0	10379
152	2012	28	VAN	WSH	1	3	11	10	2	0	-2	14	1	18860
153	2012	29	CBJ	ANA	1	2	1	5	5	2	0	-8	1	16022
155	2012	29	COL	LA	1	1	-16	4	8	3	0	3	-1	12355
156	2012	29	EDM	STL	1	2	0	1	-3	-1	-2	-12	1	16839
157	2012	30	NYR	SJ	1	3	5	-3	4	1	-2	0	1	17852
158	2012	30	FLA	WPG	0	-1	11	12	7	4	-8	-23	0	11855
159	2012	30	CHI	NSH	1	1	7	10	8	9	-20	-7	-1	20721
160	2012	31	BOS	OTT	1	2	15	4	4	2	-8	-1	1	17565
161	2012	31	WSH	ANA	1	1	25	-3	-2	5	-4	0	-1	18506
162	2012	31	CAR	TB	1	2	1	-7	4	2	2	8	1	13374
163	2012	31	DET	MIN	0	-1	10	-4	2	-3	8	7	-1	20066
164	2012	31	CGY	VAN	0	-4	8	-11	5	6	0	14	-2	19289
165	2012	32	BUF	PHI	0	-1	5	8	3	5	-14	3	0	18299
166	2012	32	NJ	TOR	0	-2	-1	-10	2	7	0	11	2	13033
167	2012	32	COL	PHO	0	-3	12	-5	3	5	-6	1	0	12141
168	2012	33	NYI	WPG	0	-3	8	5	0	5	-6	4	0	10157
169	2012	33	NYR	ANA	1	1	-3	2	2	-1	-4	-3	0	18200
170	2012	33	PHI	NJ	0	-1	-16	2	-3	10	-6	-8	0	19667
171	2012	33	CBJ	TOR	0	-3	21	5	5	1	-4	16	0	14306
172	2012	33	FLA	CHI	0	-1	10	1	1	7	0	6	0	15929
173	2012	33	DET	CGY	0	-3	7	-3	2	-3	2	8	-1	20066
174	2012	33	MIN	VAN	1	4	20	-5	7	1	-6	8	0	16534
175	2012	33	PHO	NSH	0	-3	4	-5	-2	0	-2	-7	0	6738
176	2012	33	LA	EDM	0	-3	-8	10	1	3	2	13	0	18118
177	2012	33	SJ	PIT	1	1	1	13	10	4	-2	-12	0	17562
178	2012	34	CAR	WSH	0	-4	-7	-5	-7	4	-2	21	-1	14589
179	2012	34	BUF	CGY	1	1	14	-7	1	1	-2	3	0	18690
181	2012	34	TB	CHI	1	1	0	7	1	2	2	8	0	19204
182	2012	34	STL	VAN	1	1	-2	3	1	3	0	3	-1	19150
183	2012	34	DAL	COL	1	1	-11	3	3	7	-2	10	1	11981
184	2012	35	TOR	BOS	0	-7	5	6	4	7	-4	3	-1	19497
186	2012	35	NJ	WPG	1	1	5	-17	4	3	2	0	0	14952
187	2012	35	NYI	WSH	1	2	7	-3	4	4	-1	1	-1	14812
188	2012	35	NYR	MTL	1	2	1	11	4	7	-12	-7	0	18200
189	2012	35	PHI	CBJ	1	7	-2	0	2	1	-4	-16	1	19784
190	2012	35	DET	ANA	1	5	28	16	7	2	-20	-6	1	20066
191	2012	35	MIN	STL	1	1	-5	5	1	3	-2	-1	0	16917
192	2012	35	PHO	EDM	1	2	4	2	1	0	-2	8	1	13381
193	2012	35	LA	PIT	0	-1	-7	13	1	5	6	-2	-1	18118
194	2012	35	SJ	NSH	0	-1	3	2	4	7	-2	-3	0	17562
195	2012	36	CAR	DAL	0	-3	5	-2	-4	-1	-10	2	1	14815
196	2012	36	FLA	TB	0	-1	4	10	6	5	2	-10	0	15066
197	2012	36	NYR	WPG	1	3	4	11	0	1	-4	1	1	18200
198	2012	36	CHI	VAN	0	-4	2	4	1	3	12	-6	-5	21883
199	2012	36	COL	CGY	0	-1	10	2	2	6	-2	2	-1	15356
200	2012	37	BOS	NYI	1	4	11	7	7	-1	6	-1	1	17565
201	2012	37	SJ	LA	1	2	7	-13	3	1	0	-8	-1	17562
202	2012	38	BUF	WPG	1	1	14	19	-1	2	-24	-4	3	18690
203	2012	38	TOR	FLA	0	-4	11	-6	2	0	0	16	0	19414
204	2012	38	NJ	CAR	1	1	9	10	2	6	-6	-10	0	13056
205	2012	38	WSH	DAL	0	-3	-4	12	3	-3	2	1	0	18506
207	2012	38	DET	COL	1	3	4	-2	-3	6	-16	-5	0	20066
208	2012	38	STL	CHI	1	3	-6	4	0	-2	4	5	1	19150
209	2012	38	CGY	MIN	0	-3	15	-10	-4	3	-18	6	-1	19289
210	2012	38	LA	NSH	1	1	0	3	6	3	0	-6	0	17963
212	2012	39	TB	PHI	1	1	9	-4	7	2	-4	0	0	19204
213	2012	39	ANA	NSH	0	-2	1	7	-1	7	-4	7	0	13529
214	2012	40	BOS	EDM	1	3	-2	9	1	-3	0	-2	1	17565
215	2012	40	CBJ	CHI	0	-3	-6	8	-3	1	-4	21	0	15048
216	2012	40	STL	TOR	0	-1	18	-19	1	-1	-4	-4	-1	19150
217	2012	40	WPG	FLA	0	-3	7	5	3	10	4	16	-1	15004
218	2012	40	COL	NYI	1	1	18	-6	-6	1	-16	17	1	13221
219	2012	40	PHO	MTL	0	-1	-2	-4	3	-2	-2	0	0	14138
220	2012	40	LA	VAN	0	-1	-2	6	-2	-5	1	-1	-1	18118
221	2012	40	SJ	MIN	1	2	14	7	10	8	-4	1	2	17562
222	2012	41	NJ	WSH	0	-2	13	4	1	0	-2	5	0	15230
223	2012	41	NYR	CAR	1	4	5	-1	5	0	-2	11	1	18200
224	2012	41	PIT	DAL	1	2	12	5	1	3	-6	11	2	18585
225	2012	41	BUF	OTT	1	4	-16	1	-2	0	-2	-19	-1	18690
226	2012	41	DET	EDM	1	3	6	3	-1	2	-18	4	0	20066
227	2012	41	CHI	CGY	1	3	6	3	7	6	-6	-19	1	21720
228	2012	41	ANA	VAN	1	1	-20	-4	0	2	-11	-1	1	17339
229	2012	42	BOS	BUF	1	4	12	16	2	0	2	12	-1	17565
230	2012	42	TOR	OTT	0	-3	9	9	7	3	-4	-16	-1	19553
231	2012	42	WSH	NJ	0	-1	-2	3	3	4	0	5	0	18506
232	2012	42	CAR	PIT	1	2	-14	-2	0	11	2	4	0	16260
233	2012	42	DET	DAL	1	3	13	13	5	5	-4	-4	-1	20066
234	2012	42	CBJ	WPG	1	1	-9	8	4	5	2	4	0	15581
235	2012	42	NSH	MTL	0	-1	1	-10	8	5	-2	15	0	17113
236	2012	42	STL	TB	1	3	5	-2	6	1	2	9	0	19150
237	2012	42	COL	CGY	0	-1	19	9	-3	1	-4	16	0	14919
238	2012	42	LA	MIN	1	3	10	0	-2	4	-7	-12	0	18118
239	2012	42	SJ	PHO	0	-3	8	-3	-6	13	-2	0	0	17562
240	2012	43	FLA	PHI	0	-1	-2	1	7	1	16	-5	0	15215
241	2012	43	CHI	EDM	1	3	12	-3	-1	1	-2	-5	0	21110
242	2012	43	ANA	MIN	0	-1	8	-5	-2	5	2	-2	0	13803
243	2012	43	VAN	NYI	1	3	12	2	2	4	-6	1	1	18860
244	2012	44	CAR	PHI	0	-2	-8	6	7	3	2	2	-1	14491
246	2012	44	WPG	TB	1	3	7	8	1	6	8	7	1	15004
247	2012	45	BOS	NJ	1	1	7	8	0	-1	6	5	-1	17565
248	2012	45	TOR	PHO	0	-1	2	-1	4	3	0	7	1	19522
249	2012	45	NYI	NYR	0	-2	3	3	7	12	-2	5	1	16234
250	2012	45	PIT	COL	1	3	6	6	0	6	-8	4	1	18483
251	2012	45	CBJ	MIN	0	-2	21	-8	4	4	2	2	0	10833
252	2012	45	STL	DET	1	1	15	-2	4	-2	17	8	1	19150
253	2012	45	NSH	WSH	1	2	-9	-1	0	6	2	7	0	14863
254	2012	45	DAL	FLA	0	-6	-5	6	-2	4	4	16	0	10175
255	2012	45	CGY	OTT	0	-2	7	-3	5	0	-4	1	0	19289
257	2012	46	BUF	NJ	0	-2	11	2	-1	-2	0	-2	0	18690
258	2012	46	VAN	CHI	0	-4	2	-1	1	1	4	13	-2	18860
259	2012	46	LA	ANA	1	1	0	0	0	0	0	0	0	18118
260	2012	47	BOS	CBJ	1	1	-4	-3	-7	-4	4	-5	-1	17565
261	2012	47	NYI	MTL	1	1	4	-8	5	5	2	4	-1	9928
262	2012	47	PHI	PHO	1	1	11	-4	2	0	12	1	0	19610
263	2012	47	TB	PIT	1	3	-16	-3	2	7	2	8	2	18509
264	2012	47	STL	FLA	1	3	10	2	-1	-2	9	14	0	17642
265	2012	47	NSH	TOR	1	3	-17	-21	1	0	8	6	-1	16135
266	2012	47	MIN	COL	1	1	-9	4	1	2	2	-2	0	16779
267	2012	47	WPG	WSH	1	3	-1	-5	1	2	0	4	2	15004
268	2012	47	EDM	OTT	0	-3	8	10	-2	3	2	1	1	16839
269	2012	47	ANA	LA	0	-2	2	-10	0	2	2	4	0	15412
270	2012	47	SJ	DET	1	3	-14	10	7	8	4	5	-2	17562
271	2012	48	CAR	BUF	0	-1	14	-4	3	5	-2	11	-1	15072
272	2012	48	COL	DAL	1	3	21	17	1	1	-8	-10	2	16091
273	2012	48	CGY	CHI	1	3	-6	-9	1	-2	4	4	-1	19289
274	2012	49	WPG	PHI	1	2	9	15	1	-6	-8	5	1	15004
275	2012	49	LA	DET	0	-3	-14	-5	-7	8	0	8	-2	18118
276	2012	49	BUF	PHO	0	-2	16	4	8	3	2	-11	0	18690
277	2012	49	TOR	WSH	1	6	-12	-3	8	16	0	8	3	19594
279	2012	49	NYI	BOS	0	-6	-7	-12	10	-2	6	10	-1	16011
280	2012	49	TB	NJ	0	-2	-1	-2	1	-1	4	-6	-2	18894
281	2012	49	FLA	PIT	1	1	-10	2	6	9	-2	-1	2	18071
282	2012	49	NSH	CBJ	0	-1	1	3	5	4	-6	-3	0	16776
283	2012	49	MIN	STL	1	1	5	8	0	3	0	-4	1	17259
284	2012	49	DAL	SJ	0	-3	-7	-5	4	6	6	36	-2	13711
285	2012	49	EDM	CHI	1	7	-2	-4	-2	4	8	-1	2	16839
286	2012	50	CAR	TOR	1	1	16	17	4	7	-6	5	0	13187
287	2012	50	COL	SJ	0	-3	19	-6	7	2	20	9	-1	15013
288	2012	50	ANA	DET	0	-2	4	15	-2	6	2	3	1	17229
289	2012	50	VAN	OTT	1	1	-2	0	3	-1	2	-3	1	18890
290	2012	51	PHI	CAR	0	-2	1	-9	-1	-5	0	-4	-1	19632
291	2012	51	PIT	NYI	1	5	7	7	1	2	4	-19	1	18571
292	2012	51	WSH	PHO	1	1	8	1	-3	5	-6	7	1	18506
293	2012	51	CBJ	CGY	1	3	2	13	2	-1	0	4	0	11629
295	2012	51	FLA	NJ	1	1	11	-3	-5	4	-4	-13	0	13122
296	2012	51	DAL	EDM	1	3	17	-3	11	6	6	14	0	11458
297	2012	52	TB	TOR	0	-6	2	2	2	1	-2	2	-1	19204
298	2012	52	STL	LA	0	-1	-3	1	4	0	0	0	-1	18178
299	2012	52	NSH	EDM	0	-4	0	4	-3	3	-4	0	-1	16838
300	2012	53	BUF	BOS	0	-1	-5	-8	6	1	0	15	0	18690
301	2012	53	NJ	CBJ	1	1	-12	6	1	3	6	2	0	15585
302	2012	53	NYI	PHI	0	-1	-1	-1	5	-2	0	-10	0	11086
303	2012	53	PIT	STL	0	-1	-10	12	-9	3	4	4	1	18583
304	2012	53	WSH	WPG	1	1	12	3	2	5	-2	8	0	18506
305	2012	53	CAR	MTL	0	-1	-1	-2	-3	5	-2	9	0	14862
306	2012	53	DET	CGY	1	2	8	13	2	6	0	-11	2	20066
307	2012	53	FLA	NYR	1	1	18	-5	3	6	-8	-31	1	17461
308	2012	53	MIN	NSH	1	1	5	6	2	-2	0	2	0	16981
309	2012	53	DAL	LA	1	1	14	-2	5	0	0	3	0	11779
310	2012	53	COL	VAN	0	-3	-5	0	3	2	-4	0	0	15538
311	2012	53	PHO	ANA	1	2	8	7	5	0	-22	-7	1	9124
312	2012	53	SJ	CHI	1	1	-13	2	4	4	0	5	1	17562
313	2012	55	BOS	DET	0	-1	12	-3	1	4	0	8	0	17565
314	2012	55	NYI	NJ	0	-1	0	15	4	1	-4	5	-1	15358
315	2012	55	PHI	MTL	1	2	12	7	9	0	4	2	0	19991
316	2012	55	MIN	EDM	0	-3	3	20	5	9	0	1	0	18092
317	2012	55	WSH	NYR	0	-3	-12	-12	4	11	2	12	0	18506
318	2012	55	ANA	CHI	0	-1	-14	0	-4	-1	8	9	-1	17174
319	2012	55	PIT	OTT	1	3	13	11	4	0	0	-4	1	18610
320	2012	55	CAR	WPG	0	-2	-9	4	0	13	-6	4	0	15718
321	2012	55	CBJ	BUF	1	4	5	2	7	-1	-2	3	1	16705
322	2012	55	FLA	TB	0	-1	-7	5	-4	4	-4	-24	-1	17380
323	2012	55	STL	CGY	1	2	0	1	4	-1	4	0	0	19150
324	2012	55	DAL	TOR	0	-1	6	6	10	4	2	13	-1	18532
325	2012	55	PHO	VAN	0	-5	-15	-7	-4	2	4	5	0	14569
326	2012	56	NJ	NYI	0	-1	0	-1	-4	7	-2	1	0	16014
327	2012	56	NYR	PHI	1	2	3	-7	5	0	0	-12	1	18200
328	2012	56	COL	EDM	1	3	-4	2	6	2	0	10	1	17684
329	2012	56	BOS	WPG	1	2	-6	11	-2	-1	-6	-7	1	17565
330	2012	56	BUF	WSH	1	4	1	-7	10	0	4	3	0	18690
332	2012	56	TB	FLA	1	4	9	2	1	1	6	13	0	17841
333	2012	56	DET	NSH	1	3	18	-4	0	0	2	-1	1	20066
334	2012	56	PHO	DAL	1	3	13	3	3	0	0	-2	0	10036
335	2012	56	SJ	VAN	0	-1	18	7	4	8	-4	-2	-1	17562
336	2012	56	LA	CHI	0	-1	0	1	3	-3	0	14	0	18118
338	2012	57	CBJ	STL	0	-1	-5	0	0	0	2	-1	-1	14151
339	2012	57	MIN	CGY	0	-3	-14	4	1	5	-6	6	1	16864
340	2012	57	ANA	TOR	0	-3	0	-4	-2	-2	4	2	0	13685
341	2012	58	MIN	TB	1	2	-9	10	1	5	0	2	0	16628
342	2012	58	COL	DAL	0	-2	1	1	1	4	12	4	0	12015
343	2012	58	EDM	NSH	0	-1	-13	3	1	1	-1	-2	-1	16839
344	2012	58	LA	SJ	1	2	0	-4	0	2	0	10	0	18118
345	2012	59	BUF	NYI	0	-1	1	-1	0	5	-2	4	-1	18690
346	2012	59	NYR	PIT	1	1	3	14	6	2	-4	19	1	18200
347	2012	59	WSH	STL	0	-1	-11	-5	3	11	4	-3	0	18506
348	2012	59	CAR	FLA	0	-2	6	8	-2	0	-6	12	-1	13065
349	2012	59	WPG	OTT	0	-2	9	-3	1	-6	-2	7	0	15004
350	2012	59	CHI	PHO	0	-3	1	5	2	-1	2	-1	0	21183
351	2012	59	CGY	NSH	1	1	3	-1	2	6	2	7	0	19289
352	2012	59	VAN	CBJ	1	3	-14	5	4	5	2	3	0	18890
353	2012	60	TOR	BOS	0	-3	-3	-8	-2	1	6	-1	0	19643
354	2012	60	DET	TB	1	2	12	15	8	2	-2	-9	0	20066
355	2012	60	COL	NJ	1	5	6	6	3	1	-8	1	0	14251
356	2012	60	EDM	MIN	0	-1	1	-9	-3	4	2	5	0	16839
357	2012	60	ANA	MTL	1	3	7	0	4	-3	0	12	2	13237
358	2012	61	WSH	PIT	0	-1	-18	16	6	8	2	15	0	18506
359	2012	61	CAR	NYR	0	-2	4	2	8	5	14	-1	-1	12566
360	2012	61	WPG	PHO	1	1	-2	4	2	-3	-2	6	0	15004
361	2012	61	DAL	OTT	1	1	-3	12	3	0	-4	-7	1	10490
362	2012	61	CGY	CBJ	0	-1	2	-19	2	3	6	-2	0	19289
363	2012	61	VAN	NSH	0	-1	17	5	5	5	-2	0	-1	18890
364	2012	61	LA	FLA	1	1	-16	-5	1	4	8	27	1	17720
365	2012	61	SJ	MTL	1	1	9	15	0	10	0	1	0	17562
366	2012	62	BUF	DET	0	-3	-8	5	-2	6	2	10	-1	18690
367	2012	62	MIN	NJ	1	2	-15	5	4	-1	4	-7	0	17310
368	2012	62	CHI	NYI	1	1	-5	8	1	4	0	-11	-1	21463
369	2012	62	COL	STL	1	1	-2	-5	11	1	-2	4	-1	15966
370	2012	62	EDM	CBJ	1	3	-5	6	1	6	4	5	0	16839
371	2012	62	ANA	PHI	0	-1	-25	10	-1	3	12	1	-2	15975
372	2012	63	LA	MTL	0	-1	0	8	1	4	-2	-7	0	18118
373	2012	63	BOS	TOR	1	3	8	19	0	-2	4	-5	0	17565
374	2012	63	WSH	OTT	1	1	1	2	0	2	-6	3	0	18506
375	2012	63	CAR	PIT	0	-1	-8	4	7	8	-4	-2	1	17696
376	2012	63	WPG	NJ	1	2	-5	6	4	-3	4	8	-1	15004
377	2012	63	TB	NYR	0	-2	-10	-6	8	-2	2	-13	0	19204
378	2012	63	STL	CHI	0	-3	-11	4	3	2	-2	5	-2	19150
379	2012	63	NSH	BUF	0	-1	20	9	5	2	-1	1	1	17113
380	2012	63	PHO	PHI	0	-2	8	4	0	1	-2	33	-2	14913
381	2012	63	DAL	NYI	0	-1	7	-3	2	6	2	9	-1	14423
382	2012	63	EDM	CGY	0	-2	-3	0	-2	4	-6	0	-2	16839
383	2012	63	SJ	FLA	0	-2	-9	11	-12	4	14	18	-1	17562
384	2012	64	COL	DET	1	2	6	-3	13	-1	4	22	0	17014
385	2012	64	ANA	MIN	0	-2	-9	6	0	5	0	20	0	14002
386	2012	64	VAN	CGY	1	4	14	11	1	4	-4	-11	2	18890
387	2012	65	NYR	TOR	0	-2	2	6	0	2	-2	14	0	18200
388	2012	65	PIT	BOS	0	-2	19	-1	2	3	0	11	-1	18585
390	2012	65	FLA	WSH	1	1	-2	-4	6	4	-18	3	3	16337
391	2012	65	CHI	PHO	0	-1	8	10	-1	2	-4	5	1	21079
392	2012	66	TOR	NJ	0	-1	5	1	2	1	4	8	-2	19513
393	2012	66	NYI	TB	1	4	10	-2	6	3	-4	9	2	9486
395	2012	66	STL	DET	1	1	-3	-10	3	0	-2	8	0	19150
396	2012	66	NSH	PHO	0	-1	-3	2	0	0	-4	-3	1	15638
397	2012	66	WPG	BOS	1	1	-5	5	-1	-2	0	8	0	15004
398	2012	66	CGY	CAR	1	1	1	-9	2	4	2	7	1	19289
399	2012	66	VAN	COL	1	6	-10	0	-4	3	-3	-22	1	18890
400	2012	66	ANA	LA	1	1	-12	3	1	-4	0	7	0	14419
401	2012	66	SJ	MIN	0	-1	21	5	2	1	-2	-10	-1	17562
403	2012	67	BUF	PHI	0	-1	-10	-6	-2	0	4	-6	2	18690
404	2012	67	EDM	CAR	0	-2	-8	2	-4	3	4	2	-2	16839
405	2012	68	BOS	FLA	0	-2	10	6	-1	2	-6	-3	0	17565
406	2012	68	NJ	OTT	1	1	2	-10	1	-1	-10	0	-1	13743
407	2012	68	NYI	CHI	0	-1	5	6	9	8	-6	11	-1	10711
408	2012	68	NYR	TB	0	-1	-1	1	3	6	-4	-1	1	18200
409	2012	68	PHI	PIT	1	1	2	1	-2	8	-2	-1	0	19936
410	2012	68	CBJ	NSH	0	-1	2	0	4	2	0	-1	-1	13852
412	2012	68	DET	PHO	1	3	0	-3	2	-1	-2	0	0	20066
413	2012	68	STL	ANA	1	2	1	1	1	1	2	0	0	18596
414	2012	68	CGY	COL	1	1	17	0	4	-10	-12	-2	2	19289
415	2012	68	LA	MIN	0	-2	20	11	1	9	-9	24	0	18118
416	2012	68	SJ	DAL	1	3	16	5	9	3	-10	-11	-1	17562
417	2012	69	WSH	TOR	1	2	-3	4	-3	8	-6	-5	4	18506
418	2012	69	BUF	FLA	1	1	-3	1	-1	2	0	6	-1	18690
419	2012	69	WPG	CAR	1	2	12	7	8	6	0	-3	1	15004
420	2012	69	EDM	COL	1	3	6	5	7	6	-4	1	2	16839
421	2012	70	NJ	MTL	0	-1	5	-13	1	4	4	8	-1	14210
422	2012	70	BUF	NYR	0	-3	0	2	1	3	2	-6	-1	18690
424	2012	70	NYI	PIT	0	-3	-4	7	-16	-3	3	5	0	15638
425	2012	70	PHI	TB	1	3	13	-2	6	0	-2	-10	1	19772
426	2012	70	DET	WPG	1	6	-1	12	3	10	-2	-9	0	20066
427	2012	70	CBJ	BOS	0	-2	7	1	-3	0	0	14	-2	18175
428	2012	70	STL	SJ	1	1	-5	-3	4	2	0	12	1	19150
429	2012	70	NSH	ANA	1	1	11	10	-4	5	-4	-1	1	17113
430	2012	70	PHO	MIN	0	-3	16	11	-1	5	0	5	-3	10976
431	2012	70	CGY	EDM	1	3	13	-1	4	3	-4	-1	1	19289
432	2012	70	LA	DAL	0	-1	-1	4	4	7	8	3	-1	18118
433	2012	71	NYR	FLA	1	5	12	-6	2	-2	10	6	2	18200
434	2012	71	CHI	SJ	1	1	-3	6	5	6	-2	6	0	21456
435	2012	72	TB	NJ	0	-1	14	-2	2	7	-4	3	0	17341
436	2012	73	BOS	LA	1	3	-19	12	1	-1	4	-10	0	17565
437	2012	73	BUF	OTT	0	-1	-15	2	0	5	0	3	0	18690
438	2012	73	TOR	CAR	1	1	19	12	2	10	0	-8	-1	19509
439	2012	73	NYR	DAL	0	-1	6	-4	-1	0	-4	6	0	18200
440	2012	73	PIT	DET	0	-3	1	0	-6	4	-6	1	-1	18592
441	2012	73	WSH	PHI	0	-4	-1	-1	5	3	-4	1	0	18506
442	2012	73	CBJ	VAN	1	1	-2	-3	3	0	2	0	1	15808
444	2012	73	FLA	NJ	0	-1	-8	2	-2	4	6	-9	0	14669
445	2012	73	NSH	CGY	1	1	9	3	7	4	-4	4	1	14813
446	2012	73	WPG	MIN	1	1	-8	9	2	-1	13	1	-1	15004
447	2012	73	COL	SJ	1	1	3	-6	3	4	2	21	0	14374
449	2012	74	MIN	CHI	0	-1	-1	-1	3	5	0	7	-1	19254
450	2012	74	ANA	PHO	1	3	8	2	-2	-3	-2	-3	0	13428
451	2012	75	NYI	DAL	0	-1	-2	-3	3	6	6	-9	-1	9288
452	2012	75	CAR	VAN	1	1	5	-5	6	2	-10	0	1	15292
453	2012	75	CBJ	LA	0	-1	-16	9	4	4	-2	9	0	16090
455	2012	75	TB	CGY	1	1	7	5	2	5	4	1	0	17241
456	2012	75	STL	NYR	1	3	10	13	-2	-3	-2	1	0	18121
457	2012	75	NSH	DET	1	1	-19	-5	1	6	2	4	-1	17113
458	2012	75	WPG	WSH	0	-1	-2	4	-1	3	-2	12	0	15004
459	2012	75	PHO	EDM	1	2	22	-12	1	-1	2	-8	-2	9397
460	2012	75	SJ	COL	1	1	7	6	5	10	2	-16	-2	17562
461	2012	76	NJ	DAL	1	3	-5	-5	6	0	6	-6	0	17625
462	2012	76	BUF	TOR	1	1	-4	2	4	1	-19	1	2	18690
463	2012	76	OTT	PIT	1	2	-12	0	-1	1	-2	7	-1	19710
464	2012	76	FLA	CGY	1	1	15	-2	-1	6	-2	-7	-1	15575
465	2012	76	CHI	ANA	1	3	-1	15	9	8	0	-9	1	21528
466	2012	77	PHI	BOS	0	-6	-6	-3	1	8	-19	8	-3	19948
467	2012	77	TOR	VAN	0	-2	-7	1	3	14	0	0	1	19633
469	2012	77	PIT	BUF	1	5	7	11	0	-1	-6	9	3	18584
470	2012	77	WPG	ANA	1	2	-5	-3	0	-3	4	1	0	15004
471	2012	77	DET	LA	1	6	-2	-2	1	0	2	-13	1	20066
472	2012	77	CBJ	TB	0	-1	0	0	0	3	-4	6	1	16108
473	2012	77	NSH	STL	1	1	-20	9	5	9	8	2	-1	17113
474	2012	77	MIN	NYI	0	-1	-15	-1	-1	3	0	12	0	18209
475	2012	77	PHO	NYR	0	-1	-7	14	4	2	8	6	0	12172
476	2012	77	COL	WSH	1	1	2	8	6	4	4	3	0	16011
477	2012	77	SJ	EDM	1	1	12	7	6	-1	-4	-3	1	17562
478	2012	78	FLA	CAR	1	1	-1	-14	4	6	0	8	1	15289
479	2012	78	CHI	CGY	1	2	1	-5	1	6	-1	-19	0	21192
480	2012	78	STL	CBJ	1	2	2	-6	0	3	4	6	-1	18611
481	2012	79	BOS	MTL	1	1	-4	8	1	3	-2	2	0	17565
482	2012	79	TOR	LA	0	-1	-9	0	3	7	0	-2	-1	19521
483	2012	79	DAL	ANA	1	2	5	13	2	1	-4	3	0	13720
484	2012	79	COL	PHI	1	1	-6	0	11	-1	4	4	-1	14889
485	2012	79	EDM	DET	0	-1	-5	-1	7	8	-6	1	1	16839
486	2012	79	VAN	MIN	1	4	0	5	2	8	-4	6	2	18890
487	2012	80	NJ	NYR	0	-3	10	4	1	0	-4	1	0	17625
488	2012	80	PIT	CHI	1	1	-10	1	0	5	-16	19	1	18607
489	2012	80	WSH	NSH	1	3	2	10	-2	1	4	-4	1	18506
491	2012	80	FLA	PHO	0	-1	6	5	5	5	6	-11	-2	17711
492	2012	80	WPG	NYI	0	-1	5	-5	1	3	4	3	0	15004
493	2012	80	CGY	MIN	1	1	0	7	0	2	2	1	0	19289
494	2012	81	CAR	PHO	0	-1	18	-6	3	-1	-4	3	-1	15848
495	2012	81	CHI	MTL	1	4	7	1	13	5	2	-15	-1	22081
496	2012	81	DAL	PHI	0	-3	1	8	3	-1	14	4	-2	15061
497	2012	81	COL	STL	1	1	-17	-2	2	6	2	-3	0	15421
498	2012	81	VAN	DET	1	2	-15	5	1	-1	8	14	0	18890
499	2012	81	SJ	TB	1	5	19	3	1	3	2	-12	2	17562
500	2012	82	TOR	BUF	1	1	-11	-5	-2	6	0	8	-1	19473
501	2012	82	NYR	NYI	1	2	-1	2	-1	-2	0	-10	-2	18200
503	2012	82	NSH	CBJ	1	1	7	-1	1	11	13	0	-2	17113
504	2012	82	WPG	MTL	1	4	7	11	4	0	6	-3	1	15004
505	2012	82	CGY	DET	1	1	-4	-9	7	11	-2	8	1	19289
506	2012	82	EDM	MIN	1	3	0	-12	8	0	17	2	1	16839
507	2012	82	LA	ANA	1	1	12	5	0	5	-2	-2	0	18118
508	2012	83	BOS	FLA	1	8	5	8	-3	-1	-6	-5	2	17565
509	2012	83	NJ	WSH	1	1	3	7	4	4	-2	0	1	14043
510	2012	83	NYI	TOR	0	-2	6	2	8	1	-2	11	0	12432
511	2012	83	NYR	PHI	1	2	-6	1	9	-1	0	11	0	18200
512	2012	83	CAR	OTT	1	1	15	-1	4	-4	-4	-15	0	14556
513	2012	83	WPG	PIT	0	-3	-20	2	3	-1	2	2	-1	15004
514	2012	83	DAL	NSH	1	3	-8	2	3	4	4	-2	-2	15245
515	2012	83	COL	TB	1	1	-1	26	-2	9	0	5	0	16165
516	2012	83	PHO	STL	0	-1	8	11	-1	-1	8	-7	0	12650
517	2012	83	VAN	CGY	0	-2	-1	1	-2	1	-2	0	0	18890
518	2012	83	SJ	LA	1	1	6	-1	3	0	-4	-10	-1	17562
519	2012	86	MIN	COL	0	-2	-10	8	4	6	-9	3	0	19290
520	2012	86	BUF	WSH	1	2	1	9	9	0	-2	-7	1	18690
521	2012	86	NYR	NYI	1	3	3	2	4	1	-8	0	0	18200
522	2012	86	CAR	NJ	1	2	8	-3	1	1	-17	-12	0	16121
523	2012	86	STL	DAL	1	2	15	1	1	1	0	6	2	18842
524	2012	86	NSH	DET	0	-3	10	9	7	4	-6	-1	0	17113
525	2012	86	CHI	CBJ	1	3	-16	-1	-1	10	-2	-18	1	21645
526	2012	86	VAN	EDM	1	2	5	8	1	3	15	0	-2	18890
527	2012	86	LA	PHO	1	1	6	0	3	13	-2	3	0	18118
528	2012	86	SJ	ANA	0	-1	15	-3	3	5	0	-13	0	17562
529	2012	87	PIT	CAR	1	2	34	-2	3	5	-2	-1	1	18600
530	2012	87	CBJ	CGY	0	-1	2	14	6	4	-6	9	-1	16985
532	2012	87	TB	PHI	1	4	-16	10	7	2	-2	0	1	19204
533	2012	87	FLA	TOR	1	2	-6	14	6	0	4	-8	1	20406
534	2012	87	DET	STL	1	1	1	-2	0	6	0	11	-1	20066
535	2012	87	COL	WPG	0	-3	7	-1	3	7	0	6	-1	18007
536	2012	88	NJ	BUF	1	2	0	2	2	6	2	2	-1	17625
537	2012	88	WSH	NYR	1	3	-9	2	1	6	6	7	0	18506
538	2012	88	NSH	MIN	1	1	-10	3	0	6	0	0	0	17113
539	2012	88	CHI	LA	0	-2	0	3	1	0	-2	-2	0	22066
540	2012	88	PHO	BOS	0	-1	-7	-11	2	0	-12	2	0	17459
541	2012	88	SJ	VAN	0	-1	5	10	3	3	0	6	0	17562
542	2012	89	NYI	CGY	1	2	4	-3	6	4	2	12	0	14819
543	2012	89	PIT	PHI	0	-2	3	17	3	3	4	9	-1	18602
544	2012	89	CAR	TOR	1	1	10	10	5	1	4	-3	1	17461
545	2012	89	TB	MTL	1	1	-12	3	0	2	0	4	-1	19204
546	2012	89	MIN	EDM	1	1	-3	-1	4	6	4	15	0	19194
547	2012	89	WPG	LA	1	1	-4	-8	3	0	6	2	0	15004
548	2012	89	DAL	CBJ	0	-3	8	-5	-1	10	-2	-3	0	16555
549	2012	89	COL	PHO	1	1	8	10	5	3	-2	5	0	17389
550	2012	89	ANA	VAN	0	-3	1	-3	1	8	-10	5	0	17544
551	2012	90	WSH	BUF	1	2	-5	8	-1	8	-2	6	1	18506
553	2012	90	FLA	NYR	0	-3	3	6	4	4	-11	7	0	20238
554	2012	90	STL	NSH	0	-1	2	13	4	0	-4	6	0	19150
555	2012	90	CHI	DET	1	1	0	6	9	7	-8	-2	0	22166
556	2012	91	NJ	PIT	1	2	-9	-2	-1	7	-4	-3	0	17625
557	2012	91	NYI	EDM	1	3	0	5	17	0	-8	8	2	13807
558	2012	91	TB	CAR	1	3	6	2	1	5	2	1	-1	19204
559	2012	91	FLA	MTL	1	1	7	-1	6	-2	4	0	1	20098
560	2012	91	MIN	PHO	0	-2	0	30	0	3	4	6	-1	19297
561	2012	91	BUF	OTT	0	-1	-18	18	8	10	-20	5	1	18690
562	2012	91	WPG	TOR	1	1	11	18	5	1	-6	6	1	15004
563	2012	91	DET	STL	1	3	0	5	-2	7	-2	-5	0	20066
564	2012	91	CBJ	WSH	0	-2	11	-2	-6	-7	0	11	-1	18199
565	2012	91	DAL	BOS	1	2	7	1	3	-2	-4	21	2	18532
566	2012	91	ANA	COL	0	-2	-6	-10	-3	3	0	10	-1	15119
567	2012	91	LA	VAN	1	3	5	13	7	9	-2	8	1	18118
568	2012	92	NSH	CGY	1	2	7	-2	3	4	0	0	0	17113
569	2012	93	PHI	NYR	0	-1	3	8	-5	3	10	-9	0	46967
571	2012	93	CHI	EDM	0	-1	12	-2	-1	13	9	1	-2	21216
572	2012	93	VAN	SJ	0	-1	-6	14	-5	1	-6	0	1	18890
573	2012	93	LA	COL	0	-1	11	0	0	5	-6	9	0	18118
574	2012	94	BUF	EDM	1	1	7	-3	6	4	0	-7	-1	18690
575	2012	94	TOR	TB	1	4	18	-2	5	3	-4	2	2	19425
576	2012	94	WSH	CGY	1	2	2	12	4	-1	2	-10	2	18506
577	2012	94	CAR	NYI	0	-1	4	10	4	4	2	-6	-2	13828
578	2012	94	STL	PHO	1	3	-4	-2	1	4	4	4	0	18112
579	2012	94	DAL	DET	0	-1	-2	9	-1	3	-2	10	0	15182
580	2012	95	MTL	WPG	1	4	4	5	7	2	-2	9	-1	21273
581	2012	95	NJ	BOS	0	-5	4	-15	1	10	-10	-4	0	15832
582	2012	95	VAN	MIN	1	3	7	-7	8	9	4	-3	0	18890
583	2012	95	ANA	SJ	0	-2	-9	-2	1	6	0	5	0	14596
584	2012	96	BOS	CGY	1	9	17	17	3	2	0	-15	1	17565
585	2012	96	TOR	WPG	1	4	1	7	-2	2	-4	-11	1	19514
586	2012	96	NYR	FLA	1	1	20	-6	3	4	0	20	1	18200
587	2012	96	PHI	CHI	1	1	12	1	0	-2	-8	2	1	19877
589	2012	96	STL	EDM	1	1	5	0	-1	-1	9	5	0	18428
590	2012	96	NSH	DAL	0	-3	-5	12	-9	7	2	11	0	17113
591	2012	96	LA	PHO	1	1	6	-9	2	-6	0	12	0	18118
592	2012	96	SJ	CBJ	1	1	15	4	7	12	-10	-18	1	17562
593	2012	97	NJ	FLA	1	3	5	4	3	5	-2	12	0	15793
594	2012	97	PIT	NYR	0	-2	17	-15	4	5	-4	-13	0	18590
595	2012	97	CAR	BUF	1	2	2	6	3	-6	-4	16	2	16095
596	2012	97	CHI	COL	0	-4	5	7	5	5	0	-7	0	21807
597	2012	97	ANA	NYI	1	2	-1	4	4	3	2	4	0	13892
598	2012	98	BOS	VAN	0	-1	3	5	8	-2	3	-7	-4	17565
599	2012	98	PHI	OTT	1	1	2	5	-4	6	-2	8	0	19792
600	2012	98	DAL	EDM	1	3	8	11	-5	9	-2	-10	0	16122
601	2012	98	LA	CBJ	0	-1	13	-8	-1	0	-4	-8	0	18118
602	2012	98	BUF	WPG	0	-1	-9	-4	0	11	0	4	0	18690
603	2012	98	TOR	DET	1	1	-22	-4	-3	11	0	15	1	19536
605	2012	98	PIT	NJ	0	-2	15	10	-1	3	-2	10	-1	18594
606	2012	98	STL	COL	1	4	24	3	10	-1	-2	-2	2	19150
607	2012	98	NSH	CAR	1	3	7	-13	0	7	-6	0	3	17113
608	2012	98	PHO	NYI	1	4	-7	5	-4	7	-2	-15	-1	13350
609	2012	98	CGY	MIN	1	2	8	-9	0	-2	0	6	1	19289
610	2012	98	SJ	WSH	1	3	9	3	10	6	-4	3	0	17562
612	2012	99	CHI	DET	0	-1	4	9	11	4	-4	-8	0	21858
613	2012	99	ANA	CBJ	1	3	9	-10	4	-2	-11	-8	1	13053
614	2012	100	FLA	VAN	1	1	-4	1	7	6	0	6	1	16712
615	2012	100	LA	WSH	1	3	13	2	4	-2	0	5	1	18118
616	2012	101	BOS	WPG	1	2	10	16	-4	3	2	-2	1	17565
617	2012	101	TOR	BUF	1	2	-4	10	1	10	-8	8	1	19431
618	2012	101	NYI	DET	1	4	6	12	7	2	0	12	1	12864
619	2012	101	NYR	PHO	1	1	13	18	5	2	-2	10	0	18200
620	2012	101	PIT	OTT	0	-4	7	3	2	-5	4	19	-1	18603
621	2012	101	CAR	PHI	0	-1	-1	0	6	8	2	1	1	14511
623	2012	101	TB	VAN	0	-1	3	-1	3	-1	2	0	0	17630
624	2012	101	MIN	SJ	1	1	-7	9	-1	8	2	7	-1	18986
625	2012	101	CHI	CBJ	1	3	-9	3	13	2	22	-3	0	21229
626	2012	101	COL	NSH	0	-3	7	7	-5	3	0	4	0	14417
627	2012	101	CGY	NJ	1	3	-24	3	4	-2	0	2	0	19289
628	2012	101	ANA	DAL	1	3	-2	-10	6	0	0	-6	0	12152
629	2012	102	WSH	PIT	1	1	-9	6	3	11	-4	-1	0	18506
630	2012	102	EDM	NJ	0	-1	-2	1	4	13	-6	-1	0	16839
631	2012	103	BOS	MTL	1	1	-4	0	5	-1	-6	-2	-1	17565
632	2012	103	NYI	PHI	0	-1	13	5	4	2	-2	10	-1	11751
633	2012	103	NYR	OTT	0	-3	10	-3	3	4	-2	16	-1	18200
634	2012	103	TB	CAR	0	-3	4	0	0	3	-2	6	0	16553
635	2012	103	DET	PHO	1	1	15	-3	-5	1	2	1	0	20066
636	2012	103	STL	VAN	0	-1	12	-2	1	0	-2	9	-1	18231
637	2012	103	NSH	COL	1	1	6	-6	5	4	-6	7	0	16905
638	2012	103	WPG	SJ	0	-2	-13	-15	1	0	0	-9	0	15004
639	2012	103	CHI	MIN	1	3	7	-6	0	3	-4	-11	2	21490
640	2012	103	CGY	ANA	1	1	-4	-3	-4	9	-2	2	0	19289
641	2012	103	LA	DAL	0	-1	3	10	3	10	18	2	2	18118
642	2012	104	WSH	TB	1	1	-11	-3	-1	0	0	8	1	18506
643	2012	104	CBJ	PHO	1	1	-3	11	7	0	0	12	0	14119
644	2012	104	BUF	TOR	1	1	-1	-4	4	5	6	1	0	18690
645	2012	104	FLA	PIT	0	-3	-15	10	-1	5	6	-8	0	18658
646	2012	104	EDM	ANA	0	-5	5	15	-2	2	2	8	-2	16839
647	2012	105	DET	CHI	1	1	16	3	0	1	4	15	1	20066
648	2012	105	DAL	COL	0	-1	-1	-3	-1	-1	0	6	-1	15838
649	2012	105	TOR	NYR	0	-3	-10	-6	7	13	2	-9	0	19617
651	2012	105	NYI	BUF	1	2	15	9	2	4	-2	4	0	13848
652	2012	105	CAR	BOS	1	2	-14	-7	5	5	4	4	0	18680
653	2012	105	WPG	NJ	0	-1	-2	21	0	3	0	-3	0	15004
654	2012	105	CBJ	SJ	0	-1	-7	11	-1	3	2	8	-1	16582
655	2012	105	STL	MIN	1	1	18	0	2	2	12	12	0	19150
656	2012	105	NSH	PHI	1	2	-13	-3	9	3	-2	3	1	17113
657	2012	105	CGY	LA	0	-3	6	3	4	10	2	-1	0	19289
658	2012	106	TB	PIT	0	-3	-24	9	6	-5	18	5	-1	19204
659	2012	106	WSH	CAR	1	1	-20	1	1	10	6	15	-1	18506
661	2012	106	CHI	SJ	1	1	16	7	13	4	4	-13	0	21645
662	2012	106	EDM	LA	1	1	12	-4	2	6	-10	10	2	16839
663	2012	106	VAN	ANA	0	-2	-11	10	2	7	0	-1	0	18890
664	2012	107	NYI	NSH	0	-2	5	-13	0	6	-4	10	0	10755
665	2012	107	PHO	COL	1	5	-6	1	1	3	-6	-13	1	12757
667	2012	107	FLA	BOS	0	-1	5	1	2	8	-2	0	-1	19018
668	2012	107	DET	BUF	1	5	-1	7	5	2	-2	-3	0	20066
669	2012	107	STL	DAL	1	1	10	12	3	-1	-2	4	0	18036
670	2012	108	TOR	OTT	0	-1	18	0	-6	3	-2	-15	0	19615
671	2012	108	NJ	WPG	1	4	-1	1	1	14	-6	6	1	14129
672	2012	108	NYR	NSH	1	3	1	2	-1	3	2	9	0	18200
673	2012	108	PHI	MIN	1	4	8	-2	-1	0	-10	-11	2	19787
674	2012	108	PIT	CAR	1	1	15	-8	-2	9	4	6	0	18535
675	2012	108	WSH	NYI	0	-3	-11	5	3	6	6	5	-2	18506
676	2012	108	CBJ	EDM	1	2	2	8	3	7	4	10	2	13814
677	2012	108	TB	BOS	1	2	2	-2	1	4	-2	5	0	19204
678	2012	108	DAL	DET	0	-1	-5	4	0	11	6	20	1	15148
679	2012	108	VAN	LA	0	-1	-8	8	-4	10	-4	-8	0	18890
680	2012	108	SJ	CGY	1	1	3	9	-2	11	-4	1	0	17562
682	2012	109	CHI	BUF	1	4	8	10	7	0	0	-1	1	21114
683	2012	109	COL	FLA	1	1	15	5	-5	5	2	4	0	13465
684	2012	109	ANA	PHO	1	4	-6	-3	0	-2	4	8	1	12281
685	2012	110	TOR	MIN	1	3	12	0	-1	11	-8	-7	1	19421
686	2012	110	NJ	BOS	0	-3	6	-9	4	-1	0	-3	-1	14941
687	2012	110	NYR	PIT	0	-3	-5	15	2	3	10	7	0	18200
688	2012	110	PHI	NYI	0	-3	14	3	-7	3	-2	6	-1	19796
689	2012	110	CBJ	NSH	0	-3	13	11	1	2	-2	9	-1	17233
690	2012	110	STL	EDM	1	1	23	5	4	-1	-6	13	0	17432
691	2012	110	WPG	BUF	1	3	7	0	5	2	-2	1	2	15004
692	2012	110	PHO	DET	0	-1	-2	-3	7	-2	0	15	0	15067
693	2012	110	LA	CGY	0	-1	7	7	5	1	0	4	-1	18118
694	2012	110	SJ	OTT	0	-3	16	-4	2	5	2	-2	-1	17562
695	2012	111	PIT	MTL	1	1	9	5	-1	0	14	6	-1	18588
696	2012	111	CAR	WSH	1	3	10	-1	5	-2	2	-1	2	17507
697	2012	111	CHI	FLA	1	2	3	-2	8	0	-2	-12	0	21555
698	2012	111	DAL	TB	0	-1	6	7	4	4	-2	7	0	14836
699	2012	112	BOS	NYR	0	-1	1	6	1	4	11	-15	-1	17565
700	2012	112	NJ	PHI	0	-3	11	-1	1	2	18	5	-2	16251
701	2012	112	VAN	SJ	1	1	4	6	-2	6	-4	0	-1	18890
702	2012	112	TOR	MTL	0	-2	10	11	0	6	0	-2	0	19643
703	2012	112	NYI	CAR	1	1	7	0	3	16	2	-1	0	13622
704	2012	112	DET	CBJ	1	1	12	-6	-1	7	11	-2	0	20066
705	2012	112	ANA	OTT	1	1	-3	7	3	3	-2	-5	0	15500
706	2012	112	WPG	FLA	0	-1	21	8	0	2	-4	22	1	15004
707	2012	112	STL	BUF	1	2	6	9	9	-2	2	12	0	19150
708	2012	112	NSH	CHI	1	3	1	3	5	-1	-2	12	1	17113
709	2012	112	PHO	TB	0	-1	15	9	0	13	-4	5	1	12714
710	2012	112	MIN	DAL	1	3	1	9	6	2	-2	2	1	19213
711	2012	112	EDM	CGY	0	-4	0	6	4	2	6	13	-1	16839
712	2012	112	LA	COL	0	-2	-5	-12	0	10	2	-4	-1	18118
713	2012	113	PHI	BOS	0	-1	1	-11	0	1	-8	15	2	19851
714	2012	113	PIT	WSH	1	1	7	7	1	-2	-2	-8	1	18565
715	2012	113	ANA	COL	1	1	-27	-1	0	-1	0	5	0	14004
716	2012	114	TOR	NYI	1	3	10	6	-6	-2	-4	-14	0	19570
717	2012	114	CAR	WPG	1	1	-14	-1	-4	0	2	6	0	16045
718	2012	114	DET	STL	1	2	6	9	7	5	-38	-2	2	20066
719	2012	114	NSH	CBJ	1	3	3	0	-6	3	-6	-7	2	14310
720	2012	114	EDM	SJ	1	1	-27	-1	1	9	13	-1	-1	16839
721	2012	114	LA	OTT	1	3	6	-2	-2	-1	0	-10	0	18118
722	2012	115	NJ	BUF	0	-1	14	-5	4	13	-2	-2	1	13735
723	2012	115	NYI	TOR	0	-1	11	-3	12	4	4	8	0	10888
724	2012	115	NYR	WPG	1	3	9	3	4	3	-4	-2	0	18200
725	2012	115	WSH	BOS	1	2	-9	3	10	4	2	14	-1	18506
726	2012	115	TB	CBJ	1	2	7	6	2	-1	-6	-2	1	16859
727	2012	115	FLA	PHI	0	-1	-12	12	12	-1	2	-11	0	17737
728	2012	115	STL	PIT	0	-1	-5	-1	6	0	2	5	-1	18471
729	2012	115	CHI	NSH	0	-2	-1	12	-1	1	-4	6	0	21279
730	2012	115	DAL	ANA	1	1	-11	1	5	1	4	8	0	12141
731	2012	115	COL	MIN	0	-1	-8	0	3	5	4	-1	-1	16291
732	2012	115	CGY	SJ	0	-1	-2	-3	7	8	0	1	0	19289
733	2012	115	PHO	OTT	1	1	-8	-3	6	5	0	-5	0	8061
734	2012	115	VAN	EDM	1	1	3	-15	3	0	-2	-6	-1	18890
736	2012	122	BOS	OTT	1	1	-3	-6	3	2	-8	-12	2	17565
737	2012	122	NJ	NYR	1	1	3	6	-1	4	-2	5	1	17625
738	2012	122	PHI	WPG	0	-1	4	5	-4	5	2	6	1	19874
739	2012	122	PIT	TOR	1	1	-4	0	1	0	4	8	-1	18550
740	2012	122	CAR	NYI	0	-3	-3	2	6	2	4	-8	-1	15575
742	2012	122	TB	WSH	1	1	2	6	3	-1	2	-5	0	17754
743	2012	122	MIN	NSH	0	-1	-5	6	3	2	0	5	1	17325
744	2012	122	CGY	DET	0	-2	4	-8	-2	-5	2	11	1	19289
745	2012	122	PHO	ANA	0	-3	-4	2	5	2	0	12	-1	10579
746	2012	122	EDM	COL	1	1	-10	7	-4	14	0	-11	1	16839
747	2012	122	VAN	CHI	1	1	-6	17	-1	2	4	17	0	18890
748	2012	122	SJ	CBJ	1	6	13	-2	2	0	6	-4	1	17562
749	2012	123	BUF	NYR	0	-1	5	5	0	2	-6	-14	0	18690
750	2012	123	TOR	PIT	1	1	-1	2	5	3	-4	-7	0	19542
751	2012	123	FLA	WSH	1	2	10	9	8	5	-4	-15	1	15231
752	2012	123	ANA	DAL	0	-4	9	2	-3	2	-4	-7	-1	12701
753	2012	123	LA	CBJ	1	1	11	0	2	-4	0	5	2	18118
754	2012	124	BOS	CAR	0	-3	16	17	0	3	4	10	0	17565
755	2012	124	NJ	MTL	1	2	-8	-9	0	1	-2	8	1	13283
756	2012	124	PHI	NSH	1	3	1	-5	1	5	4	11	1	19823
757	2012	124	TB	WPG	0	-1	7	-4	7	-1	0	2	0	16923
758	2012	124	COL	MIN	0	-1	16	2	-1	3	0	3	0	14186
759	2012	124	EDM	CHI	1	4	-6	-6	0	8	-6	3	1	16839
760	2012	124	VAN	DET	0	-1	-18	3	2	-2	6	3	0	18890
761	2012	124	SJ	DAL	1	3	16	20	2	-7	-6	-16	1	17562
763	2012	125	FLA	WPG	1	1	9	10	6	-1	-4	0	1	16773
764	2012	125	STL	LA	1	1	11	4	1	1	0	-6	0	18811
765	2012	125	CGY	CHI	1	2	5	5	3	5	-6	1	1	19289
766	2012	125	ANA	CBJ	0	-1	14	18	4	-3	-10	10	0	13358
767	2012	126	BOS	PIT	0	-1	1	2	6	-4	2	-11	-1	17565
768	2012	126	PHI	NJ	0	-2	10	-1	-1	9	0	4	-2	19862
769	2012	126	MTL	WSH	0	-3	7	3	7	-1	4	5	0	21273
770	2012	126	COL	VAN	0	-1	17	1	16	7	2	3	1	17024
772	2012	126	NYI	BUF	0	-1	1	18	3	2	0	3	0	14618
773	2012	126	CAR	LA	1	1	-3	-7	4	0	-2	-5	-1	18680
774	2012	126	TB	FLA	1	3	14	-2	0	3	0	7	1	19204
775	2012	126	NSH	STL	1	2	-6	0	2	3	0	8	1	17113
776	2012	126	DAL	MIN	1	1	-8	3	0	5	2	9	1	18532
777	2012	126	PHO	SJ	1	2	-11	7	-1	4	-2	19	-1	12979
778	2012	126	EDM	DET	1	1	-7	-1	3	10	2	4	2	16839
779	2012	127	WSH	BOS	0	-3	6	-14	3	11	4	0	0	18506
780	2012	127	NJ	PIT	1	3	-5	1	1	1	2	0	-2	14707
781	2012	127	NYR	PHI	1	3	15	3	7	1	-8	6	-1	18200
783	2012	128	TOR	EDM	1	3	1	4	-5	8	0	2	0	19581
784	2012	128	PHO	DET	1	2	-8	-5	-7	0	0	6	0	12687
785	2012	128	ANA	CGY	1	1	7	4	2	1	9	-8	-1	12096
786	2012	129	NYR	NJ	0	-1	8	5	7	7	2	28	-1	18200
787	2012	129	PHI	NYI	0	-1	27	11	-2	1	0	7	0	19614
788	2012	129	WSH	FLA	1	4	-18	5	3	10	6	12	1	18506
789	2012	129	CBJ	MIN	1	2	8	-8	7	1	-10	15	1	11237
792	2012	129	TB	LA	0	-2	5	-5	1	6	-2	-3	0	16489
793	2012	129	NSH	VAN	0	-1	9	-6	-3	11	-6	8	-1	16232
794	2012	129	WPG	TOR	1	1	11	-10	4	1	0	7	0	15004
795	2012	129	DAL	PHO	0	-3	5	-3	4	1	-6	9	0	11162
796	2012	129	COL	CHI	1	3	-2	3	-2	-1	6	6	0	16553
797	2012	130	BUF	BOS	1	6	-7	-23	-3	1	-24	-2	0	18690
798	2012	130	DET	EDM	1	2	13	7	7	1	4	-3	0	20066
799	2012	130	ANA	CAR	1	1	1	0	2	2	2	-12	0	12675
800	2012	130	SJ	CGY	0	-1	1	6	4	2	4	9	0	17562
801	2012	131	NJ	STL	0	-1	1	-7	0	4	9	1	1	15021
802	2012	131	NYI	MTL	0	-2	1	-10	-4	0	-2	-4	0	12312
803	2012	131	NYR	TB	1	1	14	0	1	1	-2	24	0	18200
804	2012	131	PHI	TOR	1	1	12	6	4	2	0	-2	-1	19684
805	2012	131	WSH	WPG	0	-1	7	8	-3	8	-6	3	0	18506
806	2012	131	CBJ	DAL	0	-2	-7	2	1	6	0	22	2	15943
808	2012	131	FLA	LA	1	2	0	8	0	1	0	-12	0	14929
809	2012	131	MIN	VAN	0	-3	4	2	2	6	-27	0	0	17859
810	2012	131	PHO	CGY	1	1	11	2	3	4	-10	19	1	10048
811	2012	133	PIT	WPG	1	3	14	5	0	-1	-4	5	2	18602
812	2012	132	BUF	DAL	1	1	6	10	8	5	4	-5	0	18690
813	2012	132	DET	ANA	1	1	-6	11	-6	6	0	3	0	20066
814	2012	132	COL	CAR	1	1	-9	11	9	5	6	16	0	16854
815	2012	132	SJ	CHI	1	2	-6	5	1	5	-6	7	3	17562
816	2012	133	BOS	NSH	1	1	19	13	-1	-7	-2	-3	0	17565
817	2012	133	NJ	FLA	0	-2	8	7	-3	2	4	14	-1	14938
818	2012	133	NYI	LA	1	1	-10	-17	10	10	0	7	0	13079
819	2012	133	PHI	NYR	0	-3	7	4	-1	-2	26	-4	-3	19915
821	2012	133	BUF	TB	0	-1	-1	6	11	0	4	13	0	18690
822	2012	133	TOR	MTL	0	-5	14	-5	0	0	-6	-11	-1	19685
823	2012	133	STL	COL	1	1	25	3	-1	1	-6	4	1	19150
824	2012	133	MIN	CBJ	0	-2	16	8	1	1	6	-1	-1	18958
825	2012	133	PHO	CHI	1	3	-11	-2	-2	-2	4	9	0	17353
826	2012	133	CGY	VAN	1	1	-13	1	1	8	-4	-1	0	19289
827	2012	134	NYI	FLA	0	-3	8	-2	3	3	-2	7	-1	14179
828	2012	134	NYR	WSH	1	1	2	14	6	8	0	17	0	18200
829	2012	134	DET	PHI	1	1	-4	1	2	6	-6	0	2	20066
830	2012	134	CBJ	ANA	0	-2	-8	9	-3	-1	-14	15	-1	14033
831	2012	134	DAL	LA	0	-2	12	-4	-1	9	-2	10	-1	12191
832	2012	134	PIT	TB	1	2	18	0	1	1	-2	0	1	18506
833	2012	134	STL	SJ	1	3	3	0	-1	3	-14	-1	2	18447
834	2012	135	WSH	SJ	0	-2	7	1	2	2	14	5	-3	18506
836	2012	150	PHO	VAN	1	1	-5	12	6	3	-2	17	-1	16691
837	2012	136	BOS	NYR	0	-3	22	-9	-4	8	0	1	-1	17565
838	2012	136	BUF	NJ	0	-3	-1	-3	2	-3	10	13	-2	18690
839	2012	136	CBJ	STL	1	1	1	-4	7	3	-6	3	1	12425
840	2012	136	TB	OTT	0	-4	1	5	-1	-1	0	4	-1	17488
841	2012	136	DET	DAL	1	2	16	-4	3	7	-16	-7	1	20066
842	2012	136	NSH	CHI	1	1	-13	0	0	-1	0	5	0	16592
843	2012	136	MIN	ANA	0	-1	-7	8	3	-2	0	-1	1	17552
844	2012	136	WPG	NYI	0	-2	13	2	4	-13	-4	3	-1	15004
845	2012	136	CGY	TOR	1	4	-8	-11	6	-6	2	2	0	19289
846	2012	137	PIT	ANA	0	-1	-3	8	3	-2	4	-4	0	18482
848	2012	137	FLA	OTT	0	-4	13	10	-2	6	-6	12	0	14038
849	2012	137	EDM	TOR	0	-1	6	1	2	-7	2	-5	-1	16839
850	2012	137	VAN	COL	1	2	1	7	-1	3	2	-2	0	18890
851	2012	138	NYR	CHI	0	-2	2	1	-9	5	-6	18	0	18200
852	2012	138	PHI	BUF	1	5	6	-3	4	5	8	1	2	19725
853	2012	138	TB	SJ	1	1	-25	-2	-3	0	4	4	0	16819
854	2012	138	STL	NYI	1	4	-1	4	-3	-2	4	8	2	18434
855	2012	138	MIN	WPG	0	-1	-2	6	11	1	2	5	1	19060
856	2012	138	DAL	CGY	1	1	5	6	7	0	4	6	1	11839
857	2012	138	LA	PHO	0	-1	7	-6	0	-5	6	-11	-1	18118
858	2012	139	NJ	ANA	1	1	-11	5	8	2	4	7	0	15312
859	2012	139	CAR	SJ	1	1	-12	-9	2	0	-2	8	1	18680
860	2012	139	BUF	MTL	0	-1	11	6	3	3	-2	-9	-1	18690
861	2012	139	FLA	WSH	0	-1	-18	-5	5	3	6	-3	-1	17779
862	2012	139	DET	NSH	1	1	10	-6	3	6	2	-1	0	20066
863	2012	139	WPG	BOS	1	2	-8	2	5	1	0	7	0	15004
864	2012	139	EDM	COL	0	-2	4	0	-3	8	0	2	-1	16839
865	2012	140	PHI	PIT	0	-2	1	-9	-1	9	-4	-2	1	19958
866	2012	140	CBJ	CHI	0	-5	6	1	-1	0	22	21	0	18663
867	2012	140	STL	MIN	1	4	21	-6	1	-1	-19	5	1	19150
868	2012	140	NYI	CAR	1	1	-5	-8	6	1	-8	2	1	11818
869	2012	140	TB	WSH	1	1	-1	1	4	-9	-4	4	0	19204
870	2012	140	VAN	TOR	1	4	10	-6	5	5	0	-14	1	18890
871	2012	140	PHO	DAL	1	1	2	-9	3	4	2	1	-1	16604
872	2012	140	LA	CGY	0	-1	10	-7	2	3	-4	-3	0	18118
873	2012	141	BUF	PIT	1	4	-2	10	8	5	-2	-8	-1	18690
874	2012	141	DET	SJ	1	1	-5	4	5	7	2	2	-1	20066
875	2012	141	CHI	STL	1	2	-3	1	2	7	-4	4	0	22077
876	2012	141	MIN	BOS	1	2	-19	3	4	1	0	6	1	19198
878	2012	141	FLA	ANA	0	-2	4	1	0	4	-4	-1	0	15945
879	2012	141	NYR	CBJ	1	1	12	-3	6	-2	4	-2	-1	18200
880	2012	141	DAL	NSH	0	-1	3	-4	-2	-2	2	14	-1	11865
881	2012	141	EDM	VAN	0	-3	-3	-3	3	-3	8	10	-1	16839
882	2012	141	WPG	COL	1	4	-7	6	6	6	-2	-6	1	15004
883	2012	142	NYI	OTT	0	-6	-4	-15	1	-13	26	-12	-2	15818
884	2012	142	CAR	WSH	1	5	23	12	16	1	-4	8	1	16837
885	2012	143	BUF	NYI	1	1	6	-6	1	2	0	-1	0	18690
886	2012	143	TOR	NJ	0	-1	0	1	-5	9	2	11	0	19426
887	2012	143	PIT	NYR	1	2	4	-1	3	-1	2	-12	1	18580
888	2012	143	CBJ	SJ	1	3	-6	-5	3	3	-6	-2	2	14625
890	2012	143	TB	ANA	1	1	-14	7	3	1	0	1	1	18309
891	2012	143	NSH	VAN	1	2	-5	-3	5	8	-2	1	1	16769
892	2012	143	WPG	PHI	0	-1	-29	-6	5	4	0	1	2	15004
893	2012	143	CHI	DET	1	1	-3	0	15	4	0	4	-1	22027
894	2012	143	CGY	EDM	0	-5	-20	-1	2	2	4	-2	-1	19289
895	2012	143	PHO	LA	1	1	0	-14	5	1	-12	3	2	10842
897	2012	144	STL	BOS	0	-2	13	2	-5	1	0	2	0	18460
898	2012	144	COL	LA	1	3	-6	-2	0	0	4	1	0	15907
899	2012	145	TOR	SJ	0	-1	5	6	-3	0	4	4	-1	19493
900	2012	145	CAR	ANA	0	-1	-5	8	2	4	6	11	0	16564
901	2012	145	FLA	MIN	0	-1	15	1	1	2	0	4	0	13892
902	2012	145	DET	VAN	0	-1	-7	-3	1	3	-2	14	0	20066
903	2012	145	NSH	STL	0	-1	3	-5	-4	10	0	4	0	16828
904	2012	145	WPG	TB	1	1	9	-2	7	3	4	-12	0	15004
905	2012	145	CHI	DAL	0	-2	2	0	-1	0	-2	-26	0	21659
906	2012	145	CGY	PHO	0	-1	-5	6	1	10	-2	10	1	19289
907	2012	145	EDM	PHI	1	2	-5	19	-3	-1	2	2	1	16839
908	2012	146	NJ	VAN	0	-1	15	-21	2	5	-2	-9	0	16480
909	2012	146	NYI	NYR	1	1	-9	13	6	5	0	-13	-1	16250
910	2012	146	WSH	MTL	1	3	-7	-3	7	7	-4	5	0	18506
911	2012	146	CBJ	COL	0	-5	3	3	4	8	-6	1	0	16925
912	2012	146	BUF	BOS	1	1	-9	2	4	7	8	0	-1	18690
913	2012	146	DAL	MIN	1	3	-4	-11	6	-1	6	-2	-1	13144
914	2012	147	PIT	TB	1	7	-1	10	1	0	8	8	1	18596
915	2012	147	WPG	STL	0	-1	25	-1	4	2	0	-15	0	15004
916	2012	147	EDM	PHO	0	-2	2	-5	0	4	0	-1	0	16839
917	2012	147	LA	CHI	1	4	11	4	5	8	6	1	2	18118
918	2012	147	TOR	WSH	0	-2	-6	1	-1	6	-6	18	0	19577
920	2012	147	NYR	BUF	1	1	8	-6	2	4	0	9	-1	18200
921	2012	147	CAR	FLA	0	-1	-16	9	1	0	0	-1	1	18680
922	2012	147	DET	COL	0	-1	4	3	2	0	-2	-2	1	20066
923	2012	147	NSH	SJ	1	4	-13	-1	0	4	0	3	1	17113
924	2012	147	CGY	PHI	0	-1	-24	-8	7	2	6	8	0	19289
925	2012	148	NJ	TB	0	-1	6	-2	1	5	-2	2	0	15981
926	2012	148	PIT	CBJ	1	2	16	0	2	1	-6	-4	2	18602
927	2012	148	DAL	VAN	1	1	2	-6	1	0	0	14	1	18010
929	2012	148	FLA	MTL	1	2	12	8	0	3	-2	-8	0	18108
930	2012	148	MIN	SJ	1	1	-2	-11	4	-3	-2	5	0	17401
931	2012	148	ANA	CHI	1	2	19	-9	-2	2	0	7	0	17601
932	2012	149	NYR	NJ	1	2	2	2	4	2	-12	13	0	18200
933	2012	149	NSH	LA	1	1	-3	0	6	4	0	0	0	15665
934	2012	149	WPG	EDM	0	-2	7	8	0	0	0	-14	0	15004
935	2012	149	COL	ANA	1	3	-5	9	8	1	4	2	-1	15133
936	2012	149	CGY	STL	0	-2	-3	-5	-9	4	0	-3	-2	19289
937	2012	150	BOS	OTT	0	-1	-6	8	0	-9	-2	17	-1	17565
938	2012	150	TOR	FLA	0	-2	8	7	5	6	-2	21	0	19420
939	2012	150	WSH	NYI	1	1	10	-4	2	3	-2	6	0	18506
940	2012	150	CAR	NSH	1	1	4	6	-2	8	-8	-8	2	13595
941	2012	150	CBJ	DET	0	-3	5	1	6	0	2	31	0	14333
942	2012	150	TB	MTL	1	1	-2	-2	2	2	3	3	0	18878
943	2012	150	MIN	LA	0	-4	11	10	1	3	0	8	0	17317
944	2012	135	VAN	PHO	1	1	-2	10	5	6	-2	8	0	18890
945	2012	150	SJ	PHI	1	1	-3	13	3	5	2	-1	0	17562
946	2012	151	DAL	PIT	0	-1	4	-2	6	-5	2	10	0	17455
947	2012	151	CHI	TOR	1	1	1	1	1	6	2	-8	-1	21244
948	2012	151	EDM	STL	0	-3	-7	-1	-3	5	19	-8	-1	16839
949	2012	151	ANA	BUF	0	-2	19	1	0	-1	6	-1	-1	14972
950	2012	152	BOS	NJ	1	1	-6	8	5	-1	0	-2	0	17565
952	2012	152	PHI	NYI	1	3	6	1	2	6	2	7	1	19674
953	2012	152	CAR	NYR	0	-1	-2	-2	-3	1	-4	-3	1	14523
954	2012	152	WPG	FLA	1	7	-1	-5	1	-7	10	3	1	15004
955	2012	152	COL	CBJ	0	-2	5	2	-1	7	0	4	-1	13236
956	2012	152	PHO	CGY	0	-2	0	10	1	4	-6	-15	0	10989
957	2012	152	VAN	STL	1	2	-5	5	0	3	0	1	0	18890
958	2012	152	SJ	BUF	0	-1	20	3	9	5	2	10	0	17562
959	2012	153	WSH	NJ	0	-5	3	9	6	2	0	12	-1	18506
961	2012	153	TB	NYR	1	1	12	-3	0	2	-4	-2	-1	19204
962	2012	153	DET	MIN	1	6	16	-8	0	4	-6	-5	0	20066
963	2012	153	EDM	DAL	0	-2	5	0	-3	13	4	-1	0	16839
964	2012	153	ANA	CGY	1	1	9	9	3	1	0	-21	-1	16431
965	2012	154	BOS	NYI	0	-1	9	1	-1	-4	-4	-3	0	17565
967	2012	154	CAR	TB	0	-1	5	6	0	7	4	12	-2	17116
968	2012	154	FLA	NSH	0	-2	17	5	-7	3	-4	0	0	15904
969	2012	154	PHO	CBJ	0	-3	6	-7	0	3	0	-2	1	13579
970	2012	154	COL	PIT	0	-4	8	14	1	1	0	0	0	18007
971	2012	154	VAN	BUF	0	-2	10	6	1	8	-4	17	0	18890
972	2012	154	LA	ANA	1	2	-11	0	11	3	0	2	2	18301
973	2012	154	SJ	STL	0	-2	-13	10	0	5	2	-1	-2	17562
974	2012	155	NYI	NJ	1	1	1	-3	0	-1	-8	-3	0	16250
975	2012	155	NYR	BOS	1	1	-16	1	1	3	0	18	0	18200
976	2012	155	DET	CHI	0	-1	6	3	1	2	-4	8	-1	20066
977	2012	155	FLA	OTT	1	2	3	2	0	1	-6	9	1	15811
978	2012	155	CGY	DAL	0	-1	-2	3	1	7	-2	1	-1	19289
979	2012	155	WSH	PHI	0	-1	11	4	10	0	2	8	0	18506
980	2012	155	MIN	COL	0	-2	-6	-4	-2	-1	-2	3	-1	17354
981	2012	156	PIT	PHO	1	1	-9	-8	0	-6	2	4	0	18540
982	2012	156	WPG	BUF	1	2	7	10	0	-7	0	18	0	15004
983	2012	156	ANA	EDM	1	2	-6	-1	3	1	-6	-17	0	13596
984	2012	157	TOR	BOS	0	-1	-4	3	-4	4	-6	-1	2	19684
985	2012	157	NJ	NYR	1	3	3	3	-4	3	-2	6	0	17625
986	2012	157	PHI	DET	1	1	-16	-13	0	4	14	5	0	19892
987	2012	157	WSH	CAR	0	-1	13	-15	4	-1	12	-4	0	18506
988	2012	157	CBJ	PHO	1	1	-8	-9	7	-3	4	-1	0	10915
989	2012	157	TB	OTT	0	-4	-7	3	0	4	-2	4	-1	18967
990	2012	157	STL	CHI	1	4	11	3	4	2	6	16	1	19150
991	2012	157	NSH	LA	0	-1	-2	-1	3	0	6	5	0	17113
992	2012	157	COL	MIN	1	6	17	15	1	6	-14	-1	1	13385
993	2012	157	CGY	MTL	1	1	6	9	3	4	0	-10	-1	19289
994	2012	157	VAN	DAL	0	-3	2	10	-3	6	2	-7	-1	18890
995	2012	157	SJ	EDM	0	-1	4	18	6	6	-2	-10	0	17562
996	2012	158	BUF	CAR	1	1	18	-2	4	4	-8	8	2	18690
997	2012	158	PIT	TOR	1	1	9	4	5	1	0	0	0	18539
998	2012	159	BOS	BUF	1	2	8	18	4	3	0	7	0	17565
999	2012	159	NJ	NYI	1	4	-10	12	3	3	2	-3	1	14573
1000	2012	159	PHI	FLA	1	5	7	-2	3	-1	2	-1	2	19675
1001	2012	159	WSH	TB	1	1	6	-2	6	2	2	2	-2	18506
1002	2012	159	CBJ	LA	1	2	6	-12	-2	6	-8	-11	0	14306
1004	2012	159	STL	ANA	1	2	2	4	1	1	-2	-7	2	19150
1005	2012	159	NSH	COL	1	2	14	6	3	-5	-4	8	0	17113
1006	2012	159	DAL	SJ	1	1	-13	-10	2	9	2	7	0	16812
1007	2012	159	PHO	MIN	0	-1	17	8	2	7	-6	18	0	11716
1008	2012	159	EDM	MTL	0	-2	-4	0	-3	-1	0	-3	-1	16839
1009	2012	159	VAN	WPG	1	1	13	0	-2	2	4	-12	0	18890
1010	2012	160	PIT	FLA	1	1	5	14	-1	5	-2	-9	0	18606
1011	2012	160	DET	LA	1	1	-9	4	-2	3	2	-6	-1	20066
1012	2012	160	CHI	NYR	1	1	-3	-1	-3	2	2	-20	0	22049
1013	2012	160	CGY	WPG	1	2	-18	9	10	0	-2	-4	3	19289
1014	2012	161	BOS	WSH	0	-1	3	1	0	4	2	14	-1	17565
1015	2012	161	COL	EDM	1	1	2	5	4	2	0	10	0	15683
1016	2012	161	TOR	PHI	0	-1	2	9	0	2	-6	-4	0	19559
1018	2012	161	NYI	NJ	0	-1	-11	3	-2	2	4	-1	-1	16250
1019	2012	161	TB	CAR	0	-2	12	-9	2	-2	-12	5	-1	18554
1020	2012	161	STL	CBJ	1	3	7	4	-6	1	6	11	2	19150
1021	2012	161	NSH	DET	1	1	-17	-1	8	9	0	3	2	17113
1022	2012	161	DAL	ANA	1	2	2	-4	10	6	-2	-2	1	18228
1023	2012	161	PHO	SJ	1	3	-13	0	1	-1	4	3	0	14994
1024	2012	161	VAN	MTL	0	-3	-2	4	1	1	10	-2	-1	18890
1025	2012	162	WSH	TOR	1	2	0	-9	10	1	2	-3	0	18506
1026	2012	162	FLA	CAR	1	2	-1	1	8	4	2	-3	0	15081
1027	2012	162	CBJ	STL	0	-1	8	-3	1	7	-8	15	0	14969
1028	2012	162	MIN	CGY	0	-1	2	2	2	6	0	8	0	17119
1029	2012	162	NJ	PHI	1	3	12	-2	9	-1	-16	-19	2	15107
1030	2012	162	NYR	NYI	1	1	17	4	2	2	-16	11	2	18200
1031	2012	162	CHI	LA	0	-1	8	-11	-1	2	0	1	0	21398
1032	2012	162	PIT	BOS	1	3	-4	4	4	-1	-4	9	1	18609
1033	2012	163	BUF	MTL	1	1	8	-7	2	1	0	3	0	18690
1034	2012	163	COL	ANA	1	1	-7	10	4	3	0	0	-1	15045
1035	2012	163	EDM	SJ	0	-1	-11	-12	5	10	12	2	-2	16839
1036	2012	163	PHO	NSH	0	-1	0	5	3	3	4	4	0	11518
1037	2012	164	NYI	WSH	0	-1	2	0	3	6	-10	3	2	11488
1038	2012	164	NYR	CAR	1	2	-1	-13	5	-3	2	0	-1	18200
1039	2012	164	PHI	NJ	1	3	12	-3	2	-8	2	-6	0	19724
1040	2012	164	TB	BOS	1	5	-17	-2	4	-5	0	-1	1	19204
1041	2012	164	FLA	TOR	1	3	-1	4	2	0	6	-2	2	17475
1042	2012	164	MIN	DAL	0	-1	0	-7	3	6	-4	1	0	17326
1043	2012	164	CHI	STL	1	1	22	0	-2	7	0	0	1	21349
1044	2012	164	CGY	SJ	1	1	-9	-5	9	1	21	2	-1	19289
1045	2012	164	LA	DET	1	3	3	-3	9	13	4	29	1	18118
1046	2012	165	BUF	COL	0	-1	-18	8	-5	0	4	-2	-1	18690
1048	2012	165	WPG	DAL	1	3	-2	2	7	3	-16	-9	1	15004
1049	2012	165	EDM	CBJ	1	3	5	-3	1	2	2	6	1	16839
1050	2012	165	VAN	PHO	0	-1	10	-2	-1	-1	-4	5	0	18890
1051	2012	165	ANA	DET	1	4	1	7	5	0	2	2	0	16331
1052	2012	166	NJ	COL	1	1	5	6	3	-5	0	-6	0	16055
1053	2012	166	NYI	PHI	0	-1	9	2	-1	5	-4	8	0	13827
1054	2012	166	NYR	PIT	0	-3	-1	-1	0	5	4	11	0	18200
1055	2012	166	CAR	STL	1	2	-10	2	1	3	-4	3	0	18680
1056	2012	166	TB	TOR	0	-2	7	-5	-8	4	0	11	-1	19204
1057	2012	166	FLA	BOS	1	4	3	1	1	0	-2	-7	0	19004
1058	2012	166	CGY	PHO	1	3	-9	5	2	0	0	7	0	19289
1059	2012	166	SJ	NSH	1	1	2	1	4	3	-4	2	0	17562
1060	2012	167	OTT	MTL	1	1	19	3	6	1	-10	3	0	20500
1061	2012	167	WPG	WSH	1	1	6	0	5	0	-4	1	-1	15004
1062	2012	167	DAL	CHI	0	-3	-9	-6	-4	12	6	27	0	19099
1063	2012	167	EDM	CGY	1	2	6	0	1	2	-10	12	0	16839
1064	2012	167	ANA	LA	0	-2	-23	-3	-1	12	0	-4	1	17367
1065	2012	168	BOS	PHI	1	1	4	21	1	1	4	11	-1	17565
1066	2012	168	NJ	PIT	0	-3	-30	-2	-6	-1	38	-3	-1	17625
1067	2012	168	MIN	CAR	0	-2	-8	5	8	5	-2	5	1	18394
1070	2012	168	NYR	COL	0	-2	22	-3	0	8	-6	-10	-1	18200
1071	2012	168	TB	STL	0	-2	2	-7	2	2	-2	-4	-1	18777
1072	2012	168	FLA	BUF	1	1	-9	2	6	3	2	9	0	16827
1073	2012	168	VAN	CBJ	1	1	2	1	-2	-3	-2	-8	2	18890
1074	2012	168	LA	NSH	1	2	6	6	3	1	0	5	-1	18118
1075	2012	168	SJ	DET	1	1	7	1	4	8	-2	-3	0	17562
1076	2012	169	PHI	PIT	1	1	-13	6	1	4	-4	-3	1	19927
1077	2012	169	CHI	WSH	1	3	11	15	4	8	0	-13	0	21561
1078	2012	169	CGY	CBJ	0	-1	13	-2	-8	3	-2	-3	0	19289
1079	2012	169	EDM	PHO	0	-1	-4	-5	8	9	0	6	0	16839
1080	2012	169	ANA	NSH	0	-2	4	3	-2	2	16	5	-1	14978
1081	2012	169	WPG	CAR	0	-1	-2	-9	4	8	13	8	-1	15004
1082	2012	170	BOS	TOR	1	8	11	1	7	-8	0	-13	2	17565
1083	2012	170	NYR	NJ	1	2	5	5	4	-6	-10	18	1	18200
1084	2012	170	TB	BUF	0	-4	-11	0	-4	-4	4	6	-2	17212
1085	2012	170	DET	WSH	0	-2	11	6	2	1	2	11	-2	20066
1086	2012	170	MIN	VAN	1	2	1	11	1	2	-4	2	1	17188
1087	2012	170	SJ	ANA	0	-2	-10	9	7	-1	-2	-4	0	17562
1088	2012	171	TOR	NYI	0	-3	-20	6	-3	0	6	-5	-1	19351
1089	2012	171	PHI	FLA	0	-1	23	10	0	2	-2	-5	-1	19568
1090	2012	171	PIT	WPG	1	4	5	15	-1	6	-2	-1	0	18589
1091	2012	171	CBJ	CHI	0	-4	-2	12	3	-3	2	28	-2	15311
1093	2012	171	NSH	EDM	0	-3	24	-7	2	0	-6	1	0	17113
1094	2012	171	DAL	PHO	1	1	3	7	-4	7	-2	-4	0	17012
1095	2012	171	COL	CGY	1	1	1	3	9	-2	4	-1	0	14223
1096	2012	171	LA	SJ	1	3	20	8	-1	8	-6	8	0	18118
1097	2012	172	BUF	MTL	1	3	-3	4	9	1	-8	-7	1	18690
1098	2012	172	CAR	FLA	1	2	8	-4	-1	-2	2	7	1	18680
1099	2012	172	NYR	DET	1	1	7	-15	2	1	-2	2	1	18200
1100	2012	172	CHI	VAN	1	1	13	-11	0	0	-14	-14	0	21715
1101	2012	172	ANA	STL	1	1	-16	-9	-2	5	-4	-4	1	14494
1102	2012	173	PHI	WSH	1	1	-3	-1	3	12	2	-9	0	19948
1103	2012	173	PIT	NSH	1	4	-7	-2	0	-1	2	-1	0	18579
1104	2012	173	TB	EDM	1	1	-15	2	5	4	-6	-9	1	17893
1105	2012	173	MIN	CGY	1	1	1	0	9	4	0	4	-1	17002
1106	2012	173	DAL	VAN	0	-1	-2	7	7	4	2	0	0	16618
1107	2012	173	PHO	COL	1	1	-16	-4	3	-4	-6	-2	0	14938
1108	2012	173	LA	STL	1	1	2	5	-6	3	2	6	0	18118
1109	2012	173	SJ	BOS	1	1	10	6	12	-1	0	-27	0	17562
1110	2012	174	NJ	TOR	0	-1	29	2	2	10	-4	-11	0	16022
1111	2012	174	NYR	BUF	0	-3	1	-2	3	4	-2	5	0	18200
1112	2012	174	WSH	WPG	0	-1	-19	14	2	0	0	5	0	18506
1113	2012	174	CBJ	CAR	1	4	-14	3	4	-5	4	12	1	15085
1115	2012	174	FLA	EDM	0	-1	6	3	1	-1	-4	7	0	16214
1116	2012	175	DAL	CGY	1	3	-16	10	10	2	0	3	0	17238
1117	2012	175	LA	BOS	0	-2	16	5	5	3	-6	5	0	18310
1118	2012	175	BUF	MIN	1	2	12	2	2	3	-4	-3	2	18690
1119	2012	175	TOR	NYR	0	-1	-8	9	-3	6	-2	-10	0	19507
1121	2012	175	PHI	MTL	1	3	9	6	0	1	-2	-7	3	19931
1122	2012	175	TB	NYI	1	1	-11	1	2	8	0	6	-1	19204
1123	2012	175	DET	CAR	1	1	26	-2	8	2	0	-4	-2	20066
1124	2012	175	NSH	WPG	1	2	3	0	6	5	-6	9	1	17113
1125	2012	175	COL	VAN	0	-1	8	0	3	8	0	2	1	18007
1126	2012	175	SJ	PHO	1	1	5	2	7	4	-8	-5	0	17562
1127	2012	176	CBJ	EDM	0	-3	-6	4	3	-3	-4	-5	0	12295
1128	2012	176	WSH	MIN	1	3	-5	-4	-3	15	-2	-1	1	18506
1129	2012	176	FLA	NYI	0	-1	-2	3	2	2	0	3	-1	16814
1130	2012	176	PIT	NJ	1	3	-6	1	4	5	-4	20	0	18601
1131	2012	176	CHI	NSH	0	-5	1	-3	0	6	-4	-2	-1	21463
1132	2012	176	ANA	BOS	0	-1	2	-4	2	4	-2	-7	1	17395
1133	2012	176	PHO	STL	0	-4	-9	-3	-3	5	0	2	-2	12585
1134	2012	177	PHI	TB	0	-2	23	3	-7	8	4	-2	0	19590
1135	2012	177	DET	CBJ	1	5	13	-8	2	4	-12	-7	2	20066
1136	2012	177	WPG	OTT	0	-2	13	-2	4	-9	-4	14	1	15004
1137	2012	177	CGY	DAL	1	1	-4	4	1	4	-4	-5	2	19289
1138	2012	177	VAN	LA	1	1	-13	12	-1	-4	-2	10	0	18890
1139	2012	177	SJ	COL	1	4	4	3	13	4	-4	-13	1	17562
1140	2012	178	BOS	TB	1	3	20	10	1	0	-2	14	-1	17565
1141	2012	178	TOR	CAR	0	-3	8	11	-1	3	0	18	0	19348
1142	2012	178	NJ	CHI	1	1	-16	7	-2	5	2	5	1	15074
1143	2012	178	PIT	NYI	0	-2	29	17	2	3	2	10	0	18588
1144	2012	178	WSH	BUF	0	-4	14	11	1	8	-6	13	0	18506
1146	2012	178	STL	NSH	1	3	0	6	6	1	0	11	0	19150
1147	2012	178	MIN	NYR	0	-1	-6	-9	1	1	2	-18	2	17880
1148	2012	179	WPG	NYR	0	-2	-4	-7	2	2	0	-5	-2	15004
1149	2012	179	CBJ	DET	1	2	0	-1	8	-4	2	13	-2	12432
1150	2012	179	CGY	LA	0	-3	-11	2	-1	13	0	-3	0	19289
1151	2012	179	EDM	DAL	0	-2	7	-4	-2	-4	2	11	0	16839
1152	2012	179	VAN	COL	1	1	-21	16	3	4	4	-1	0	18890
1153	2012	179	ANA	SJ	1	2	-2	-4	4	-4	2	9	0	14780
1154	2012	180	BOS	WSH	0	-1	5	9	0	7	-13	7	0	17565
1155	2012	180	TOR	PHI	0	-6	-13	5	4	3	10	16	-1	19415
1156	2012	180	NJ	TB	1	2	18	19	5	7	-2	-3	1	15380
1157	2012	180	NYI	PIT	1	2	-5	4	8	1	0	-10	1	12018
1158	2012	180	MIN	FLA	1	1	-2	-2	2	1	6	10	-2	16952
1159	2012	180	CHI	STL	1	1	20	5	4	11	-2	-4	0	21659
1160	2012	180	PHO	SJ	1	2	-5	-6	0	1	0	19	1	14446
1161	2012	181	NYR	MTL	1	3	9	3	5	-1	0	9	2	18200
1162	2012	181	CAR	WPG	0	-1	-2	-7	2	2	2	-5	-1	18680
1163	2012	181	CBJ	FLA	1	3	-2	-4	10	0	0	-1	1	17994
1164	2012	181	BUF	PIT	0	-2	-6	3	3	1	2	-1	-2	18690
1165	2012	181	DET	NSH	0	-3	5	5	-1	0	0	-2	0	20066
1166	2012	181	CGY	COL	0	-3	15	6	-1	0	-8	3	1	19289
1167	2012	181	EDM	LA	0	-3	-18	-3	4	4	16	4	0	16839
1168	2012	181	VAN	DAL	1	3	4	3	0	5	-4	-4	1	18890
1169	2012	182	NYI	BOS	0	-3	-5	-19	-1	6	-2	2	0	16250
1170	2012	182	PHI	OTT	0	-1	10	-2	-2	2	-2	6	0	19822
1171	2012	182	TOR	BUF	1	1	-3	-4	6	-9	2	13	1	19446
1172	2012	182	WSH	MTL	1	1	-8	12	4	8	-2	5	0	18506
1173	2012	182	CAR	NJ	0	-5	-9	4	-1	-1	0	11	-1	18680
1174	2012	182	TB	WPG	1	1	11	-2	2	2	-10	2	1	19204
1175	2012	182	STL	CBJ	0	-3	3	-1	1	3	18	15	-2	19150
1176	2012	182	NSH	CHI	0	-1	-4	13	0	5	6	9	0	17113
1177	2012	182	MIN	LA	1	1	-6	1	3	1	0	-1	-1	18209
1178	2012	182	PHO	ANA	1	4	-15	-9	3	-3	-4	-2	3	15856
1179	2012	182	VAN	CGY	1	1	1	4	-1	1	-10	-3	-1	18890
1180	2012	182	SJ	DAL	1	3	12	2	8	6	-16	-25	1	17562
1181	2012	183	NYI	OTT	0	-4	-2	-13	-8	-3	0	3	-2	14210
1182	2012	183	NYR	BOS	0	-1	13	-15	6	1	-4	9	-1	18200
1183	2012	183	DET	FLA	1	1	4	6	-3	10	17	3	0	20066
1184	2012	183	CHI	MIN	0	-1	5	-9	-2	8	8	2	0	21576
1185	2012	183	PIT	PHI	0	-2	21	0	0	9	0	14	0	18601
1186	2012	183	ANA	EDM	0	-1	18	1	-1	0	-6	-11	0	17266
1187	2012	184	TB	WSH	1	2	-6	-1	-1	-2	-4	2	1	19204
1188	2012	184	LA	EDM	1	2	18	14	3	-1	-2	-2	0	18118
1189	2012	185	BOS	PIT	0	-2	2	-2	3	0	6	-6	-2	17565
1190	2012	185	BUF	TOR	1	1	20	9	6	-3	-8	1	3	18690
1191	2012	185	NJ	NYI	1	2	0	-6	5	2	-28	1	1	15482
1192	2012	185	PHI	NYR	0	-2	16	2	-4	6	-2	8	-2	19898
1194	2012	185	FLA	WPG	0	-1	8	-3	0	4	0	-4	0	17760
1195	2012	185	NSH	MIN	1	1	-2	4	-2	1	6	2	0	17113
1196	2012	185	DAL	SJ	0	-3	5	1	-1	3	14	22	-1	18584
1197	2012	185	VAN	ANA	1	1	15	3	-2	4	-4	-5	-1	18890
1198	2012	185	PHO	CBJ	1	2	-32	-4	7	1	12	13	0	13263
1200	2012	186	STL	DET	0	-1	1	-5	-1	-4	17	12	0	18755
1201	2012	187	TOR	TB	1	1	-6	-18	2	0	-4	4	0	19369
1202	2012	187	NYI	WPG	1	1	3	3	13	1	0	-3	0	13048
1203	2012	187	PHI	BUF	1	1	9	1	1	-4	4	4	0	19873
1204	2012	187	PIT	NYR	1	3	-5	1	7	1	21	0	-1	18585
1205	2012	187	WSH	FLA	1	2	-3	-1	-1	15	-2	17	0	18506
1206	2012	187	CAR	MTL	1	1	-2	11	-7	3	2	-2	1	17836
1208	2012	187	DET	NJ	0	-1	3	1	0	3	2	9	1	20066
1209	2012	187	NSH	DAL	1	2	3	3	5	3	4	1	0	17113
1210	2012	187	MIN	CHI	1	1	0	2	1	4	17	5	1	18643
1211	2012	187	COL	CBJ	0	-3	9	-11	2	6	-10	7	0	15610
1212	2012	187	CGY	VAN	1	1	-6	-7	6	6	4	10	0	19289
1213	2012	187	EDM	ANA	0	-1	9	-14	1	-10	0	6	0	16839
1214	2012	187	LA	SJ	0	-1	5	0	4	2	1	8	1	18330
1215	2012	188	STL	PHO	0	-3	0	-1	0	3	-10	5	0	19150
1216	2012	189	BOS	BUF	1	1	12	2	4	-4	-6	2	1	17565
1217	2012	189	NJ	OTT	1	2	2	5	10	3	0	4	2	17625
1218	2012	189	NYR	WSH	0	-3	19	1	1	-4	0	7	-1	18200
1219	2012	189	PIT	PHI	1	2	2	14	2	3	-19	6	0	18616
1220	2012	189	DET	CHI	0	-1	-1	-2	2	-1	6	5	0	20066
1221	2012	189	CGY	ANA	1	3	-2	5	-3	3	4	1	-1	19289
1223	2012	189	WPG	TB	0	-1	6	4	0	-5	2	10	0	15004
1224	2012	189	CBJ	NYI	1	4	-1	1	10	1	-2	6	2	17652
1225	2012	189	FLA	CAR	1	3	-9	-1	-5	5	0	-24	0	19057
1226	2012	189	MIN	PHO	0	-3	-4	-5	8	2	-2	3	0	18864
1227	2012	189	DAL	STL	0	-1	0	-7	-2	6	2	3	-2	16560
1228	2012	189	COL	NSH	0	-5	16	11	-4	6	0	19	0	18007
1229	2012	189	VAN	EDM	1	3	25	1	3	2	-10	-2	2	18890
1230	2012	189	SJ	LA	1	1	-8	-3	2	12	-4	17	-1	17562