
1	2015	7	TOR	MTL	0	-1	-5	-12	1	2	-2	14	1	19745
2	2015	7	BOS	PHI	1	1	13	6	-2	-2	4	-3	1	17565
3	2015	7	CGY	VAN	0	-2	-8	17	3	1	-2	16	-1	19289
4	2015	7	LA	SJ	0	-4	4	-14	2	4	-2	8	-1	18514
5	2015	8	BUF	CBJ	0	-2	-18	3	3	2	6	1	-1	18215
6	2015	8	PHI	NJ	0	-2	13	6	0	2	-4	-6	2	19801
7	2015	8	PIT	ANA	1	2	10	-7	2	3	2	1	-2	18633
8	2015	8	WSH	MTL	0	-1	6	-3	-1	1	0	1	0	18506
9	2015	8	DET	BOS	1	1	7	8	6	-3	0	4	1	20027
10	2015	8	TB	FLA	1	1	11	-2	-1	3	-10	7	3	19204
11	2015	8	STL	NYR	0	-1	0	10	-1	0	-4	-3	0	19183
12	2015	8	NSH	OTT	1	1	17	0	5	4	2	0	0	17113
13	2015	8	DAL	CHI	0	-1	8	6	6	-1	-2	13	0	18768
14	2015	8	MIN	COL	1	5	32	3	6	-2	4	-7	0	19098
15	2015	8	EDM	CGY	0	-3	14	13	3	-7	-2	-3	1	16839
16	2015	8	ARI	WPG	0	-4	1	7	3	3	4	10	0	17125
17	2015	9	CAR	NYI	0	-2	-2	3	0	2	-4	-7	0	18680
18	2015	10	BOS	WSH	0	-4	8	9	-1	3	10	5	-2	17565
19	2015	10	TOR	PIT	0	-3	-16	-2	1	-4	-2	-1	-1	19039
20	2015	10	DET	ANA	0	-1	3	-8	-2	5	2	7	0	20027
21	2015	10	TB	OTT	0	-1	6	-2	2	3	0	5	1	19204
22	2015	10	FLA	NJ	0	-4	5	5	4	0	-10	2	-1	11419
23	2015	10	NYI	CAR	1	1	7	7	2	2	-14	0	0	16170
24	2015	10	PHI	MTL	0	-1	-6	3	0	9	-6	-2	1	19745
25	2015	10	CBJ	NYR	1	3	-2	-6	1	2	-12	1	0	18922
26	2015	10	STL	CGY	1	3	15	7	-4	1	2	-11	1	17120
27	2015	10	NSH	DAL	1	3	15	2	1	0	-14	4	0	17113
28	2015	10	CHI	BUF	1	4	24	1	1	2	0	-11	1	22012
29	2015	10	COL	MIN	0	-3	-4	-3	-1	4	15	17	0	18139
30	2015	10	ARI	LA	1	1	14	-3	12	2	-2	-2	2	12859
31	2015	10	VAN	EDM	1	1	14	7	-5	0	-8	7	1	18870
32	2015	10	SJ	WPG	1	3	-4	-2	3	18	-22	-8	0	17562
33	2015	11	NYR	TOR	0	-3	2	-6	4	8	4	-7	-2	18006
34	2015	11	LA	WPG	1	3	1	-1	4	2	-12	-9	0	18230
35	2015	12	BOS	COL	0	-1	-2	0	-1	-4	4	-3	1	17565
36	2015	12	BUF	ANA	0	-4	-32	-24	2	3	6	-4	-1	18912
37	2015	12	FLA	OTT	0	-1	7	-2	-3	2	4	7	-1	7311
38	2015	13	NYR	NYI	0	-3	16	1	9	-4	0	-1	-1	18006
39	2015	13	PHI	ANA	0	-1	14	1	1	1	-4	-13	2	19589
40	2015	13	WSH	SJ	0	-1	11	0	10	0	-2	13	1	18506
41	2015	13	CAR	BUF	0	-1	-1	17	5	-1	-2	-10	0	14930
42	2015	13	CBJ	DAL	0	-2	0	7	8	5	-6	7	1	15995
43	2015	13	TOR	COL	1	1	16	9	5	5	-4	2	0	18754
44	2015	13	TB	NJ	0	-1	2	0	1	-4	0	-7	-1	18064
45	2015	13	NSH	CGY	0	-1	-7	-9	4	6	2	3	-1	15654
46	2015	13	LA	EDM	1	5	-6	10	1	5	0	10	1	18230
47	2015	14	DET	BOS	0	-1	-19	0	2	0	-4	-8	1	20027
48	2015	14	CHI	CGY	0	-1	32	7	5	6	-12	-3	1	21112
49	2015	14	ARI	EDM	1	3	3	1	6	7	-4	4	1	11648
50	2015	15	NYI	SJ	1	1	22	-1	5	3	-2	12	0	11248
51	2015	15	PIT	DAL	0	-1	1	8	4	2	0	21	1	18615
52	2015	15	WSH	NJ	1	4	5	-3	4	0	-4	0	1	18506
53	2015	15	MTL	BOS	1	2	-3	4	2	8	-10	13	1	21287
54	2015	15	OTT	COL	1	2	-3	9	8	-2	-4	0	0	19913
55	2015	15	LA	STL	1	1	-25	-7	1	14	-2	11	0	18230
56	2015	16	BUF	FLA	0	-1	-9	-9	-1	-1	0	8	0	17864
57	2015	15	NYR	CAR	1	1	4	-17	2	14	-4	6	0	18006
58	2015	16	CBJ	CGY	1	1	-5	8	3	3	-2	-8	1	15987
59	2015	16	TOR	DET	0	-3	-11	-5	-8	-2	6	1	0	19054
60	2015	16	WPG	NSH	0	-2	4	3	-3	0	2	3	0	15016
61	2015	16	EDM	VAN	0	-2	-2	4	-3	8	-2	3	0	16839
62	2015	16	ANA	MIN	1	1	-2	4	3	4	-12	4	0	17306
63	2015	17	BUF	BOS	0	-4	-4	5	0	0	-8	0	0	18685
64	2015	17	MTL	COL	1	1	2	-8	8	-3	2	-13	1	21287
65	2015	17	OTT	CBJ	1	1	-5	-2	6	-1	2	10	0	18994
66	2015	17	DET	TOR	1	1	2	7	-1	10	2	-4	0	20027
67	2015	17	NJ	SJ	0	-2	5	-4	-8	7	2	4	-2	16592
68	2015	17	PIT	NYI	1	2	3	1	6	-2	-2	-8	2	18655
69	2015	17	WSH	FLA	1	1	7	13	-2	2	6	1	-1	18506
70	2015	17	DAL	PHI	0	-1	-14	-7	3	8	8	5	0	18532
71	2015	17	CHI	NSH	1	1	17	-6	2	6	-2	-4	-1	21640
72	2015	17	ARI	STL	0	-5	-11	2	-1	7	0	4	-3	11100
73	2015	17	VAN	TB	0	-2	8	-6	-3	-1	0	-9	0	18647
74	2015	18	LA	MIN	1	1	-25	12	1	11	14	14	1	18230
75	2015	18	NYR	SJ	1	4	-4	17	6	3	4	10	0	18006
76	2015	18	WPG	CGY	0	-3	6	8	3	-4	0	6	-1	15016
77	2015	18	ANA	STL	1	3	-3	17	3	1	-2	3	2	15687
78	2015	19	EDM	TB	1	1	-1	-7	1	7	0	6	0	16839
79	2015	20	BOS	SJ	1	2	-1	-1	0	4	0	-8	1	17565
80	2015	20	NJ	NYR	0	-1	6	14	-5	6	-4	-1	1	14484
81	2015	20	NYI	TOR	0	-3	8	-16	-4	-4	6	-1	1	11408
82	2015	20	MTL	DET	1	1	8	15	2	0	4	8	0	21287
83	2015	20	NSH	ARI	1	1	-10	-9	-1	6	2	2	-2	15694
84	2015	20	WPG	CAR	1	2	4	1	8	3	0	5	-1	15016
85	2015	20	CHI	PHI	1	4	11	-1	9	-2	-4	-1	2	21162
86	2015	20	DAL	VAN	1	3	-18	8	-4	8	-2	-1	1	15678
87	2015	20	COL	FLA	0	-1	-3	5	-2	4	-6	14	1	14440
88	2015	20	CGY	TB	0	-1	0	-2	4	5	-4	10	1	19289
89	2015	39	OTT	TOR	0	-2	11	6	2	6	-2	-5	1	19229
90	2015	21	PIT	PHI	0	-2	-8	7	-4	5	0	12	0	18661
91	2015	21	EDM	WSH	1	1	-14	-1	2	6	0	-13	0	16839
92	2015	21	ANA	BUF	1	3	11	13	1	3	-14	-10	0	16067
93	2015	22	BOS	NYI	0	-1	-6	17	-5	3	0	-1	0	17565
94	2015	22	DET	PIT	1	1	5	5	-3	-1	0	11	0	20027
95	2015	22	STL	VAN	0	-3	9	11	-4	1	-2	13	0	16099
96	2015	22	NSH	CHI	1	1	-5	-10	-3	-4	-2	8	0	17157
97	2015	22	MIN	ARI	1	2	3	-14	4	6	0	-8	0	18554
98	2015	22	CGY	CAR	1	5	8	3	4	-4	0	-9	0	19289
99	2015	22	LA	BUF	1	2	10	4	5	-5	-10	-3	2	18230
100	2015	22	SJ	CBJ	0	-1	9	-2	3	6	0	9	0	17562
101	2015	23	NJ	DAL	0	-1	-10	-7	3	6	4	-1	-1	14657
102	2015	23	WPG	TB	0	-2	15	-3	-2	-7	-2	15	0	15016
103	2015	23	COL	VAN	1	4	19	-1	1	0	-14	-3	1	17119
104	2015	23	EDM	CAR	1	3	-1	8	-4	3	-4	2	1	16839
105	2015	23	ANA	CBJ	1	3	17	9	0	1	0	-1	1	15778
106	2015	24	SJ	BUF	0	-1	15	17	4	3	2	-6	0	17370
107	2015	24	TOR	BOS	0	-3	0	-9	2	0	2	15	-1	19132
108	2015	24	MTL	NYR	1	2	-5	5	-2	5	2	-2	0	21287
109	2015	24	OTT	NJ	0	-1	6	-2	-2	-1	2	14	0	19266
110	2015	24	NYI	DAL	1	2	-2	7	12	4	6	18	-1	15208
111	2015	24	PHI	DET	1	2	-20	-3	-4	7	-4	13	1	19867
112	2015	24	STL	CHI	1	1	7	2	4	-2	0	2	-1	19434
113	2015	24	NSH	PIT	0	-3	-1	-8	-4	-1	4	-1	-2	17218
114	2015	24	MIN	TB	1	5	3	-6	6	-3	6	-8	0	18884
115	2015	24	ARI	FLA	1	1	17	2	-1	0	-12	5	2	13202
116	2015	24	CGY	WSH	0	-2	-9	-2	-1	5	20	-5	0	19095
117	2015	25	WPG	COL	1	1	5	6	-1	-3	0	4	-1	15016
118	2015	25	LA	CBJ	1	3	3	6	0	3	8	-8	0	18230
119	2015	25	CHI	OTT	1	1	12	7	-1	-5	-4	-15	1	21310
120	2015	25	ANA	SJ	0	-3	-3	4	-1	2	15	16	-1	16954
121	2015	25	VAN	WSH	1	2	12	4	7	4	-8	-5	2	18427
122	2015	26	NYR	MIN	1	1	-10	10	0	7	27	13	0	18006
123	2015	26	EDM	MTL	1	3	-10	6	1	10	-4	1	0	16839
124	2015	27	BOS	MIN	0	-1	-14	7	5	2	0	5	1	17565
125	2015	27	NYI	WPG	0	-1	-9	7	3	9	7	2	0	11508
126	2015	27	PHI	LA	1	1	3	-6	2	5	-10	-14	0	19873
127	2015	27	PIT	NJ	1	5	14	6	-4	0	-4	8	3	18650
128	2015	27	CBJ	OTT	0	-3	4	1	6	7	-7	20	-1	14749
129	2015	27	TOR	BUF	1	4	27	2	8	8	-8	-9	1	18898
130	2015	27	TB	ARI	1	4	10	3	2	4	-6	-3	1	17511
131	2015	27	CHI	ANA	0	-1	13	13	7	1	-4	-21	0	21233
132	2015	27	DAL	STL	0	-1	1	3	-1	4	2	3	0	16232
133	2015	27	COL	SJ	0	-1	-18	-10	9	5	2	15	0	14552
134	2015	27	CGY	MTL	0	-1	19	1	8	8	-8	10	0	19289
135	2015	27	VAN	CAR	1	3	-5	-4	1	-3	0	2	1	18234
136	2015	28	WSH	DET	0	-2	5	0	2	7	-4	8	0	18506
137	2015	28	EDM	NSH	0	-3	-8	12	3	4	-2	-6	0	16839
138	2015	29	BUF	BOS	0	-1	-22	-3	6	2	-2	12	1	17477
139	2015	29	NJ	WPG	1	1	3	7	-7	6	2	-3	0	12897
140	2015	29	PIT	LA	1	3	-13	1	4	1	-4	1	2	18570
141	2015	29	OTT	CHI	0	-1	-7	3	5	-3	-2	5	1	17529
142	2015	29	TB	PHI	1	1	5	-3	1	2	-4	2	2	18642
143	2015	29	FLA	ARI	1	1	-7	-12	3	1	2	-8	0	7691
144	2015	29	STL	ANA	1	2	5	2	3	-4	4	-3	0	16723
145	2015	29	MIN	SJ	1	1	18	21	0	5	2	-4	-1	18633
146	2015	29	COL	NYI	1	5	-17	2	4	1	8	-8	1	12892
147	2015	29	VAN	MTL	1	1	5	-5	5	5	2	3	1	18870
148	2015	30	CBJ	TOR	0	-3	2	-11	3	4	-4	14	0	14479
149	2015	30	DET	LA	1	3	5	3	4	3	-6	-19	2	20027
150	2015	30	DAL	ANA	0	-1	-2	-7	-7	6	-2	1	0	15343
151	2015	30	CGY	NSH	1	1	-1	-12	3	3	-2	8	1	18505
152	2015	31	SJ	NYI	1	2	11	3	5	4	-6	-9	1	17562
153	2015	31	BOS	OTT	1	2	1	-2	-4	-4	-4	-13	0	17565
154	2015	31	TOR	CHI	1	1	-20	1	-2	0	2	2	-2	19138
155	2015	31	TB	WSH	1	1	-10	3	3	2	0	14	-1	19119
156	2015	31	FLA	PHI	1	1	-7	4	2	-3	4	10	1	9774
157	2015	31	NJ	CBJ	1	1	-5	1	-2	6	-6	-6	1	13542
158	2015	31	NYR	WPG	0	-1	13	-4	1	11	-4	-2	0	18006
159	2015	31	PIT	BUF	1	5	16	1	8	1	0	-14	3	18652
160	2015	31	CAR	ARI	1	3	10	-1	8	3	2	-14	1	10870
161	2015	31	STL	COL	1	1	0	13	0	1	2	-6	-2	17498
162	2015	31	MIN	DAL	1	3	10	0	11	1	0	-4	2	19088
163	2015	31	EDM	VAN	0	-1	-3	-2	4	7	0	-1	0	16839
164	2015	32	BUF	DET	1	1	-17	-10	2	1	2	7	0	17815
165	2015	32	CAR	LA	1	1	0	-5	4	7	-2	-4	0	10519
166	2015	32	MTL	CGY	0	-4	-16	11	3	7	8	0	-1	21287
167	2015	32	WSH	ARI	0	-1	7	-12	1	4	6	-2	0	18506
168	2015	32	COL	ANA	0	-1	-15	2	-6	3	4	18	0	15310
169	2015	32	CHI	WPG	0	-1	6	7	13	17	0	-10	0	21204
170	2015	32	VAN	NSH	0	-2	-6	8	3	9	0	-2	0	18395
171	2015	33	NYR	STL	0	-1	5	1	10	3	-2	-1	0	18006
172	2015	34	BOS	FLA	1	1	6	11	3	2	2	-6	0	17565
173	2015	34	NJ	STL	0	-1	3	-4	0	6	0	-4	-1	15102
174	2015	34	PHI	EDM	1	3	-11	19	4	1	8	8	0	19566
175	2015	34	WSH	CGY	0	-1	11	10	6	-1	-6	-2	1	18506
176	2015	34	CBJ	CAR	0	-2	-18	-11	-3	8	8	8	1	15638
177	2015	34	MTL	CHI	0	-5	-4	7	0	9	2	12	-1	21287
178	2015	34	OTT	DET	1	2	0	-2	4	4	-2	8	1	16436
179	2015	34	MIN	PIT	0	-3	12	7	7	10	-2	-8	-1	18788
180	2015	34	WPG	NSH	1	2	2	-2	1	7	0	10	2	15016
181	2015	34	DAL	LA	0	-2	4	0	1	10	2	-14	0	16567
182	2015	34	COL	VAN	0	-3	-15	-1	1	9	-2	7	0	13221
183	2015	34	ARI	TOR	1	1	3	-4	9	-1	2	-12	-2	14202
184	2015	35	BUF	MTL	0	-1	0	-10	-1	-3	-6	13	1	17837
185	2015	35	NYR	DET	1	1	2	-3	3	-4	2	-3	0	18006
186	2015	35	ANA	NYI	0	-1	-2	4	2	0	2	-2	-1	16448
187	2015	36	BOS	EDM	1	3	6	10	7	-5	2	5	1	17565
188	2015	36	PHI	FLA	1	3	-5	-3	-1	2	4	0	-1	19777
189	2015	36	OTT	MIN	1	3	-18	-2	2	5	-12	10	1	16867
190	2015	36	TB	CGY	1	3	2	11	5	0	6	4	-1	18276
191	2015	36	STL	NJ	1	1	2	3	10	-1	0	-1	2	16523
192	2015	36	WPG	PIT	0	-1	2	2	-2	-6	-10	12	0	15016
193	2015	36	DAL	NSH	0	-1	2	10	-1	5	4	3	-2	17054
194	2015	36	COL	TOR	1	1	-4	7	-9	1	0	7	-1	15036
195	2015	36	LA	NYI	0	-1	3	11	-3	5	2	-5	-1	18230
196	2015	36	SJ	VAN	0	-1	17	2	5	10	-6	7	0	17562
197	2015	37	BUF	EDM	0	-1	-21	-17	2	5	12	5	0	17490
198	2015	37	CAR	CBJ	1	1	4	3	6	9	-6	-24	1	11540
199	2015	37	DET	NJ	1	2	14	8	1	4	-2	1	2	20027
200	2015	37	CHI	WSH	0	-1	16	12	-1	4	-4	-18	1	21892
201	2015	37	ANA	ARI	0	-1	14	-4	2	-4	-2	2	1	16235
202	2015	38	FLA	CGY	0	-2	6	16	2	1	0	8	-1	9230
203	2015	38	BUF	PIT	0	-5	-18	10	0	7	4	18	-2	19070
204	2015	38	TOR	NYR	1	1	-4	17	4	7	0	4	1	19320
205	2015	38	MTL	MIN	1	3	0	12	2	6	2	-11	0	21287
206	2015	38	OTT	WPG	0	-1	1	5	1	0	0	10	0	19189
207	2015	38	PHI	COL	1	1	-12	-2	2	-1	-3	-7	3	19792
208	2015	38	CBJ	TB	0	-3	-6	10	-2	0	-2	13	1	14892
209	2015	38	WSH	CAR	1	1	12	7	6	4	-2	3	0	18506
210	2015	38	STL	NSH	0	-1	-6	5	4	-2	2	-2	0	18869
211	2015	38	DAL	SJ	0	-2	11	-2	-3	2	4	9	0	17023
212	2015	38	ARI	NYI	0	-1	-14	-5	6	2	-4	-21	0	14689
213	2015	38	LA	VAN	1	4	17	-3	5	4	4	-5	0	18230
214	2015	39	DET	TB	0	-1	-10	2	1	9	2	10	1	20027
215	2015	39	NYR	EDM	0	-2	-12	-2	-4	7	4	-2	0	18006
216	2015	39	CHI	SJ	1	3	3	8	0	4	-2	-16	-1	21489
217	2015	39	ANA	VAN	0	-1	-6	1	1	-1	4	7	1	16749
218	2015	40	BOS	NJ	1	2	-5	6	7	3	-2	7	1	17565
219	2015	40	CAR	CGY	1	3	8	0	3	0	-4	-2	0	9906
220	2015	41	NJ	MIN	1	2	-1	-2	1	4	-4	9	1	14256
221	2015	41	NYI	COL	1	6	26	2	9	1	-6	10	1	12888
222	2015	41	NYR	PIT	1	5	2	-7	7	-1	-2	-6	1	18006
223	2015	41	WSH	CBJ	1	2	6	6	2	4	-2	-5	1	18506
224	2015	41	MTL	WPG	1	3	-2	4	4	6	-2	-21	0	21287
225	2015	41	FLA	SJ	1	3	4	4	-2	3	0	-3	0	8075
226	2015	41	STL	BUF	1	5	0	10	0	0	-12	-13	2	17570
227	2015	41	NSH	EDM	1	1	12	-4	7	2	0	-2	0	17129
228	2015	41	CHI	TB	1	1	12	1	3	11	-6	-22	0	21345
229	2015	41	ARI	DAL	0	-1	5	-2	-2	3	-4	-3	-1	11866
230	2015	41	VAN	OTT	1	1	13	0	0	3	-2	-10	0	18775
231	2015	42	TOR	BOS	1	5	7	1	13	3	-2	-2	3	19264
232	2015	42	ANA	LA	1	1	23	8	6	-2	0	8	0	17245
233	2015	43	NYR	COL	0	-1	4	-9	2	0	-2	-1	-1	18006
234	2015	43	CAR	WPG	0	-2	-14	-6	-2	5	-2	1	1	10005
235	2015	43	MTL	BOS	1	4	12	10	4	9	-4	-1	0	21287
236	2015	43	TB	SJ	0	-1	-6	-4	-4	6	-2	6	0	19004
237	2015	43	STL	NSH	1	1	2	9	3	-1	14	3	0	15702
238	2015	43	MIN	BUF	1	3	11	9	-2	-1	-4	-10	2	18925
239	2015	43	CGY	ARI	1	2	2	0	9	-2	-4	4	-1	18698
240	2015	43	EDM	OTT	0	-1	7	7	5	9	-10	6	1	16839
241	2015	43	LA	DAL	0	-2	0	3	2	1	2	10	0	18230
242	2015	44	PHI	CBJ	0	-1	-11	6	-1	7	2	10	-1	19789
243	2015	44	WSH	NJ	0	-1	2	-4	1	-2	-2	3	0	18506
244	2015	44	TOR	PIT	0	-1	-9	-1	-2	-1	-6	-9	0	19295
245	2015	44	DET	CHI	1	3	11	2	1	1	2	6	-1	20027
246	2015	44	FLA	NYI	0	-1	4	10	1	4	-6	-6	1	10010
247	2015	44	VAN	ARI	0	-5	12	-7	0	5	2	3	-1	18708
248	2015	45	BOS	CAR	1	1	-9	-5	-3	2	2	7	0	17565
249	2015	45	DAL	MIN	0	-1	6	0	7	7	-2	1	0	17543
250	2015	45	LA	ANA	1	1	8	-4	-1	2	0	18	2	18230
251	2015	45	BUF	TOR	1	4	1	-21	4	0	2	21	1	19070
252	2015	45	MTL	PHI	1	3	-1	5	4	1	4	-14	2	21287
253	2015	45	TB	NYI	1	3	1	7	-1	3	0	-9	1	19204
254	2015	45	NJ	COL	0	-1	-4	0	7	3	2	5	0	15626
255	2015	45	PIT	NYR	1	1	7	6	3	9	4	13	-1	18652
256	2015	45	CBJ	SJ	1	1	-9	5	5	5	0	13	1	15950
257	2015	45	NSH	WPG	1	1	7	20	-5	6	-8	3	0	17113
258	2015	45	STL	WSH	1	3	9	8	-3	-2	-4	-11	0	19339
259	2015	45	CGY	OTT	1	2	0	4	6	-4	8	0	1	19289
260	2015	46	CAR	SJ	0	-2	26	10	3	5	-2	-9	0	12784
261	2015	46	MIN	WPG	1	1	2	6	1	-1	4	-9	1	18808
262	2015	46	DET	MTL	0	-3	10	6	0	9	-4	9	1	20027
263	2015	46	CHI	DAL	1	4	23	-1	7	5	-6	-13	1	21671
264	2015	46	ANA	FLA	0	-4	6	15	-1	6	-2	3	-1	16128
265	2015	46	EDM	ARI	0	-1	6	1	4	-2	0	0	0	16839
266	2015	47	NYR	TB	0	-4	-14	-1	6	4	0	4	0	18006
267	2015	48	BOS	STL	1	2	-16	3	7	-4	2	9	0	17565
268	2015	48	BUF	SJ	1	3	-16	-9	2	2	4	13	-1	17435
269	2015	48	NYI	TB	1	3	8	7	-3	9	-6	10	1	12908
270	2015	48	CBJ	DET	0	-5	-12	-9	7	5	4	8	-2	15438
271	2015	48	TOR	NSH	0	-7	-6	0	-4	2	4	-1	-1	19012
272	2015	48	MTL	PIT	0	-4	5	19	2	-2	-4	0	-1	21287
273	2015	48	WPG	NJ	1	2	12	5	1	5	-6	8	-1	15016
274	2015	48	DAL	CAR	0	-2	2	-15	-5	3	2	1	-1	15678
275	2015	48	CGY	ANA	1	1	-8	-8	-4	2	-4	1	-2	18421
276	2015	48	ARI	WSH	0	-1	0	4	3	1	-2	-12	0	11769
277	2015	48	LA	FLA	1	3	-5	2	1	16	-2	12	2	18230
278	2015	49	NYR	PHI	1	2	3	0	6	-9	0	1	1	18006
279	2015	49	EDM	VAN	0	-1	1	-12	-2	8	0	1	-1	16839
280	2015	50	PHI	MIN	0	-1	10	1	3	-1	4	-2	0	19919
281	2015	50	TOR	TB	1	3	-7	9	-1	5	0	-5	1	19089
282	2015	50	MTL	STL	1	3	-2	1	3	1	-4	-2	0	21287
283	2015	50	OTT	NSH	1	1	-16	4	3	4	-2	-2	0	16796
284	2015	50	WPG	DET	0	-1	4	-11	4	1	2	3	-1	15016
285	2015	50	DAL	ARI	1	2	0	-9	4	9	0	3	-1	16078
286	2015	50	COL	WSH	0	-1	6	-1	10	12	2	-1	0	16476
287	2015	50	CGY	CHI	0	-1	5	-3	1	7	-8	11	1	19289
288	2015	50	VAN	ANA	0	-1	2	2	2	1	4	1	0	18870
289	2015	50	LA	CAR	1	1	12	11	4	4	-8	-9	0	18230
290	2015	50	SJ	FLA	0	-1	2	13	2	6	4	7	0	17331
291	2015	142	BUF	NYR	0	-2	-18	-14	2	-1	2	3	0	19070
292	2015	51	PIT	NYI	0	-1	-5	0	-1	5	2	9	0	18653
293	2015	51	CBJ	BOS	0	-1	-13	7	-2	5	-12	2	0	15030
294	2015	51	EDM	NJ	0	-2	3	1	2	6	-6	-3	0	16839
295	2015	52	OTT	STL	0	-1	-7	-9	1	4	0	8	2	18479
296	2015	52	BOS	MTL	0	-2	10	0	-5	-7	2	10	-1	17565
297	2015	52	TOR	DET	1	3	1	-8	11	8	-2	10	0	19311
298	2015	52	TB	MIN	1	1	-3	6	4	-1	2	5	1	19204
299	2015	52	NYI	PIT	1	3	7	12	4	6	-12	2	1	16170
300	2015	52	PHI	CBJ	1	2	15	10	-1	4	-2	-1	0	19846
301	2015	52	WSH	BUF	0	-1	18	10	0	-2	0	0	1	18506
302	2015	52	NSH	FLA	1	1	20	9	-3	2	-4	-5	0	17163
303	2015	52	DAL	LA	1	1	-18	7	3	0	-4	-16	1	18111
304	2015	52	COL	CAR	1	1	8	0	2	7	-8	11	0	17208
305	2015	52	CGY	NJ	1	1	8	7	8	6	-8	15	0	18874
306	2015	52	EDM	CHI	0	-6	-5	-4	2	2	10	10	-2	16839
307	2015	52	SJ	ARI	0	-1	18	12	7	3	-4	8	0	17297
308	2015	53	WPG	STL	0	-2	1	9	7	4	8	23	-2	15016
309	2015	53	NYR	MTL	1	5	13	-9	12	0	-2	9	0	18006
310	2015	53	ANA	ARI	1	1	3	-10	-3	-2	2	-1	0	15928
311	2015	53	VAN	CHI	1	3	5	9	4	8	4	2	-1	18663
312	2015	54	BOS	PIT	0	-1	-4	1	2	2	0	0	-1	17565
313	2015	54	NYI	PHI	1	1	25	0	15	14	-2	19	0	12409
314	2015	54	DET	OTT	1	1	17	9	-1	1	-4	-1	1	20027
315	2015	54	FLA	MIN	0	-3	-9	13	2	2	0	10	0	8426
316	2015	55	CBJ	WPG	0	-2	2	0	-1	-1	-14	10	-1	13745
317	2015	55	STL	OTT	0	-1	-4	11	-3	2	-6	-11	1	16680
318	2015	55	NSH	LA	1	1	12	-4	-3	-2	0	-9	0	17181
319	2015	55	DAL	EDM	1	1	-3	1	8	3	-4	1	0	16322
320	2015	55	ARI	COL	0	-1	-2	-4	2	-2	2	-3	0	12163
321	2015	55	VAN	NJ	1	2	16	3	-7	2	-4	4	0	18606
322	2015	55	ANA	CGY	1	1	-5	5	1	-1	8	-3	0	17174
323	2015	56	BUF	WPG	0	-1	-6	3	3	4	-15	12	-1	18442
324	2015	56	NYI	WSH	1	1	8	-4	8	3	-2	27	0	16170
325	2015	56	DET	PHI	1	3	1	-6	0	3	2	-13	0	20027
326	2015	56	TB	NYR	1	1	10	7	-1	3	-4	2	1	19204
327	2015	56	FLA	CAR	1	1	-5	9	3	3	4	1	0	8119
328	2015	56	PIT	TOR	1	1	-1	8	0	3	0	-2	1	18645
329	2015	56	MIN	LA	0	-4	6	-6	4	2	0	-7	0	19038
330	2015	56	COL	CHI	0	-1	-16	-9	6	-1	8	11	-2	18007
331	2015	56	SJ	CGY	0	-2	13	14	2	0	0	-4	-1	17353
332	2015	57	NSH	EDM	1	1	-12	0	-1	12	-12	5	0	17113
333	2015	58	PHI	NYR	0	-3	2	2	-2	-2	-2	6	-1	19969
334	2015	58	ANA	CHI	0	-3	-14	5	-1	1	21	14	0	17355
335	2015	58	WSH	NYI	1	3	-1	12	2	-1	0	8	1	18506
336	2015	58	BOS	WPG	1	1	2	2	1	-6	4	0	-1	17565
337	2015	58	BUF	MTL	1	1	-6	-18	4	1	-22	6	0	19070
338	2015	58	NJ	DET	0	-1	-7	-15	-1	0	0	-6	0	16592
339	2015	58	PIT	CAR	0	-2	-13	2	-1	5	14	3	-2	18665
340	2015	58	CBJ	VAN	0	-5	1	2	8	4	-2	14	0	14121
341	2015	58	FLA	OTT	1	1	22	4	1	-1	0	1	0	9758
342	2015	58	STL	EDM	1	1	25	9	4	-1	-6	2	0	17666
343	2015	58	DAL	MIN	0	-1	11	11	1	6	-4	1	0	18532
344	2015	59	TOR	WSH	1	4	-14	0	8	4	-2	-2	2	19161
345	2015	59	MTL	BUF	0	-1	18	30	-4	-9	0	-7	0	21287
346	2015	59	TB	OTT	1	3	5	6	5	5	-4	5	0	19204
347	2015	59	NYI	NJ	1	2	-7	-1	-3	1	0	-1	0	16170
348	2015	59	NYR	PHI	1	3	12	-13	-3	0	-6	4	0	18006
349	2015	59	CAR	PIT	0	-1	1	15	5	1	-6	-15	2	16225
350	2015	59	NSH	CBJ	1	1	20	-2	0	-4	0	-11	-1	16548
351	2015	59	MIN	STL	0	-1	12	15	5	1	-17	-5	1	19124
352	2015	59	COL	DAL	1	3	23	-11	5	3	-6	5	2	15761
353	2015	59	ARI	CGY	0	-3	-3	14	-1	1	4	-5	-1	13530
354	2015	59	LA	CHI	0	-3	-5	0	0	8	8	20	0	18471
355	2015	59	SJ	ANA	1	2	1	2	4	-5	0	0	2	17352
356	2015	60	DET	VAN	1	2	-3	9	5	11	-2	-17	1	20027
357	2015	61	NYR	TB	0	-3	14	-4	4	3	2	10	0	18006
358	2015	61	CBJ	FLA	1	1	-2	8	1	-1	2	14	-1	12309
359	2015	61	COL	MTL	0	-1	-1	-5	7	3	2	13	-1	14038
360	2015	61	EDM	ARI	0	-3	3	4	4	9	-4	0	-1	16839
361	2015	61	ANA	BOS	1	1	-6	-9	3	3	0	0	0	16457
362	2015	62	BUF	TB	1	1	-5	8	4	-4	0	5	0	17772
363	2015	62	NYI	OTT	1	1	10	2	-2	2	-2	-5	0	13888
364	2015	62	PIT	NJ	1	1	-6	7	2	3	14	-8	0	18572
365	2015	62	WSH	VAN	0	-1	-7	5	5	1	6	13	-3	18506
366	2015	62	CAR	NSH	1	1	-8	-10	4	4	-2	-9	0	9161
367	2015	62	TOR	DAL	1	2	2	-7	11	3	-4	7	1	19021
368	2015	62	DET	FLA	0	-1	10	13	0	8	-6	-8	1	20027
369	2015	62	CGY	ARI	1	3	-5	-4	8	18	-4	-1	1	18837
370	2015	62	SJ	PHI	1	1	-2	1	8	-4	2	11	-1	17159
371	2015	62	LA	BOS	1	2	4	-2	4	5	-6	-8	0	18230
372	2015	63	MIN	MTL	1	1	16	-1	-5	6	-21	0	0	19034
373	2015	63	CHI	STL	1	3	-8	2	4	1	4	-6	0	21514
374	2015	63	WPG	EDM	1	1	2	-5	-3	4	2	11	0	15016
375	2015	63	ANA	PHI	1	1	-2	8	-2	-1	-6	3	0	15691
376	2015	64	PIT	VAN	0	-3	-9	-8	2	3	0	11	0	18463
377	2015	64	CAR	WSH	0	-1	2	3	-2	14	4	-2	0	10783
378	2015	64	TOR	NJ	0	-2	6	12	10	-5	2	-14	-1	18877
379	2015	64	OTT	NYI	0	-1	-4	3	9	1	0	7	0	20511
380	2015	64	DET	DAL	1	3	5	4	1	6	0	-8	0	20027
381	2015	64	TB	BUF	1	5	22	-4	2	3	-6	-4	1	17767
382	2015	64	FLA	CBJ	0	-1	35	19	1	3	-8	-11	1	7788
383	2015	64	NSH	STL	1	1	-8	-12	-2	6	0	1	0	16409
384	2015	64	CGY	COL	1	1	-4	2	-6	6	-4	0	1	18651
385	2015	64	ARI	LA	0	-4	-17	13	-3	6	2	-10	-2	12254
386	2015	64	SJ	BOS	1	3	20	-5	1	-2	-4	3	2	17404
387	2015	65	MIN	ANA	0	-1	4	10	3	-1	-2	-10	2	19044
388	2015	65	WPG	COL	1	4	15	4	0	0	2	7	-1	15016
389	2015	65	CHI	MTL	1	1	-5	7	0	-1	-2	-4	0	22087
390	2015	66	PIT	OTT	1	1	4	-12	0	5	1	-6	0	18492
391	2015	66	LA	PHI	0	-1	22	6	1	3	0	19	-1	18230
392	2015	66	TOR	VAN	1	3	-18	-4	2	10	4	12	0	19346
393	2015	66	DET	NYR	1	1	5	6	0	-1	6	0	0	20027
394	2015	66	TB	CBJ	0	-2	14	6	-3	6	2	-12	-1	17467
395	2015	66	FLA	BUF	1	1	9	-5	-3	-3	2	4	0	8597
396	2015	66	NJ	WSH	0	-3	5	0	-7	9	0	10	-1	15230
397	2015	66	NYI	STL	0	-2	-13	-1	-3	7	0	2	-1	16170
398	2015	66	NSH	CHI	0	-2	2	-6	-2	3	4	16	0	17212
399	2015	66	DAL	MTL	1	3	12	0	2	3	-8	6	2	16098
400	2015	66	ARI	BOS	0	-3	-7	1	0	4	-4	3	0	13114
401	2015	66	CGY	SJ	0	-1	5	-7	5	1	0	-5	0	18818
402	2015	67	WPG	ANA	0	-1	5	-1	6	-7	13	14	0	15016
403	2015	67	CAR	DET	0	-2	13	2	-3	5	-2	-9	0	13489
404	2015	67	OTT	VAN	1	1	12	-9	3	5	-8	1	1	16870
405	2015	67	EDM	SJ	1	1	3	-8	3	8	0	13	1	16839
406	2015	68	NYR	PIT	1	1	-6	2	8	12	-6	-3	0	18006
407	2015	68	CAR	NJ	0	-1	24	0	7	3	-6	-7	-1	9815
408	2015	68	STL	FLA	1	2	-6	2	2	5	-2	-19	0	17330
409	2015	69	BUF	LA	1	1	-18	2	1	2	-4	9	1	18438
410	2015	69	NJ	CHI	0	-1	-15	-4	-1	0	4	1	0	16210
411	2015	69	CBJ	PHI	1	1	3	0	-3	5	0	14	1	14196
412	2015	69	TOR	CGY	1	3	-4	-3	13	7	0	-9	0	19122
413	2015	69	MTL	VAN	1	2	9	3	4	-6	-6	-4	0	21286
414	2015	69	TB	WSH	0	-2	1	-7	0	6	-2	2	-1	17109
415	2015	69	MIN	NYI	1	1	11	16	6	2	0	3	0	18904
416	2015	69	DAL	WPG	0	-3	-4	0	7	8	-2	1	0	15987
417	2015	69	COL	NSH	0	-3	-10	11	1	1	6	3	0	12689
418	2015	69	SJ	EDM	1	3	-3	7	-1	8	2	17	1	17007
419	2015	70	DET	TOR	0	-1	23	9	1	8	0	-17	0	20027
420	2015	70	ANA	EDM	1	1	12	13	1	7	-4	-1	1	16371
421	2015	71	BOS	CHI	0	-1	13	7	-4	-7	2	11	0	17565
422	2015	71	BUF	CGY	1	1	-26	8	1	4	4	5	-1	18208
423	2015	71	PHI	NJ	1	3	18	13	-1	2	-4	9	0	19572
424	2015	71	WSH	CBJ	0	-1	18	8	0	3	-4	-14	0	18506
425	2015	71	OTT	LA	0	-2	-1	-1	6	-2	4	6	-1	17284
426	2015	71	TB	CAR	1	1	-3	8	3	1	4	6	1	18104
427	2015	71	STL	NYI	1	3	5	12	6	1	2	-12	2	18028
428	2015	71	COL	WPG	1	1	-7	7	4	4	0	3	-2	14300
429	2015	71	ARI	NSH	0	-4	-6	8	0	1	4	17	0	10194
430	2015	71	SJ	MIN	1	1	11	3	3	4	-2	11	1	17097
431	2015	72	PIT	CGY	1	2	-5	5	-1	3	0	12	0	18471
432	2015	72	MTL	LA	1	4	-26	15	0	7	4	-13	2	21287
433	2015	72	DET	FLA	0	-1	5	15	3	5	2	9	2	20027
434	2015	72	EDM	ANA	0	-2	3	4	-3	12	-4	5	0	16839
435	2015	73	BOS	OTT	0	-1	0	25	-6	-2	4	-7	-1	17565
436	2015	73	PHI	CAR	1	4	-3	3	2	-1	4	7	0	19609
437	2015	73	BUF	FLA	1	1	4	4	-5	6	-2	-2	0	18450
438	2015	73	TOR	DET	1	3	13	-20	8	-6	-6	11	0	19063
439	2015	73	NYI	CHI	1	1	16	-8	5	7	-4	13	1	16170
440	2015	73	WSH	TB	1	2	0	5	5	8	0	7	0	18506
441	2015	73	CBJ	PIT	1	1	-9	0	1	0	-12	11	1	18663
442	2015	73	WPG	ANA	0	-3	-3	-6	3	1	2	6	0	15016
443	2015	73	DAL	NJ	1	1	5	9	8	-7	0	12	-1	16110
444	2015	73	ARI	MIN	0	-1	-5	10	0	0	0	12	-1	13975
445	2015	73	COL	STL	0	-1	-17	-1	6	4	-2	-1	0	17806
446	2015	73	VAN	NYR	0	-4	7	4	-1	3	-2	0	0	18870
447	2015	73	SJ	NSH	1	2	5	20	4	7	2	-6	0	17059
448	2015	74	TOR	LA	1	1	-5	1	5	-3	-2	8	1	19219
449	2015	74	CHI	CGY	1	1	4	11	0	4	2	-14	1	21572
450	2015	74	EDM	NYR	0	-2	-6	0	2	1	-2	6	0	16839
451	2015	75	NYI	NJ	1	1	5	6	0	2	-2	13	-1	13408
452	2015	75	PIT	TB	1	2	-4	-11	2	3	-2	8	0	18487
453	2015	76	PHI	TB	0	-2	1	-3	-3	-6	2	8	1	19576
454	2015	76	TOR	ANA	1	4	-15	6	4	4	-12	4	1	18953
455	2015	76	MTL	CAR	1	3	3	3	2	6	-2	-17	0	21286
456	2015	76	DET	CBJ	0	-1	1	-3	2	1	4	-22	0	20027
457	2015	76	FLA	WSH	1	1	5	5	2	3	0	2	-1	10012
458	2015	76	STL	LA	1	3	0	8	1	0	6	12	1	17212
459	2015	76	NSH	BOS	1	1	5	4	0	8	-2	-6	1	17113
460	2015	76	WPG	BUF	1	4	8	0	3	-5	0	8	0	15016
461	2015	76	CHI	MIN	1	2	10	6	2	1	0	-6	1	21472
462	2015	76	CGY	NYR	0	-3	8	6	3	7	0	6	0	18352
463	2015	76	ARI	EDM	1	1	12	9	-3	-4	-4	-3	0	12085
464	2015	77	NJ	OTT	0	-2	18	0	3	4	-6	-1	-1	15379
465	2015	77	MIN	BOS	0	-1	12	6	3	3	0	3	0	18841
466	2015	77	VAN	DAL	0	-2	-2	-15	-5	-5	-4	-1	0	18755
467	2015	78	PHI	FLA	0	-1	-6	0	3	1	2	0	0	19582
468	2015	78	PIT	COL	1	1	19	0	4	1	0	2	0	18603
469	2015	78	CAR	TOR	1	3	11	19	7	11	0	5	1	12332
470	2015	78	CBJ	WSH	0	-1	-10	6	5	7	-2	0	2	13722
471	2015	78	MTL	ANA	0	-1	1	-2	0	2	0	7	1	21286
472	2015	78	LA	STL	1	2	9	-8	6	3	-6	15	1	18230
473	2015	78	SJ	EDM	1	1	2	-2	1	10	-4	2	1	17399
474	2015	79	NJ	TB	1	1	-10	7	0	-3	4	-4	1	14916
475	2015	79	OTT	ANA	1	4	-3	-1	2	4	2	5	1	19443
476	2015	79	DET	NYI	0	-1	-14	-3	-2	1	2	4	0	20027
477	2015	79	WPG	BOS	1	1	-4	-4	4	11	-2	-2	0	15016
478	2015	79	CGY	DAL	0	-1	1	-4	-3	18	-6	4	0	19289
479	2015	80	LA	ARI	1	2	18	0	0	-4	-4	14	2	18230
480	2015	80	BUF	COL	0	-4	6	2	-3	-5	-2	8	-1	18831
481	2015	80	TOR	PHI	0	-3	-17	2	-1	-2	-2	8	1	19343
482	2015	80	MTL	OTT	1	3	4	3	-3	4	0	-28	1	21287
483	2015	80	NJ	WSH	0	-4	0	1	-3	11	-2	-1	0	14776
484	2015	80	NYI	TB	1	2	27	5	1	3	-2	21	0	16170
485	2015	80	PIT	FLA	1	2	-12	0	2	4	12	7	-1	18668
486	2015	80	CAR	NYR	0	-1	-14	10	-7	1	-4	-8	-1	13329
487	2015	80	CBJ	CHI	1	1	-22	-8	-3	5	4	29	0	18164
488	2015	80	MIN	NSH	0	-1	-17	8	2	2	0	2	1	19017
489	2015	80	VAN	CGY	1	1	4	3	5	-4	2	-14	1	18747
490	2015	80	SJ	STL	1	1	10	-2	-2	6	-4	10	1	17562
491	2015	81	DET	COL	0	-1	12	5	3	6	-4	-13	0	20027
492	2015	81	EDM	DAL	0	-1	-16	10	-3	7	4	13	0	16839
493	2015	81	BOS	BUF	1	1	9	11	3	-2	3	-4	0	17565
494	2015	81	NYR	CAR	1	1	13	1	3	0	-4	0	0	18006
495	2015	81	CHI	TOR	1	4	3	0	1	3	0	-12	1	22131
496	2015	81	WPG	PHI	0	-1	5	9	6	5	6	14	0	15016
497	2015	82	WSH	OTT	1	1	-16	7	1	8	-2	8	1	18506
498	2015	82	CBJ	NSH	0	-4	-4	-14	1	0	4	20	1	14573
499	2015	82	FLA	PIT	1	1	10	-11	3	0	2	4	-1	15947
500	2015	82	VAN	ARI	1	6	1	-9	0	0	-14	-11	2	18794
501	2015	82	ANA	SJ	1	1	0	1	0	1	-2	2	-1	17405
502	2015	82	LA	CGY	0	-1	6	10	-1	4	0	-4	1	18230
503	2015	83	BOS	NSH	1	2	0	13	5	5	-14	-3	1	17565
504	2015	83	NJ	CAR	0	-1	-14	3	-3	2	-2	8	0	16101
505	2015	83	NYI	MTL	0	-2	17	4	1	6	2	17	0	16170
506	2015	83	NYR	WSH	1	2	-5	4	10	1	-4	-5	1	18006
507	2015	83	MIN	PHI	0	-3	-6	-2	3	7	-8	-4	1	19020
508	2015	83	DET	BUF	1	3	23	12	3	1	-10	-7	4	20027
509	2015	83	TB	PIT	1	1	-2	6	6	-4	-4	3	0	19204
510	2015	83	EDM	ARI	0	-4	5	-4	3	4	-8	0	0	16839
511	2015	83	CHI	WPG	0	-4	13	14	3	3	0	-22	-1	22095
512	2015	83	DAL	TOR	0	-4	17	8	6	5	2	-1	-1	18532
513	2015	83	COL	STL	1	5	15	-2	8	-1	-6	2	2	17634
514	2015	87	BUF	NYI	1	1	-10	18	2	0	-2	10	0	19070
515	2015	87	OTT	DET	0	-1	6	-11	5	-5	-4	-1	-1	17194
516	2015	87	TB	CAR	1	1	12	-5	-5	5	-6	1	0	19204
517	2015	87	NYR	NJ	1	2	8	3	8	-1	2	-2	1	18006
518	2015	87	PIT	WSH	0	-3	-3	-9	-2	7	2	17	0	18663
519	2015	87	CBJ	BOS	1	4	2	2	0	-1	2	7	1	16795
520	2015	87	MIN	WPG	0	-1	2	-2	3	2	-4	-6	1	19177
521	2015	87	STL	DAL	0	-1	9	12	-2	1	0	8	-1	19683
522	2015	87	NSH	PHI	1	3	11	1	-1	1	-2	-2	3	17315
523	2015	87	ARI	ANA	1	1	-7	13	1	-6	0	4	0	13656
524	2015	87	COL	CHI	0	-3	-8	7	-3	4	2	8	-2	18085
525	2015	87	CGY	EDM	1	3	0	9	3	1	2	22	0	19289
526	2015	87	LA	SJ	1	2	7	-8	2	11	-4	12	2	18451
527	2015	88	FLA	TOR	1	2	12	16	5	-3	2	-7	0	17877
528	2015	88	ANA	VAN	1	1	17	7	2	-4	-6	10	0	17374
529	2015	89	BOS	DET	1	3	15	-13	5	0	6	-5	0	17565
530	2015	89	NJ	PIT	1	2	-1	6	6	1	2	1	1	16592
531	2015	89	NYI	WSH	1	1	13	-3	6	6	-6	4	2	16170
532	2015	89	CAR	MTL	0	-2	10	3	3	5	-2	7	1	17123
533	2015	89	OTT	BUF	1	3	14	2	-1	4	2	-10	0	18284
534	2015	89	TB	TOR	1	1	18	0	5	-1	-4	-1	1	19204
535	2015	89	STL	COL	1	3	9	13	-2	4	0	-4	0	19749
536	2015	89	WPG	MIN	0	-1	-1	9	5	6	2	13	2	15016
537	2015	89	CHI	NSH	1	1	2	4	3	8	-2	-1	0	22208
538	2015	89	DAL	NYR	1	1	-3	3	-2	3	-4	6	0	18532
539	2015	89	CGY	LA	1	1	-12	-10	10	0	0	-17	0	19289
540	2015	89	ARI	PHI	1	2	-7	-2	4	3	0	2	1	16521
541	2015	90	FLA	MTL	0	-1	3	4	4	0	-2	11	0	19614
542	2015	90	NSH	STL	1	1	19	-4	0	1	2	-2	0	17401
543	2015	90	EDM	LA	1	1	-18	-13	-1	-4	0	-6	-1	16839
544	2015	90	SJ	VAN	0	-2	11	10	2	6	-6	13	0	17562
545	2015	91	WPG	NYI	0	-3	-10	-2	3	-1	6	9	-1	15016
546	2015	91	BUF	TB	0	-4	-14	14	0	0	2	12	0	19070
547	2015	91	BOS	TOR	0	-1	7	6	3	-4	0	-10	0	17565
548	2015	91	PIT	CAR	1	1	14	-7	-4	7	-2	-1	0	18639
549	2015	91	CBJ	MIN	1	2	-3	3	-4	2	4	13	0	18040
550	2015	91	DET	NJ	1	2	15	4	8	1	-2	3	0	20027
551	2015	91	FLA	NYR	0	-3	-14	4	4	5	-2	5	0	15090
552	2015	91	ANA	SJ	0	-3	1	13	2	1	10	1	-1	17174
553	2015	91	DAL	ARI	1	6	-1	14	-1	4	2	7	1	18532
554	2015	91	COL	PHI	1	1	4	1	0	3	2	14	-1	18007
555	2015	91	CGY	EDM	1	1	8	3	1	10	-12	17	0	19289
556	2015	92	WSH	CHI	1	1	0	-3	2	8	4	14	0	42832
557	2015	92	VAN	LA	0	-1	-24	4	7	9	6	-7	0	18870
558	2015	93	BUF	FLA	0	-2	-3	7	1	2	0	9	-1	19070
559	2015	93	NJ	MTL	0	-2	-2	0	-1	1	2	6	-1	16174
560	2015	93	PIT	TB	1	3	-6	0	1	-2	2	5	1	18655
561	2015	93	CAR	PHI	1	1	2	6	-1	0	2	-4	0	12682
562	2015	93	MIN	TOR	1	2	-6	4	5	3	2	-11	0	19168
563	2015	93	COL	EDM	1	1	0	-5	-5	4	2	8	-1	16050
564	2015	93	CGY	NYI	0	-1	-1	-5	6	12	-2	7	-1	19289
565	2015	93	ANA	STL	1	1	-9	-5	-1	6	2	1	0	17174
566	2015	94	BOS	OTT	0	-1	2	18	3	1	4	-14	1	17565
567	2015	94	LA	NSH	0	-1	5	3	-1	-2	-2	0	-1	18230
568	2015	94	NJ	PHI	1	3	-2	-4	4	-2	-2	-12	0	15066
569	2015	94	NYR	BUF	1	5	14	-15	6	3	0	-5	3	18006
570	2015	94	PIT	MTL	0	-3	-2	-3	-4	5	6	17	0	18630
571	2015	94	WPG	TOR	1	4	19	14	4	4	-2	-1	1	15016
572	2015	94	DAL	MIN	1	6	13	4	7	7	-22	-6	0	18532
573	2015	94	ARI	CBJ	1	3	8	7	1	2	-12	-21	2	13159
574	2015	94	VAN	DET	1	3	-6	3	-1	3	-2	6	2	18870
575	2015	94	SJ	STL	0	-5	-13	-8	-7	9	-6	1	-2	17562
576	2015	95	CAR	BOS	1	1	16	-5	2	-6	-2	-11	0	17212
577	2015	95	WSH	FLA	1	1	-6	13	0	0	6	6	1	18506
578	2015	95	OTT	TB	0	-2	-8	7	2	2	10	11	-1	16949
579	2015	95	CHI	DAL	1	1	4	-6	0	3	-4	-19	1	21884
580	2015	95	COL	CBJ	0	-1	2	8	9	3	-4	1	0	14780
581	2015	95	ANA	NSH	1	1	3	6	-1	9	2	6	-2	16402
582	2015	95	EDM	NYI	1	3	-10	-2	4	1	4	-12	-2	16839
583	2015	96	WPG	SJ	0	-1	-18	1	7	8	8	19	1	15016
584	2015	97	NJ	BUF	1	3	7	4	-1	2	0	-8	-1	15162
585	2015	97	PHI	OTT	1	1	-8	-2	0	2	-2	-5	1	19571
586	2015	97	MTL	TB	0	-2	-14	-3	2	-1	6	-8	-2	21286
587	2015	97	NSH	CAR	1	1	1	4	-1	2	0	2	-2	15706
588	2015	97	MIN	SJ	0	-1	5	-1	-1	-1	4	0	0	19043
589	2015	97	CHI	COL	0	-2	30	-16	1	-1	0	-20	0	21492
590	2015	97	DAL	CBJ	0	-2	6	3	2	3	0	-3	-1	17123
591	2015	97	ARI	STL	0	-6	-16	-3	0	3	8	18	-3	10876
592	2015	97	EDM	DET	0	-2	-18	1	-2	7	6	6	-2	16839
593	2015	97	VAN	NYI	1	1	-3	-12	5	-6	6	-25	0	18562
594	2015	98	TOR	WSH	0	-4	7	17	0	-3	0	7	0	19047
595	2015	98	PIT	BOS	0	-1	15	-1	-1	3	-4	-2	0	18650
596	2015	98	CGY	DET	0	-1	8	8	0	7	-4	2	-1	19154
597	2015	98	ANA	NYR	0	-3	-5	12	4	4	-4	6	1	17174
598	2015	99	BOS	NJ	1	3	29	11	2	2	-4	4	1	17565
599	2015	99	PHI	WSH	1	1	5	-4	-1	2	-2	12	0	19703
600	2015	99	CAR	BUF	1	3	11	4	6	1	2	-26	1	9781
601	2015	99	STL	SJ	1	5	2	-2	-3	1	-4	-14	2	19220
602	2015	99	NSH	DAL	1	1	4	2	5	0	2	2	0	17113
603	2015	99	MIN	CHI	0	-2	24	4	4	0	-3	10	0	19060
604	2015	99	COL	OTT	1	3	-17	-3	-3	4	4	5	1	14697
605	2015	99	ARI	WPG	1	3	-5	0	4	-7	4	-8	3	11390
606	2015	99	VAN	FLA	0	-2	3	1	-4	-3	-8	-4	0	18799
607	2015	99	LA	NYR	0	-1	5	2	3	1	0	-9	-2	18230
608	2015	100	NJ	NYI	0	-1	-8	-7	1	4	4	-8	0	16592
609	2015	100	TOR	CBJ	1	3	12	5	-5	1	-2	-10	1	18965
610	2015	100	TB	BUF	1	1	26	14	4	4	-2	2	0	19204
611	2015	100	CGY	FLA	0	-1	-5	4	-1	14	-8	10	1	19289
612	2015	100	EDM	CHI	1	3	1	-8	8	-5	0	12	1	16839
613	2015	101	PHI	BOS	0	-2	7	5	1	1	-12	-4	0	19907
614	2015	101	MIN	NSH	0	-2	10	2	3	7	-6	3	0	19052
615	2015	101	COL	DAL	1	1	-10	1	5	8	6	16	0	18007
616	2015	101	MTL	PIT	0	-1	-9	-8	5	1	0	-21	-1	21287
617	2015	101	WSH	DET	1	2	-10	-9	6	13	0	-2	1	18506
618	2015	101	CBJ	NYI	0	-3	-22	4	1	2	6	14	1	16589
619	2015	101	ARI	OTT	0	-4	-1	0	0	5	2	19	-2	14933
620	2015	101	STL	CAR	1	1	5	17	4	5	2	8	0	19411
621	2015	101	VAN	CGY	0	-1	13	9	4	8	4	-20	0	18870
622	2015	101	LA	WPG	0	-1	4	17	-4	3	-6	0	1	18230
623	2015	101	SJ	NYR	0	-2	-1	15	5	6	0	-8	1	17562
624	2015	102	EDM	FLA	0	-2	6	9	8	3	0	7	0	16839
625	2015	102	CHI	MIN	1	3	-2	11	1	6	0	-9	0	21809
626	2015	102	ANA	WPG	1	1	11	7	0	6	2	8	2	17356
627	2015	103	PHI	TB	1	4	1	-4	0	-1	-2	12	1	19598
628	2015	103	WSH	COL	1	1	6	9	5	2	-2	-3	0	18506
629	2015	103	LA	TOR	1	2	1	-6	5	6	2	11	0	18230
630	2015	104	BOS	TB	1	1	15	3	5	1	14	-6	0	17565
631	2015	104	BUF	DET	0	-2	-4	-8	4	1	4	8	-1	19070
632	2015	104	NYR	NYI	0	-3	-17	-9	7	2	2	-3	0	18006
633	2015	104	PIT	MIN	1	5	5	2	-2	3	-2	0	1	18642
634	2015	104	CAR	COL	1	1	16	3	10	1	0	-8	0	12965
635	2015	104	STL	EDM	1	2	14	15	-1	-2	-2	0	-1	18279
636	2015	104	NSH	VAN	1	4	-1	10	-7	1	-6	5	2	15726
637	2015	104	WPG	FLA	1	6	8	10	5	1	0	9	2	15016
638	2015	104	DAL	OTT	1	1	-12	19	3	6	-2	5	-1	16213
639	2015	104	ARI	SJ	0	-1	4	3	3	3	0	2	-1	10631
640	2015	105	CBJ	MTL	0	-1	-15	-10	0	10	10	15	-2	14964
641	2015	105	WSH	PHI	1	1	5	7	7	1	2	-1	0	18506
642	2015	105	ANA	TOR	1	4	-3	-5	-2	1	2	12	1	16741
643	2015	105	LA	NJ	0	-2	6	-1	0	1	0	11	-2	18230
644	2015	106	BOS	NYR	1	3	2	3	-1	0	10	-8	0	17565
645	2015	106	BUF	MIN	0	-7	-19	-5	1	3	6	18	-2	18963
646	2015	106	PHI	VAN	0	-4	8	-2	-2	-4	12	19	-2	19571
647	2015	106	OTT	MTL	1	3	9	13	-3	4	-10	5	0	19893
648	2015	106	TB	EDM	1	1	-13	5	1	2	6	-4	-1	18609
649	2015	106	FLA	COL	0	-2	3	-1	2	3	4	-11	0	9584
650	2015	106	STL	DET	0	-1	3	-3	-2	-3	2	2	1	18543
651	2015	106	DAL	WPG	0	-1	25	19	-1	5	-10	-11	0	16221
652	2015	106	ARI	CGY	0	-3	3	8	3	2	4	-10	0	12982
653	2015	106	SJ	TOR	1	2	17	15	4	7	0	0	0	17562
654	2015	107	NYI	PIT	1	3	11	-3	7	9	-2	-3	-1	16170
655	2015	107	CAR	VAN	0	-3	11	10	-2	2	0	-8	0	13093
656	2015	107	CBJ	NYR	0	-1	10	0	-1	-1	-4	6	0	16104
657	2015	107	NSH	WSH	1	1	-4	-13	6	10	-2	3	-1	17303
658	2015	107	CHI	WPG	0	-2	-2	7	1	3	-8	-15	-1	22051
659	2015	107	ANA	NJ	1	4	25	7	0	2	-12	-5	0	17174
660	2015	108	BOS	CBJ	0	-2	4	8	0	4	2	-9	-1	17565
661	2015	108	BUF	PHI	0	-1	-5	8	4	2	0	2	-1	19070
662	2015	108	MTL	NYI	1	2	4	2	4	-2	-2	-21	1	21287
663	2015	108	OTT	CAR	0	-1	4	7	1	6	0	6	0	17434
664	2015	108	DET	NSH	1	3	-12	4	0	-3	2	-7	1	20027
665	2015	108	TB	COL	1	1	-11	-10	5	1	4	-5	1	19204
666	2015	108	FLA	EDM	0	-1	3	1	7	-2	2	3	0	10529
667	2015	108	STL	TOR	1	3	6	15	1	8	-2	-2	0	19626
668	2015	108	DAL	WSH	1	1	-6	-19	2	0	-2	-3	1	18532
669	2015	108	MIN	ARI	1	2	7	-6	3	-1	-2	-12	-1	19111
670	2015	108	LA	ANA	0	-1	-3	-7	-2	10	-2	13	0	18422
671	2015	108	SJ	CGY	0	-1	-1	1	8	6	2	-12	1	17562
672	2015	109	PIT	NYR	0	-3	3	1	4	4	6	11	0	18668
673	2015	109	CHI	DAL	0	-3	7	-6	5	2	-2	-2	0	22135
674	2015	109	WPG	ARI	1	1	-1	-7	3	-3	2	9	-1	15016
675	2015	109	DET	BUF	1	2	11	1	0	5	0	-7	1	20027
676	2015	110	NYI	PHI	1	3	12	-6	-2	6	-2	20	0	16170
677	2015	110	TOR	CAR	0	-3	3	-18	6	-4	8	-1	1	18979
678	2015	110	FLA	VAN	0	-1	1	9	2	1	-2	12	0	9373
679	2015	110	STL	COL	1	2	12	-5	0	-1	2	-16	1	19187
680	2015	110	MIN	CBJ	0	-2	3	3	2	11	-4	-2	0	19064
681	2015	110	LA	CGY	0	-1	11	10	-1	9	4	12	0	18230
682	2015	110	SJ	NJ	0	-3	2	-6	-1	0	-2	-4	-1	17562
683	2015	111	NYR	OTT	1	1	0	13	3	12	-2	-8	-1	18006
684	2015	111	PHI	PIT	1	1	5	5	-1	-5	27	9	1	19982
685	2015	111	WSH	EDM	0	-1	-7	3	4	-1	8	1	0	18506
686	2015	111	MTL	NSH	1	1	-10	2	-3	6	-4	-19	2	21287
687	2015	111	DET	MIN	1	1	-14	-5	-2	3	6	-6	-1	20027
688	2015	111	TB	VAN	1	3	-2	-8	-1	-4	6	1	0	18517
689	2015	111	CHI	ARI	1	5	15	1	0	4	-6	-9	1	21427
690	2015	111	DAL	BOS	0	-2	10	2	-2	9	-6	5	-1	17432
691	2015	112	OTT	TOR	1	1	-14	3	8	0	2	11	-1	18894
692	2015	112	PIT	CHI	0	-1	9	-7	3	-1	-2	23	-1	18655
693	2015	112	WPG	CBJ	1	4	0	9	7	3	0	-5	0	15016
694	2015	112	COL	BOS	1	1	12	2	7	7	-6	-1	0	16832
695	2015	112	ANA	CGY	1	3	-6	-4	5	-6	2	4	0	16828
696	2015	112	SJ	LA	1	2	-4	-11	1	2	4	-3	1	17562
697	2015	118	NYI	NYR	1	3	-3	4	-2	10	-2	11	0	16170
698	2015	118	PHI	ARI	1	1	15	0	0	-2	-2	1	1	19581
699	2015	118	PIT	WPG	1	2	8	-1	4	2	-6	-4	2	18627
700	2015	118	CAR	TB	1	2	-8	-6	0	-3	0	-9	1	12508
701	2015	118	CBJ	WSH	1	1	2	2	1	-2	-4	10	0	16514
702	2015	118	MTL	DAL	1	1	-16	3	-4	6	13	-2	0	21286
703	2015	118	FLA	DET	0	-1	14	-7	3	-3	-6	12	3	12190
704	2015	118	NSH	COL	1	1	15	-7	2	2	0	-7	1	15566
705	2015	118	CGY	BUF	1	3	13	4	8	-2	-4	9	0	18563
706	2015	118	EDM	MIN	0	-1	-5	9	1	10	-2	4	0	16839
707	2015	118	VAN	ANA	0	-4	-7	-1	-1	2	0	-6	-1	18813
708	2015	119	NJ	TOR	1	1	-7	-5	5	-6	4	-7	0	15882
709	2015	119	WSH	PIT	1	4	9	16	1	2	-10	-5	1	18506
710	2015	119	LA	CHI	1	1	-2	-4	3	5	4	22	0	18525
711	2015	120	NYI	BOS	0	-3	12	-6	-3	-1	-2	13	-1	16170
712	2015	120	NYR	MTL	0	-1	-2	-5	-1	10	2	15	0	18006
713	2015	120	PHI	WPG	1	3	-6	18	0	2	6	-12	0	19673
714	2015	120	TOR	ARI	0	-2	-20	-9	-2	-6	2	1	-1	18837
715	2015	120	OTT	DAL	0	-3	-13	-3	0	2	-4	1	-1	18752
716	2015	120	TB	DET	1	4	4	2	8	1	0	-4	1	19204
717	2015	120	FLA	CBJ	1	1	-2	1	-1	-2	8	-2	0	7917
718	2015	120	STL	NSH	1	1	-2	-6	1	3	-2	-2	-1	19477
719	2015	120	CGY	MIN	0	-1	-2	0	4	0	-2	4	0	19289
720	2015	120	EDM	BUF	1	1	14	5	0	-2	-2	0	0	16839
721	2015	120	SJ	ANA	1	3	5	4	2	4	-6	-20	1	17562
722	2015	121	NJ	PIT	0	-1	-29	-5	-1	3	2	-16	-1	16592
723	2015	121	CAR	STL	0	-1	-4	2	2	4	0	-2	1	13287
724	2015	121	COL	NSH	1	3	5	14	2	6	-24	2	0	18064
725	2015	121	VAN	BUF	1	3	16	8	3	2	2	-7	0	18570
726	2015	121	ANA	CHI	0	-3	-11	4	-6	0	0	5	1	17497
727	2015	122	MTL	WSH	1	1	-6	-1	3	2	4	-8	0	21286
728	2015	122	DET	NYI	1	3	-4	-7	5	3	-2	-16	1	20027
729	2015	122	OTT	ARI	1	5	-6	11	3	2	-2	7	0	18489
730	2015	122	BOS	LA	1	2	2	11	3	0	0	-3	0	17565
731	2015	122	NJ	FLA	1	2	-13	5	-2	1	-2	-3	1	16278
732	2015	122	NYR	CAR	1	3	5	0	13	5	2	-1	0	18006
733	2015	122	PHI	TOR	1	1	-12	-6	5	3	-2	6	0	19872
734	2015	122	WPG	DAL	0	-3	8	6	4	-1	22	18	-4	15016
735	2015	122	TB	CBJ	1	2	-1	2	-5	6	-2	0	0	18477
736	2015	122	CGY	EDM	1	2	14	20	2	-7	-6	7	1	19289
737	2015	122	SJ	CHI	1	2	-11	8	0	1	-2	14	0	17562
738	2015	123	MTL	ARI	0	-1	-12	3	-4	2	0	-5	-2	21286
739	2015	123	WSH	STL	0	-1	-4	6	0	2	-13	1	0	18506
740	2015	123	PIT	NSH	0	-4	-3	2	0	3	0	-13	-1	18535
741	2015	123	VAN	MIN	0	-2	17	0	0	4	-4	-2	-1	18438
742	2015	124	NYR	FLA	1	3	2	-7	3	4	-2	-5	0	18006
743	2015	124	CGY	WPG	1	3	9	-5	5	3	0	3	1	18824
744	2015	124	SJ	EDM	0	-1	-3	1	1	3	-2	8	1	17376
745	2015	125	NJ	OTT	1	1	-1	4	-3	1	-4	-5	0	11461
746	2015	125	NYI	FLA	0	-2	4	6	4	5	2	12	0	14704
747	2015	125	WSH	LA	1	4	0	0	11	3	-4	-12	1	18506
748	2015	125	CBJ	ARI	0	-3	2	3	6	5	0	20	-1	14108
749	2015	125	MTL	BUF	0	-1	16	8	4	-3	-2	13	0	21286
750	2015	125	STL	TB	1	1	-13	0	2	2	2	8	0	17223
751	2015	125	NSH	TOR	1	1	4	10	-3	3	2	-3	1	15667
752	2015	125	MIN	CHI	1	3	19	9	5	5	-2	6	0	19104
753	2015	125	DAL	COL	0	-1	8	7	9	0	-2	-8	1	16521
754	2015	125	VAN	WPG	1	1	5	-1	-1	4	4	-19	-1	18509
755	2015	125	ANA	CAR	1	1	-1	2	-1	-3	0	9	1	16274
756	2015	126	NYR	BOS	1	1	5	-12	2	9	0	8	0	18006
757	2015	126	EDM	PIT	0	-2	-4	5	10	10	-2	19	0	16839
758	2015	126	CGY	SJ	1	2	-6	-5	7	-1	0	13	1	18781
759	2015	127	BUF	STL	0	-3	-7	-18	-1	-3	-2	9	0	18912
760	2015	127	PHI	NYI	0	-1	-12	1	-1	-4	0	-1	0	19042
761	2015	127	OTT	WSH	0	-1	-3	-5	-5	8	-6	3	0	16543
762	2015	127	FLA	LA	1	1	-11	-22	5	3	2	-12	-1	9624
763	2015	127	NSH	ANA	0	-3	20	7	3	9	0	9	1	17113
764	2015	127	DAL	TB	0	-2	7	2	1	11	-2	5	-1	16010
765	2015	127	COL	DET	0	-3	-1	5	-3	7	-2	13	-1	18087
766	2015	127	ARI	CAR	0	-1	-12	13	-4	5	8	11	0	12649
767	2015	127	VAN	SJ	0	-4	-4	-4	0	6	2	5	-1	18508
768	2015	128	NJ	TOR	1	3	-17	2	2	0	2	-11	-1	15594
769	2015	128	WSH	ANA	1	1	9	5	2	2	2	5	-1	18506
770	2015	128	CBJ	STL	1	6	0	-5	7	-4	8	3	-1	16321
771	2015	128	WPG	CHI	0	-1	-1	1	3	4	0	25	0	15016
772	2015	128	CGY	PIT	0	-4	-9	3	9	-3	-2	0	0	19289
773	2015	129	NSH	NYR	1	1	-9	-20	1	0	2	4	-1	17329
774	2015	129	TB	LA	0	-2	-1	11	-2	3	2	-5	0	19204
775	2015	129	BOS	NYI	1	1	-4	13	-2	-11	2	1	0	17565
776	2015	129	BUF	DAL	1	1	-16	2	2	-1	0	10	0	18426
777	2015	129	TOR	EDM	1	4	-4	-8	5	4	-2	-23	1	19248
778	2015	129	MTL	NJ	1	4	21	20	0	2	-4	7	3	21287
779	2015	129	OTT	CBJ	0	-3	2	1	4	4	-4	8	0	16891
780	2015	129	MIN	COL	1	1	11	12	7	-1	-2	-4	0	19244
781	2015	129	ARI	DET	0	-2	-3	2	8	2	4	12	-1	17125
782	2015	129	VAN	PIT	1	5	-4	3	1	-2	-2	-16	2	18870
783	2015	129	SJ	CAR	0	-1	-3	-8	1	4	4	-14	-1	17139
784	2015	130	STL	CHI	0	-2	-1	-6	5	0	2	19	-1	19657
785	2015	130	FLA	NSH	0	-1	11	4	1	3	2	-6	-2	10844
786	2015	130	WSH	PHI	0	-2	-11	-9	-1	9	-8	-5	0	18506
787	2015	130	BUF	NYI	0	-1	-21	-3	1	4	-2	3	-1	18900
788	2015	130	TB	ANA	1	2	-5	5	-3	-2	0	11	-1	19204
789	2015	130	NYR	DAL	0	-1	11	-13	4	-1	0	8	0	18006
790	2015	130	WPG	COL	1	2	1	2	5	-5	-4	0	2	15016
791	2015	130	BOS	MTL	0	-2	1	0	-3	-2	6	4	0	17565
792	2015	131	NJ	EDM	0	-1	-10	-11	-2	4	4	-14	-1	11519
793	2015	131	CBJ	LA	0	-1	-18	11	-1	3	0	-5	0	14703
794	2015	131	MIN	VAN	1	2	7	11	7	2	-10	3	2	18804
795	2015	131	CHI	ARI	0	-1	9	15	10	4	-4	-9	-1	21337
796	2015	131	SJ	CGY	0	-3	7	-2	-4	6	0	2	-1	17010
797	2015	132	BOS	DAL	0	-2	12	0	-1	1	-17	-11	0	17565
798	2015	132	BUF	OTT	0	-1	10	-5	5	0	-4	13	0	19070
799	2015	132	NYI	EDM	1	1	-8	11	5	-2	2	11	-2	15608
800	2015	132	TOR	NYR	0	-1	-5	10	0	4	0	7	1	18946
801	2015	132	MTL	PHI	1	1	17	5	4	3	-2	-15	0	21287
802	2015	132	FLA	ANA	1	4	-7	-17	3	1	-18	-17	2	8576
803	2015	132	STL	ARI	1	1	10	1	4	2	0	4	0	17312
804	2015	132	NSH	TB	1	1	-3	11	-2	8	0	-6	0	16362
805	2015	132	WPG	MIN	1	1	4	-1	2	2	-2	21	0	15016
806	2015	133	PIT	DET	1	3	-3	-2	2	-3	-2	2	-1	18580
807	2015	133	CHI	VAN	0	-1	5	1	8	3	-4	-7	2	21346
808	2015	133	SJ	WSH	0	-1	-3	5	3	8	2	13	0	16956
809	2015	134	NYI	TOR	1	1	7	0	7	3	0	8	0	15388
810	2015	134	CAR	ANA	0	-1	19	8	4	6	-4	-11	1	11991
811	2015	134	MTL	EDM	0	-1	-12	5	-1	2	0	-17	0	21286
812	2015	134	OTT	PIT	0	-1	4	16	7	1	-4	3	1	18826
813	2015	134	TB	STL	0	-3	-15	3	-6	9	0	8	0	18926
814	2015	134	NSH	WPG	1	2	-7	2	0	-2	-2	1	1	16135
815	2015	134	MIN	FLA	1	1	-4	1	6	7	4	-4	1	19055
816	2015	134	COL	NYR	0	-3	-2	8	4	6	-6	-10	-1	17378
817	2015	134	LA	CGY	1	2	27	5	3	9	2	2	-1	18230
818	2015	135	CBJ	PHI	1	1	8	-9	1	-3	4	9	-1	16403
819	2015	135	CHI	NJ	1	2	9	0	-1	-2	-4	-10	1	22186
820	2015	135	DAL	FLA	1	2	-9	3	4	0	-15	-7	0	18211
821	2015	135	ARI	SJ	0	-2	10	5	0	-1	2	8	0	16713
822	2015	135	VAN	BOS	1	3	2	-3	4	1	0	-4	0	18870
823	2015	136	OTT	EDM	1	5	15	1	6	2	-10	23	2	17160
824	2015	136	MTL	TOR	1	1	3	-3	-3	11	-3	-10	1	21287
825	2015	136	DET	WPG	0	-1	-9	0	0	6	-2	-8	0	20027
826	2015	136	NYI	CBJ	1	3	9	1	4	12	0	7	0	15678
827	2015	136	NSH	NJ	1	2	16	9	5	-4	0	0	-1	17333
828	2015	136	MIN	CAR	1	3	-3	-2	7	0	2	6	0	19220
829	2015	136	ARI	NYR	0	-4	3	1	3	6	-4	4	0	14719
830	2015	136	COL	DAL	1	3	5	13	6	1	13	19	0	18087
831	2015	136	CGY	VAN	1	1	4	3	-1	7	-2	10	0	19289
832	2015	136	LA	WSH	1	2	2	6	4	5	-2	-1	0	18230
833	2015	137	CHI	PIT	1	1	-5	2	-2	0	0	-15	0	22169
834	2015	137	FLA	STL	0	-1	8	-3	-2	7	-4	8	0	11859
835	2015	137	BUF	PHI	0	-1	-8	-1	2	4	-2	23	1	18759
836	2015	137	ANA	WSH	0	-2	5	0	-6	-1	2	-15	-1	17252
837	2015	137	SJ	TB	0	-3	2	8	0	6	-4	5	1	17562
838	2015	138	NYI	NYR	0	-1	1	10	5	3	0	14	0	16170
839	2015	138	OTT	CAR	0	-3	-4	-4	5	0	4	3	-3	16562
840	2015	138	DET	MTL	0	-2	-4	18	0	2	-2	3	0	20027
841	2015	138	WPG	EDM	1	1	24	8	2	-9	2	3	-1	15016
842	2015	138	COL	ARI	1	3	17	-1	4	5	-4	0	1	14132
843	2015	138	CGY	BOS	1	1	0	7	5	11	0	4	1	19289
844	2015	138	VAN	MIN	1	1	7	-6	5	12	0	11	0	18465
845	2015	138	LA	TB	1	1	5	10	1	1	-4	13	0	18230
846	2015	139	NJ	BUF	1	1	10	-4	5	3	-2	-14	1	13517
847	2015	139	PHI	CBJ	0	-3	19	9	3	6	-2	10	-1	19082
848	2015	139	PIT	WSH	0	-2	0	-1	5	3	14	14	-2	18602
849	2015	139	CAR	NYI	0	-3	8	1	-10	2	0	-4	-1	12665
850	2015	139	TOR	FLA	0	-1	12	-2	-3	4	6	0	0	19098
851	2015	139	STL	DAL	0	-3	6	8	4	3	2	8	-1	18830
852	2015	139	NSH	SJ	1	4	-6	11	-4	2	2	0	1	16206
853	2015	140	OTT	MTL	1	2	-5	7	3	0	-2	12	1	18949
854	2015	140	CHI	DET	0	-1	6	7	0	6	-6	-4	0	22112
855	2015	140	CGY	MIN	0	-1	8	6	6	8	-4	10	0	19277
856	2015	140	COL	LA	0	-3	17	16	2	4	2	2	-1	15786
857	2015	140	EDM	BOS	1	1	-11	9	6	7	-6	3	1	16839
858	2015	140	ANA	TB	0	-3	-7	0	-4	-5	2	1	0	17284
859	2015	141	NYI	NSH	1	3	8	-2	16	-1	-14	5	1	16170
860	2015	141	NYR	VAN	0	-1	6	2	5	1	-4	6	-1	18006
861	2015	141	PHI	BUF	0	-1	6	-3	-2	2	-2	2	1	19472
862	2015	141	PIT	CBJ	0	-1	0	-2	0	6	4	7	0	18597
863	2015	141	WSH	WPG	1	4	13	0	-1	4	-4	-2	3	18506
864	2015	141	MTL	FLA	0	-1	18	10	0	1	0	-11	0	21286
865	2015	141	DAL	SJ	0	-3	11	6	1	8	-2	1	1	17568
866	2015	75	BUF	OTT	1	1	0	-7	1	-1	14	12	1	14578
867	2015	142	NJ	VAN	1	2	4	11	5	8	-2	-4	1	14822
868	2015	142	CAR	TOR	1	1	2	8	2	5	2	-9	1	12563
869	2015	142	STL	BOS	1	4	-12	1	-4	-1	4	-4	1	19172
870	2015	142	CHI	COL	0	-3	-2	-7	8	6	2	-10	-2	22103
871	2015	142	CGY	ANA	0	-3	-10	1	7	-4	-8	8	1	19289
872	2015	142	EDM	MIN	0	-4	-14	8	0	1	-2	7	0	16839
873	2015	143	WSH	NYI	1	1	-5	6	3	1	2	-12	0	18506
874	2015	143	PHI	NSH	1	1	11	11	4	3	10	3	0	19680
875	2015	143	TOR	WPG	1	1	-1	-5	11	7	2	2	-2	19359
876	2015	143	MTL	CBJ	1	2	-8	-2	1	7	2	-21	1	21286
877	2015	143	OTT	FLA	1	3	17	-7	7	0	-4	7	0	16938
878	2015	143	NJ	CAR	1	2	-13	-6	3	0	-2	-1	0	15610
879	2015	143	EDM	ANA	0	-1	6	4	1	6	-2	8	-1	16839
880	2015	143	STL	PIT	0	-2	-6	-2	5	1	4	-6	-1	19621
881	2015	143	DAL	DET	0	-1	-2	10	-1	8	2	14	0	18532
882	2015	143	ARI	TB	0	-2	-3	8	3	-8	10	-2	-2	12997
883	2015	143	SJ	LA	0	-1	3	0	8	11	-2	4	0	70205
884	2015	144	PHI	WSH	1	1	5	-1	-1	4	2	-5	2	19703
885	2015	144	CHI	BOS	0	-4	-2	-11	1	-1	0	-15	-1	22104
886	2015	144	BUF	NSH	0	-1	-21	4	-1	3	10	19	-1	19070
887	2015	144	NYI	VAN	0	-4	13	1	6	2	-4	-4	-2	16170
888	2015	144	PIT	FLA	1	4	-9	-1	3	5	0	3	1	18592
889	2015	144	COL	TB	1	1	-14	17	12	3	4	-1	0	17385
890	2015	144	NYR	CBJ	1	1	7	1	5	10	-2	8	0	18006
891	2015	144	MIN	DAL	1	4	15	-9	10	-5	2	2	0	18754
892	2015	145	NJ	ARI	1	3	-10	9	1	5	4	1	0	12159
893	2015	145	ANA	DET	1	1	-13	-2	-1	1	2	14	-1	17174
894	2015	146	BOS	VAN	0	-1	13	11	2	-1	-4	-3	0	17565
895	2015	146	NYI	ARI	1	4	11	4	8	7	4	21	0	15888
896	2015	146	NYR	CGY	1	1	8	2	4	5	-4	-1	0	18006
897	2015	146	CAR	PHI	1	3	11	3	1	6	-4	-13	2	11024
898	2015	146	CBJ	BUF	0	-2	16	10	-5	0	-2	6	-1	13671
899	2015	146	STL	MTL	0	-3	6	-15	-5	-1	0	10	-1	19383
900	2015	146	NSH	COL	1	3	21	11	9	5	14	4	-1	17113
901	2015	146	MIN	EDM	0	-1	15	12	6	0	-2	6	0	19044
902	2015	146	WPG	DAL	1	2	-3	2	7	3	0	8	1	15016
903	2015	146	CHI	FLA	1	1	2	-5	4	3	-2	-16	1	21526
904	2015	146	LA	DET	1	1	7	8	-3	8	2	10	1	18203
905	2015	147	NJ	CGY	0	-2	1	-2	3	4	-2	-3	-1	13662
906	2015	147	WSH	PIT	0	-1	-2	6	3	-3	0	12	0	18506
907	2015	147	ANA	OTT	0	-3	-9	13	0	3	4	20	0	16673
908	2015	148	BUF	VAN	1	3	-7	-9	-1	0	-2	11	0	19070
909	2015	148	NYR	ARI	1	1	-2	-17	3	3	4	-8	0	18006
910	2015	148	CBJ	MTL	0	-3	0	-1	7	-4	0	13	0	12357
911	2015	148	TOR	PHI	1	1	-32	-4	-5	4	4	10	-1	18892
912	2015	148	FLA	CHI	0	-3	-9	-11	-2	-3	6	27	0	17387
913	2015	148	NSH	MIN	0	-2	-1	-5	-5	11	0	3	0	17113
914	2015	148	WPG	STL	0	-1	2	4	2	5	0	14	0	15016
915	2015	148	LA	OTT	0	-1	7	8	-2	1	-2	-9	0	18230
916	2015	148	SJ	DET	0	-1	-13	6	7	-2	2	4	0	17562
917	2015	149	NJ	BOS	0	-1	-3	-4	2	3	0	1	1	16592
918	2015	149	NYI	CGY	1	1	12	0	-1	-1	-2	7	1	16170
919	2015	149	CAR	WSH	1	3	10	0	6	5	-2	3	0	13415
920	2015	149	TB	CHI	1	4	1	-3	2	0	-8	12	2	19204
921	2015	149	DAL	COL	0	-1	13	-12	0	6	0	-5	0	15431
922	2015	149	ANA	LA	1	2	10	11	5	3	0	27	0	17413
923	2015	150	FLA	BUF	1	2	33	-10	-1	2	-4	-2	2	10374
924	2015	150	NSH	DET	0	-1	15	-5	0	-1	2	7	0	17361
925	2015	150	NYI	CAR	0	-2	-17	-5	-5	-8	16	18	-2	16170
926	2015	150	CBJ	NJ	0	-2	14	10	5	1	2	4	0	17814
927	2015	150	BOS	ARI	1	3	2	11	-2	-2	-8	3	1	17565
928	2015	150	MTL	TOR	1	4	-7	7	5	14	0	-15	0	21287
929	2015	150	PHI	NYR	1	2	-2	2	5	1	0	4	0	19979
930	2015	150	COL	MIN	0	-2	2	12	1	2	18	10	0	18087
931	2015	150	EDM	STL	0	-1	-5	-10	1	2	2	11	0	16839
932	2015	150	SJ	OTT	0	-2	-1	8	3	7	2	-2	-1	17562
933	2015	151	WPG	LA	1	3	9	-15	8	3	2	2	0	15916
934	2015	151	FLA	TB	1	1	3	2	0	-1	-4	1	1	10336
935	2015	151	PIT	CBJ	1	2	16	2	1	8	-19	-3	2	18581
936	2015	151	WSH	TOR	1	4	0	-4	2	6	4	-2	1	18506
937	2015	151	DAL	ANA	0	-2	18	-3	-4	11	-4	0	1	17657
938	2015	151	VAN	STL	1	1	-8	-6	1	2	2	7	-1	18870
939	2015	152	NYR	NSH	1	3	14	-6	2	2	2	4	0	18006
940	2015	152	CHI	CAR	1	3	-3	-9	1	4	6	-11	0	21641
941	2015	152	SJ	MTL	1	4	17	12	4	3	4	11	2	17236
942	2015	153	NJ	NSH	1	2	-11	-5	-2	-1	0	1	1	13012
943	2015	153	PHI	CGY	0	-1	11	11	-6	-2	0	-2	0	19513
944	2015	153	CBJ	WSH	0	-2	-3	3	2	2	0	9	0	12915
945	2015	153	TB	BUF	1	3	7	2	5	5	0	0	2	18922
946	2015	153	FLA	TOR	0	-1	8	10	-1	3	-4	-9	0	10198
947	2015	153	MIN	OTT	1	1	5	1	4	-2	2	2	0	19054
948	2015	153	DAL	NYI	1	1	-2	2	2	5	-17	-5	0	17453
949	2015	153	ARI	ANA	0	-3	-5	5	-2	7	-4	11	0	11387
950	2015	153	EDM	LA	0	-3	-6	-7	6	1	-2	-4	1	16839
951	2015	153	VAN	SJ	0	-4	-2	13	-3	0	-8	10	1	18535
952	2015	154	WPG	OTT	0	-2	16	5	2	-1	-2	14	-1	15016
953	2015	154	DET	NYR	1	1	-9	8	3	0	2	6	0	20027
954	2015	154	COL	PIT	1	2	-7	-7	3	2	-4	-12	1	16905
955	2015	154	ANA	MTL	1	2	-5	0	-2	1	6	-2	-1	17174
956	2015	155	BOS	CGY	0	-1	5	2	3	-6	8	-6	-2	17565
957	2015	155	PHI	STL	1	2	2	3	1	4	-2	14	0	12531
958	2015	155	WSH	MIN	0	-1	-5	6	6	0	2	12	1	18506
959	2015	155	TB	TOR	1	2	4	-12	0	6	0	-4	1	19204
960	2015	155	FLA	DAL	0	-1	-8	-12	6	0	0	-5	0	8510
961	2015	155	NSH	NYI	0	-1	5	5	-3	3	2	6	-1	17113
962	2015	155	ARI	VAN	1	1	1	-8	-4	-2	4	-4	0	12589
963	2015	155	LA	MTL	1	1	11	4	5	6	-4	-9	2	18230
964	2015	156	NJ	CBJ	0	-1	-1	-12	-3	1	-6	-8	1	16213
965	2015	156	CAR	MIN	0	-2	19	6	-1	7	-2	10	0	10857
966	2015	156	OTT	BUF	1	1	11	-1	6	6	-6	-17	0	18241
967	2015	156	DET	CGY	0	-3	11	0	3	4	0	1	0	20027
968	2015	156	CHI	EDM	1	1	-8	12	1	6	-4	0	0	22017
969	2015	156	ANA	PIT	0	-3	8	10	-3	4	4	8	0	17310
970	2015	157	BOS	PHI	1	1	6	5	1	-3	-4	0	1	17565
971	2015	157	TOR	STL	0	-5	-20	-5	-8	5	10	10	-1	19108
972	2015	157	TB	DAL	1	1	-7	3	3	-2	-4	0	-1	19204
973	2015	157	FLA	NYI	1	1	-10	-5	7	7	4	2	-1	14474
974	2015	157	WSH	BUF	1	5	28	9	3	0	0	-8	2	18506
975	2015	157	CBJ	COL	0	-4	11	-7	-1	4	8	12	-2	16599
976	2015	157	NSH	WPG	0	-2	-5	14	-1	2	0	0	0	17113
977	2015	157	ARI	MTL	0	-2	-7	-2	4	5	-2	1	0	14094
978	2015	157	LA	PIT	0	-1	13	-2	-1	3	4	1	0	18487
979	2015	157	SJ	VAN	0	-1	6	13	7	-15	4	0	0	17562
980	2015	158	CAR	EDM	1	3	15	17	5	11	-4	-12	1	12826
981	2015	158	NJ	PHI	1	3	-6	-4	4	3	-2	-6	1	16592
982	2015	158	MIN	COL	0	-1	13	-1	1	-2	2	3	-1	19119
983	2015	158	OTT	CGY	1	1	-4	-4	7	1	0	14	-1	16840
984	2015	158	BOS	DET	1	2	-9	7	3	-4	0	-3	1	17565
985	2015	158	CHI	NYR	0	-1	-7	7	3	7	-4	-11	0	22160
986	2015	159	TOR	NYI	0	-1	-18	8	5	3	2	-7	-1	18984
987	2015	159	DET	EDM	1	3	-12	10	-3	0	4	-13	0	20027
988	2015	159	VAN	ANA	1	1	-14	-7	3	4	4	-7	0	18557
989	2015	159	ARI	NSH	0	-1	-12	14	5	-1	4	-14	1	11227
990	2015	159	SJ	PIT	1	1	-10	-9	1	5	0	9	0	17336
991	2015	160	NYI	NYR	0	-1	8	3	0	14	0	-1	0	16170
992	2015	160	PHI	DAL	0	-1	-13	1	-2	2	0	-1	0	18723
993	2015	160	CAR	CBJ	0	-1	0	10	3	3	4	-18	-1	10418
994	2015	160	MTL	TB	0	-1	-17	8	6	7	6	2	0	21286
995	2015	160	OTT	BOS	0	-2	18	5	-3	0	0	0	-1	18961
996	2015	160	STL	WPG	1	1	11	17	5	1	-8	-5	0	19297
997	2015	160	MIN	NJ	1	4	6	3	5	-3	-8	-12	1	19034
998	2015	160	COL	LA	0	-3	-7	2	-5	0	0	-3	-1	15724
999	2015	161	TOR	BUF	1	1	1	13	4	0	-6	-15	1	18844
1000	2015	161	WSH	NYR	0	-2	-2	8	7	2	0	4	1	18506
1001	2015	161	CGY	ANA	1	3	-9	3	3	7	-6	7	1	19289
1002	2015	162	BOS	TB	1	1	-7	-3	-4	9	-14	-2	0	17565
1003	2015	162	PIT	EDM	1	2	5	3	5	4	2	4	-1	18662
1004	2015	162	CAR	DAL	0	-2	-14	1	5	10	-2	-2	0	10025
1005	2015	162	MTL	OTT	0	-3	1	-3	-2	-4	-4	-4	0	21287
1006	2015	162	DET	CBJ	0	-2	16	5	4	1	-6	-9	0	20027
1007	2015	162	FLA	WPG	1	2	0	11	4	4	-4	0	1	9819
1008	2015	162	STL	PHI	1	1	7	-4	-1	1	4	8	0	19600
1009	2015	162	COL	NJ	1	1	5	4	5	4	-2	4	0	14607
1010	2015	162	VAN	LA	0	-4	-1	-2	-2	3	2	-3	-1	18663
1011	2015	162	ARI	CHI	0	-1	-26	-13	1	4	10	16	-2	17534
1012	2015	162	SJ	NSH	1	2	-14	5	5	3	-6	2	2	17562
1013	2015	163	NYI	OTT	0	-1	7	14	2	8	-4	6	0	16170
1014	2015	163	WSH	DAL	0	-2	-11	2	-7	6	4	25	-3	18506
1015	2015	163	CBJ	EDM	1	1	-4	7	3	4	2	9	-2	14317
1016	2015	163	MIN	ANA	0	-1	9	13	4	3	-6	-8	1	19045
1017	2015	163	CGY	TOR	1	3	0	19	6	-3	17	-5	0	19289
1018	2015	164	PHI	DET	1	5	3	-10	1	1	8	20	2	19701
1019	2015	164	PIT	BOS	0	-2	0	-6	-3	5	2	20	0	18651
1020	2015	164	SJ	CHI	0	-4	5	5	-4	9	2	21	-1	17562
1021	2015	164	BUF	NYR	0	-2	-13	-10	3	-2	0	10	0	19070
1022	2015	164	TB	WPG	0	-1	-13	4	-2	5	5	3	-1	19204
1023	2015	164	NYI	MTL	0	-2	6	2	5	13	-4	14	1	16170
1024	2015	164	CAR	FLA	0	-2	5	5	1	4	4	-3	-1	11790
1025	2015	164	VAN	TOR	1	3	6	-14	0	5	28	-13	0	18870
1026	2015	164	STL	MIN	0	-2	23	7	3	0	-2	-2	0	19638
1027	2015	164	ARI	NJ	0	-3	2	0	0	3	4	-1	-1	12425
1028	2015	164	COL	CGY	1	1	-5	0	4	2	6	9	1	18007
1029	2015	164	LA	NSH	0	-1	1	3	1	5	4	-2	0	18230
1030	2015	165	NYR	FLA	1	1	-5	-9	-2	0	2	4	0	18006
1031	2015	165	CBJ	CAR	0	-1	-3	-6	2	3	6	21	0	15258
1032	2015	165	DAL	STL	0	-3	7	10	2	0	-8	2	-1	18532
1033	2015	165	OTT	PHI	1	1	0	8	7	6	2	-3	0	17730
1034	2015	165	PIT	DET	0	-4	18	11	4	1	52	18	-1	18668
1035	2015	165	WSH	BOS	1	2	6	-8	2	6	6	2	1	18506
1036	2015	165	ANA	NSH	1	2	1	7	0	4	-2	1	0	17295
1037	2015	166	BUF	WSH	0	-1	-5	1	3	2	-2	-1	-1	19070
1038	2015	166	TB	MTL	1	2	0	8	-1	0	0	8	1	19204
1039	2015	166	EDM	TOR	1	3	3	-2	4	1	-24	-19	1	16839
1040	2015	166	LA	ARI	1	1	10	15	1	0	-2	11	0	18230
1041	2015	167	BOS	BUF	0	-1	21	4	-2	-5	0	-7	-1	17565
1042	2015	167	NJ	PIT	1	2	-16	4	-1	8	-4	0	0	15848
1043	2015	167	CAR	OTT	0	-1	3	2	8	2	2	5	-1	13469
1044	2015	167	FLA	MTL	0	-1	18	5	4	-2	0	13	0	18245
1045	2015	167	NSH	MIN	0	-1	6	-5	-4	1	-8	0	0	17209
1046	2015	167	WPG	SJ	1	3	-18	0	2	5	-10	12	2	15016
1047	2015	167	CHI	NYI	1	3	-9	4	1	6	15	-20	0	22080
1048	2015	167	CGY	STL	0	-4	-1	-19	14	12	0	15	0	19289
1049	2015	167	VAN	PHI	1	3	7	-12	5	4	2	-20	0	18870
1050	2015	168	NYR	CHI	0	-1	-6	11	1	10	0	4	0	18006
1051	2015	168	EDM	CBJ	0	-1	27	-10	-3	13	-10	-7	1	16839
1052	2015	168	ANA	LA	1	1	-5	12	3	4	0	6	-1	17174
1053	2015	169	TOR	SJ	0	-3	-14	3	-1	5	8	24	-1	18926
1054	2015	169	MTL	CAR	1	4	-9	1	-1	3	0	-11	0	21286
1055	2015	169	OTT	BOS	1	2	-3	5	10	3	0	-5	-1	19270
1056	2015	169	FLA	DET	1	2	5	-2	3	-1	-2	13	0	11458
1057	2015	169	MIN	WSH	0	-1	3	-1	5	-1	2	-7	1	19044
1058	2015	169	WPG	STL	1	1	1	-1	8	6	2	17	0	15016
1059	2015	169	DAL	PIT	1	1	-6	13	4	7	0	-5	-1	18532
1060	2015	169	CGY	PHI	1	3	-1	-3	8	4	-4	-3	2	19289
1061	2015	169	VAN	CBJ	0	-4	7	-10	-2	3	-2	-8	-1	18668
1062	2015	169	ARI	COL	0	-3	1	-4	1	1	2	-3	0	11684
1063	2015	170	BUF	NJ	0	-2	2	1	0	5	-6	13	1	19070
1064	2015	170	TB	DET	1	2	1	4	-1	6	-2	-9	-1	19204
1065	2015	170	ANA	COL	1	1	16	-4	3	4	-4	-7	0	17313
1066	2015	171	MIN	STL	1	3	-1	-9	4	1	0	3	-1	19204
1067	2015	171	CGY	CBJ	0	-1	14	-15	8	-2	-10	-11	1	19289
1068	2015	171	LA	VAN	0	-3	-16	2	2	5	13	2	0	18230
1069	2015	171	MTL	SJ	1	2	0	2	1	6	4	13	0	21286
1070	2015	171	OTT	TOR	1	2	16	6	5	-3	-8	-5	1	19194
1071	2015	171	FLA	BOS	1	1	-2	-15	9	4	0	16	-1	17044
1072	2015	171	NJ	NYI	0	-3	-4	-3	1	4	0	-14	0	16592
1073	2015	171	CAR	NYR	0	-1	1	6	-2	7	0	-18	1	13404
1074	2015	171	WPG	WSH	1	3	-4	-3	6	8	0	2	0	15016
1075	2015	171	NSH	BUF	1	3	19	9	0	2	6	-2	1	17113
1076	2015	171	DAL	CHI	1	4	-4	-6	12	-7	-2	11	2	18532
1077	2015	171	ARI	PIT	0	-2	-6	5	6	3	2	10	-1	15581
1078	2015	171	EDM	PHI	1	1	3	-5	3	10	0	5	-1	16839
1079	2015	172	DET	STL	1	1	1	-6	-4	9	-4	0	0	20027
1080	2015	172	TB	BOS	1	2	-9	2	5	3	2	-2	0	19204
1081	2015	172	NYR	ANA	1	5	-9	-10	6	-1	-2	-3	1	18006
1082	2015	172	ARI	VAN	0	-2	-17	12	-1	-4	2	13	-1	12405
1083	2015	173	NJ	LA	0	-2	-13	-5	-4	3	4	-3	-1	15721
1084	2015	173	CAR	CHI	0	-2	19	1	5	-2	-2	2	0	13786
1085	2015	173	TOR	MIN	0	-1	4	9	6	1	-2	-1	0	18366
1086	2015	173	OTT	SJ	1	3	6	0	7	1	0	-3	-1	18193
1087	2015	173	DAL	BUF	1	1	11	11	5	1	-2	-3	0	18113
1088	2015	173	CGY	COL	1	1	-1	12	11	7	4	2	0	18613
1089	2015	173	EDM	WPG	0	-3	10	-6	2	11	-2	-4	-2	16839
1090	2015	174	NYI	MIN	0	-1	6	15	-5	0	0	5	0	16170
1091	2015	174	NYR	LA	0	-2	1	-6	4	8	2	12	0	18006
1092	2015	174	PIT	STL	0	-1	-9	-9	0	3	-6	5	0	18631
1093	2015	174	CBJ	ANA	1	2	-13	7	-1	0	4	7	0	14044
1094	2015	174	DET	ARI	0	-1	15	-10	2	7	0	-15	-1	20027
1095	2015	174	TB	FLA	1	1	-11	6	5	0	4	-5	0	18729
1096	2015	174	NSH	MTL	1	1	2	15	-5	-1	-4	1	1	17113
1097	2015	174	VAN	WPG	1	3	2	4	6	-1	2	-20	1	18870
1098	2015	175	PHI	CHI	1	3	-2	-2	2	1	2	9	0	19831
1099	2015	175	EDM	COL	1	1	-10	10	5	3	8	6	0	16839
1100	2015	175	CGY	DAL	0	-1	4	4	15	-9	6	1	-1	19289
1101	2015	176	BOS	ANA	0	-1	-3	-7	-4	-3	-4	-12	2	17565
1102	2015	176	BUF	ARI	0	-1	-7	3	0	1	-4	1	1	19070
1103	2015	176	NYI	LA	0	-1	-10	-10	3	5	0	13	1	16170
1104	2015	176	WSH	NJ	1	1	-7	3	4	9	0	3	0	18506
1105	2015	176	CAR	PIT	1	3	-1	4	6	1	-2	11	1	13738
1106	2015	176	TOR	FLA	0	-3	-3	15	2	-2	6	16	0	18831
1107	2015	176	OTT	NYR	0	-4	-8	2	3	10	-12	2	0	17753
1108	2015	176	DET	SJ	0	-2	4	-3	0	7	-6	-3	0	20027
1109	2015	176	TB	NSH	0	-1	11	1	-1	2	2	-4	0	19204
1110	2015	176	WPG	MTL	1	3	-19	0	7	2	6	9	0	15016
1111	2015	176	VAN	COL	0	-3	-4	2	-4	7	4	-5	-1	18870
1112	2015	177	MIN	CGY	1	2	11	0	5	3	2	-4	1	19040
1113	2015	177	CHI	CBJ	0	-3	6	15	-3	2	-8	-13	0	22187
1114	2015	177	EDM	DAL	1	4	-1	-21	10	6	4	5	0	16839
1115	2015	178	WSH	NSH	0	-1	1	-5	-5	1	0	28	0	18506
1116	2015	178	BOS	NYR	1	2	-2	13	6	-3	-17	-3	0	17565
1117	2015	178	NYI	ANA	0	-1	7	-12	10	-3	-8	10	0	16170
1118	2015	178	PHI	SJ	0	-1	-26	-7	-4	0	2	20	0	18783
1119	2015	178	PIT	ARI	1	1	22	1	1	8	5	6	2	18627
1120	2015	178	DET	TB	1	4	0	-8	1	0	4	1	0	20027
1121	2015	178	TOR	OTT	1	1	6	12	4	0	-4	12	0	18906
1122	2015	178	MTL	FLA	1	1	2	-3	1	9	-6	-13	1	21287
1123	2015	178	CAR	NJ	1	2	10	16	2	10	-4	-1	-1	12578
1124	2015	178	STL	CBJ	0	-2	14	-5	3	7	-6	0	0	19431
1125	2015	178	MIN	LA	1	3	-12	-3	9	5	2	-2	1	19204
1126	2015	178	COL	BUF	1	2	-16	-7	-3	5	4	0	0	18007
1127	2015	178	VAN	DAL	0	-1	-4	-3	5	-2	-4	6	2	18595
1128	2015	179	NYR	WSH	0	-3	-6	6	14	4	-4	-7	-1	18006
1129	2015	179	OTT	FLA	0	-2	-10	-3	3	2	2	12	-1	19045
1130	2015	179	NYI	DET	1	1	2	7	12	13	-2	-2	2	16170
1131	2015	179	CAR	BOS	0	-1	1	14	6	2	0	16	0	14275
1132	2015	179	NSH	CGY	0	-3	-1	14	-5	6	0	12	0	17113
1133	2015	179	NJ	ANA	0	-1	2	-10	-1	2	-2	16	0	15987
1134	2015	179	PIT	SJ	1	1	1	-8	-3	-1	8	11	0	18620
1135	2015	179	WPG	CHI	0	-1	10	4	1	10	-2	16	1	15016
1136	2015	180	MTL	TB	0	-2	-16	0	-2	2	4	-4	0	21286
1137	2015	180	STL	VAN	0	-3	2	2	2	2	-2	5	0	19204
1138	2015	180	CHI	LA	1	3	8	-9	7	4	-2	-18	1	21848
1139	2015	180	DAL	CGY	0	-2	11	21	9	1	-2	-2	0	17898
1140	2015	180	COL	EDM	0	-3	-6	4	-2	7	-2	3	0	15493
1141	2015	180	ARI	BUF	0	-3	-7	17	-4	2	-2	-20	-1	13612
1142	2015	181	BOS	FLA	1	1	5	21	-6	3	-2	-9	-1	17565
1143	2015	181	WSH	CAR	1	2	-5	6	5	-1	4	16	0	18506
1144	2015	181	CBJ	NJ	1	1	5	9	0	1	-4	15	0	14524
1145	2015	181	TOR	TB	1	2	-13	4	4	-3	0	-7	0	18857
1146	2015	181	DET	OTT	0	-1	-17	-1	2	5	4	-14	0	20027
1147	2015	181	NSH	VAN	0	-1	13	9	0	5	-31	-7	1	17113
1148	2015	181	WPG	NYR	0	-1	10	9	-2	-2	2	5	-1	15016
1149	2015	182	BUF	TOR	1	1	4	-2	2	0	-2	8	1	19070
1150	2015	182	PIT	PHI	0	-3	-6	10	3	1	6	5	-1	18664
1151	2015	182	ANA	EDM	1	4	4	-1	-2	-4	4	14	0	17174
1152	2015	182	SJ	COL	1	4	10	5	11	-5	2	-4	-1	17562
1153	2015	183	CBJ	NYI	1	1	11	-2	3	4	0	6	0	15361
1154	2015	183	MTL	WSH	0	-1	8	-6	5	-6	0	-7	-2	21287
1155	2015	183	OTT	TB	1	1	5	-4	2	1	-2	1	-1	18097
1156	2015	183	DET	BOS	0	-1	12	1	4	2	-4	-1	0	20027
1157	2015	183	FLA	CAR	1	5	3	-3	4	-1	2	-2	-1	9827
1158	2015	183	STL	CGY	1	3	25	11	3	6	1	6	1	19308
1159	2015	183	MIN	NYR	0	-1	2	12	3	0	8	2	-1	19244
1160	2015	183	CHI	VAN	1	2	2	13	6	6	-2	-12	0	21901
1161	2015	183	LA	EDM	1	6	3	7	0	-1	4	11	0	18230
1162	2015	184	BUF	CHI	0	-1	2	-9	2	-4	0	13	1	19070
1163	2015	184	NJ	MTL	1	1	-15	1	1	5	23	8	-1	16592
1164	2015	184	DAL	STL	0	-2	11	9	2	-1	-2	-12	0	18532
1165	2015	184	ANA	COL	0	-2	14	0	0	0	4	-7	-1	17201
1166	2015	184	SJ	ARI	1	2	16	-1	9	8	-2	-12	0	17562
1167	2015	185	CAR	PHI	1	1	3	6	-2	2	-2	-30	-1	12852
1168	2015	185	CBJ	PIT	1	2	-1	7	1	2	2	12	0	18513
1169	2015	185	WPG	VAN	1	1	6	21	4	9	-2	-2	-1	15016
1170	2015	185	BOS	TOR	1	1	22	0	0	-1	-2	-2	0	17565
1171	2015	185	OTT	WSH	1	1	-4	11	7	4	-4	-13	2	19961
1172	2015	185	FLA	TB	0	-4	12	-3	0	4	-6	9	-1	11072
1173	2015	185	NYI	BUF	1	3	15	1	3	3	14	-7	1	16170
1174	2015	185	NYR	NJ	1	5	-4	8	13	-1	6	-6	0	18006
1175	2015	185	MIN	DET	0	-1	2	-4	1	4	-6	6	0	19246
1176	2015	185	NSH	DAL	0	-1	12	-5	1	-2	-2	8	-1	17113
1177	2015	185	ARI	SJ	1	2	-9	-1	1	-1	4	8	0	14752
1178	2015	185	EDM	CGY	0	-4	-2	5	-4	2	2	0	-1	16839
1179	2015	185	LA	COL	1	2	16	-3	0	9	2	-7	0	18230
1180	2015	186	DET	WSH	0	-1	8	-6	0	3	-6	-1	0	20027
1181	2015	186	FLA	MTL	0	-3	-3	4	-1	6	6	2	0	14112
1182	2015	186	TOR	OTT	1	1	-7	9	6	-4	6	5	-2	18919
1183	2015	186	PHI	PIT	1	3	-27	-2	-1	6	6	8	2	18435
1184	2015	186	CHI	STL	0	-1	6	-5	5	2	2	-23	-1	22017
1185	2015	187	BUF	CAR	1	1	-27	-25	2	-6	0	4	0	19070
1186	2015	187	NYR	CBJ	1	1	10	6	8	7	0	-1	0	18006
1187	2015	187	MIN	WPG	0	-2	-2	16	5	-1	2	-1	-1	19010
1188	2015	187	VAN	LA	1	1	1	-3	4	1	-4	1	0	18870
1189	2015	187	SJ	DAL	0	-4	-1	16	2	8	2	3	-1	17562
1190	2015	188	NJ	NYR	0	-2	-19	1	-1	5	10	-1	0	16592
1191	2015	188	PHI	NYI	1	1	-13	-6	0	7	4	-3	0	17927
1192	2015	188	OTT	PIT	1	1	16	3	3	-1	4	23	0	20263
1193	2015	188	DET	CAR	1	1	-7	-9	1	4	0	8	1	20027
1194	2015	12	TB	MTL	1	6	24	-5	2	1	0	5	2	17622
1195	2015	188	STL	WPG	0	-1	-1	-8	2	0	14	9	0	19616
1196	2015	188	CHI	MIN	0	-1	3	10	1	1	-2	-2	0	21851
1197	2015	188	COL	NSH	1	1	-19	9	-1	3	4	0	-1	13561
1198	2015	188	CGY	ARI	1	1	8	5	4	8	-8	-4	1	19289
1199	2015	188	EDM	LA	1	2	-5	14	-1	8	2	-5	-2	16839
1200	2015	189	CBJ	TOR	1	5	-2	2	4	3	2	6	1	15631
1201	2015	189	WSH	BOS	1	3	6	-13	10	3	-6	13	0	18506
1202	2015	189	ANA	DAL	0	-4	-13	-10	1	-1	4	15	-1	17252
1203	2015	190	NYR	OTT	0	-3	-1	-4	-3	6	2	-6	0	18006
1204	2015	190	PHI	CAR	0	-2	1	0	0	0	16	14	-1	17348
1205	2015	190	MTL	DET	1	1	-1	-3	5	13	4	-2	1	21287
1206	2015	190	TB	NJ	1	1	7	-7	-1	3	-8	-1	2	19204
1207	2015	190	FLA	BOS	1	2	-6	3	-2	4	2	-5	0	11778
1208	2015	190	STL	CHI	1	1	3	4	2	1	-6	0	1	19751
1209	2015	190	NSH	MIN	0	-2	7	-9	1	7	-2	4	-1	17236
1210	2015	190	COL	WPG	1	1	-20	7	-2	3	4	7	0	14802
1211	2015	190	CGY	LA	1	2	-9	-3	23	5	-2	0	0	19289
1212	2015	190	EDM	SJ	0	-2	-25	-4	5	5	1	-1	0	16839
1213	2015	190	VAN	ARI	1	5	4	0	2	6	0	-4	3	18796
1214	2015	191	PIT	NYI	0	-2	12	9	-1	3	-2	-12	0	18673
1215	2015	191	CBJ	BUF	1	2	15	11	4	4	4	-9	-1	17855
1216	2015	192	PHI	OTT	0	-2	13	-3	-7	7	4	8	-1	17027
1217	2015	192	WSH	NYR	0	-2	-10	10	0	3	16	22	0	18506
1218	2015	192	WPG	CGY	1	4	-3	11	-2	7	-4	0	0	15016
1219	2015	192	LA	SJ	1	3	15	0	-1	-8	0	13	-1	18230
1220	2015	192	BUF	PIT	0	-2	-10	-20	3	4	0	16	0	19070
1221	2015	192	TOR	MTL	0	-1	-11	8	5	7	-24	23	0	19308
1222	2015	192	FLA	NJ	1	1	-6	2	0	3	-15	-15	1	12236
1223	2015	192	NYI	CBJ	0	-1	15	3	-1	10	0	8	-1	16170
1224	2015	192	CAR	DET	0	-2	6	0	-1	2	-2	11	0	16680
1225	2015	192	TB	BOS	1	1	-13	-6	1	11	2	12	0	19204
1226	2015	192	STL	MIN	1	2	-2	-7	-6	2	4	12	0	19155
1227	2015	192	DAL	NSH	1	3	0	5	6	5	-2	4	1	18532
1228	2015	192	COL	CHI	1	1	-6	1	10	2	-4	16	2	18049
1229	2015	192	ARI	ANA	0	-1	-14	1	0	3	0	0	0	15733
1230	2015	192	VAN	EDM	1	1	-5	-17	5	-3	-4	1	0	18870