
1	2015	7	TOR	MTL	0	7	59	52	19	24	10	56	1	19745
2	2015	7	BOS	PHI	1	3	53	52	16	14	26	49	1	17565
3	2015	7	CGY	VAN	0	6	58	59	11	15	22	48	1	19289
4	2015	7	LA	SJ	0	4	64	52	6	22	28	52	1	18514
5	2015	8	BUF	CBJ	0	4	62	49	9	8	14	31	1	18215
6	2015	8	PHI	NJ	0	10	65	44	10	10	16	66	2	19801
7	2015	8	PIT	ANA	1	10	68	57	12	13	28	67	4	18633
8	2015	8	WSH	MTL	0	3	54	57	9	11	38	59	0	18506
9	2015	8	DET	BOS	1	3	41	42	8	15	20	40	1	20027
10	2015	8	TB	FLA	1	5	53	54	19	13	30	49	3	19204
11	2015	8	STL	NYR	0	5	50	42	9	4	34	39	0	19183
12	2015	8	NSH	OTT	1	5	57	50	17	12	18	46	2	17113
13	2015	8	DAL	CHI	0	5	60	50	22	19	26	37	2	18768
14	2015	8	MIN	COL	1	5	64	45	14	10	20	33	0	19098
15	2015	8	EDM	CGY	0	7	66	57	13	19	10	39	3	16839
16	2015	8	ARI	WPG	0	8	55	39	11	15	38	36	0	17125
17	2015	9	CAR	NYI	0	8	50	47	10	6	16	57	4	18680
18	2015	10	BOS	WSH	0	4	50	33	13	21	40	51	2	17565
19	2015	10	TOR	PIT	0	7	66	48	21	18	32	69	5	19039
20	2015	10	DET	ANA	0	5	55	42	2	13	14	45	0	20027
21	2015	10	TB	OTT	0	5	74	44	14	17	16	49	1	19204
22	2015	10	FLA	NJ	0	6	53	31	4	6	36	52	3	11419
23	2015	10	NYI	CAR	1	7	55	41	16	12	44	50	4	16170
24	2015	10	PHI	MTL	0	7	70	43	6	23	18	58	1	19745
25	2015	10	CBJ	NYR	1	7	50	46	11	8	38	57	0	18922
26	2015	10	STL	CGY	1	5	63	63	6	3	40	39	3	17120
27	2015	10	NSH	DAL	1	5	51	50	17	16	32	30	0	17113
28	2015	10	CHI	BUF	1	8	70	33	9	18	16	53	1	22012
29	2015	10	COL	MIN	0	3	64	47	23	12	39	45	0	18139
30	2015	10	ARI	LA	1	5	66	59	14	6	26	62	2	12859
31	2015	10	VAN	EDM	1	9	72	57	15	16	30	53	3	18870
32	2015	10	SJ	WPG	1	3	56	34	13	28	34	54	0	17562
33	2015	11	NYR	TOR	0	9	74	56	8	24	12	39	2	18006
34	2015	11	LA	WPG	1	5	61	53	10	24	48	71	0	18230
35	2015	12	BOS	COL	0	3	58	50	17	14	18	35	1	17565
36	2015	12	BUF	ANA	0	6	56	46	4	9	32	38	1	18912
37	2015	12	FLA	OTT	0	1	53	52	19	10	20	77	1	7311
38	2015	13	NYR	NYI	0	9	70	51	15	16	16	51	1	18006
39	2015	13	PHI	ANA	0	7	70	49	9	19	12	73	2	19589
40	2015	13	WSH	SJ	0	11	57	54	14	12	14	39	3	18506
41	2015	13	CAR	BUF	0	7	51	49	17	11	10	58	0	14930
42	2015	13	CBJ	DAL	0	6	70	61	10	5	20	47	1	15995
43	2015	13	TOR	COL	1	5	64	45	21	19	20	72	0	18754
44	2015	13	TB	NJ	0	3	52	40	13	14	16	37	1	18064
45	2015	13	NSH	CGY	0	5	49	67	10	14	14	31	1	15654
46	2015	13	LA	EDM	1	7	58	48	5	15	22	66	1	18230
47	2015	14	DET	BOS	0	5	59	48	10	12	16	46	1	20027
48	2015	14	CHI	CGY	0	3	68	47	11	12	16	31	1	21112
49	2015	14	ARI	EDM	1	11	57	53	14	9	26	52	1	11648
50	2015	15	NYI	SJ	1	7	68	67	13	15	6	52	2	11248
51	2015	15	PIT	DAL	0	5	57	50	12	12	16	45	3	18615
52	2015	15	WSH	NJ	1	8	61	49	12	10	16	44	1	18506
53	2015	15	MTL	BOS	1	10	55	54	8	24	26	47	3	21287
54	2015	15	OTT	COL	1	8	59	41	14	18	38	56	2	19913
55	2015	15	LA	STL	1	1	61	53	5	32	18	57	0	18230
56	2015	16	BUF	FLA	0	1	61	43	13	19	24	46	0	17864
57	2015	15	NYR	CAR	1	3	64	47	20	26	20	46	0	18006
58	2015	16	CBJ	CGY	1	5	57	48	11	11	28	40	1	15987
59	2015	16	TOR	DET	0	5	59	45	16	12	18	45	0	19054
60	2015	16	WPG	NSH	0	2	58	37	5	16	22	49	0	15016
61	2015	16	EDM	VAN	0	2	58	52	23	30	14	41	0	16839
62	2015	16	ANA	MIN	1	3	54	50	7	20	38	46	0	17306
63	2015	17	BUF	BOS	0	4	68	43	8	10	30	26	0	18685
64	2015	17	MTL	COL	1	5	70	50	14	17	24	33	1	21287
65	2015	17	OTT	CBJ	1	5	75	54	16	23	18	42	0	18994
66	2015	17	DET	TOR	1	1	62	59	9	18	22	52	0	20027
67	2015	17	NJ	SJ	0	6	69	58	10	11	24	16	2	16592
68	2015	17	PIT	NYI	1	4	73	43	8	14	52	64	2	18655
69	2015	17	WSH	FLA	1	3	49	53	10	22	14	61	1	18506
70	2015	17	DAL	PHI	0	11	60	53	13	18	12	45	4	18532
71	2015	17	CHI	NSH	1	3	57	32	10	12	18	58	1	21640
72	2015	17	ARI	STL	0	7	61	50	11	15	30	68	5	11100
73	2015	17	VAN	TB	0	6	56	44	9	13	28	31	2	18647
74	2015	18	LA	MIN	1	3	57	50	5	13	32	60	1	18230
75	2015	18	NYR	SJ	1	4	62	55	10	21	22	60	0	18006
76	2015	18	WPG	CGY	0	5	64	54	3	20	12	42	1	15016
77	2015	18	ANA	STL	1	3	53	51	5	13	10	51	2	15687
78	2015	19	EDM	TB	1	5	47	47	17	21	12	24	0	16839
79	2015	20	BOS	SJ	1	8	67	55	12	18	12	40	3	17565
80	2015	20	NJ	NYR	0	7	56	48	15	8	16	17	5	14484
81	2015	20	NYI	TOR	0	7	64	44	18	8	34	47	1	11408
82	2015	20	MTL	DET	1	3	64	51	10	10	12	40	0	21287
83	2015	20	NSH	ARI	1	7	62	53	13	14	18	34	2	15694
84	2015	20	WPG	CAR	1	4	48	43	14	27	20	49	1	15016
85	2015	20	CHI	PHI	1	4	75	55	15	4	12	37	2	21162
86	2015	20	DAL	VAN	1	9	74	52	22	18	18	35	1	15678
87	2015	20	COL	FLA	0	7	69	61	20	8	24	42	3	14440
88	2015	20	CGY	TB	0	3	44	46	12	19	14	32	1	19289
89	2015	39	OTT	TOR	0	8	71	44	14	14	10	57	1	19229
90	2015	21	PIT	PHI	0	8	58	53	8	13	22	60	0	18661
91	2015	21	EDM	WSH	1	5	54	49	12	32	18	53	2	16839
92	2015	21	ANA	BUF	1	5	57	47	11	17	32	54	0	16067
93	2015	22	BOS	NYI	0	5	70	55	15	17	4	49	0	17565
94	2015	22	DET	PIT	1	7	57	47	11	7	20	49	0	20027
95	2015	22	STL	VAN	0	5	55	43	16	7	18	31	2	16099
96	2015	22	NSH	CHI	1	5	59	62	19	16	6	24	0	17157
97	2015	22	MIN	ARI	1	2	55	46	8	10	8	30	0	18554
98	2015	22	CGY	CAR	1	5	40	45	30	20	8	33	0	19289
99	2015	22	LA	BUF	1	2	68	44	5	23	46	51	2	18230
100	2015	22	SJ	CBJ	0	9	65	46	13	12	30	35	2	17562
101	2015	23	NJ	DAL	0	5	64	65	7	14	14	33	1	14657
102	2015	23	WPG	TB	0	6	69	39	14	21	28	43	2	15016
103	2015	23	COL	VAN	1	10	77	49	21	6	40	39	1	17119
104	2015	23	EDM	CAR	1	9	59	50	22	21	8	58	1	16839
105	2015	23	ANA	CBJ	1	5	51	53	4	13	26	65	3	15778
106	2015	24	SJ	BUF	0	3	45	43	14	23	10	44	0	17370
107	2015	24	TOR	BOS	0	5	66	57	24	16	18	63	1	19132
108	2015	24	MTL	NYR	1	4	65	67	8	29	16	52	0	21287
109	2015	24	OTT	NJ	0	5	64	46	18	15	22	50	4	19266
110	2015	24	NYI	DAL	1	12	60	53	22	22	14	60	1	15208
111	2015	24	PHI	DET	1	6	54	49	6	15	20	41	1	19867
112	2015	24	STL	CHI	1	5	55	68	16	6	16	40	1	19434
113	2015	24	NSH	PIT	0	3	51	34	20	7	8	39	2	17218
114	2015	24	MIN	TB	1	9	41	44	8	3	20	32	0	18884
115	2015	24	ARI	FLA	1	3	65	44	11	10	20	57	2	13202
116	2015	24	CGY	WSH	0	4	51	52	15	15	40	55	2	19095
117	2015	25	WPG	COL	1	3	51	44	7	21	20	50	1	15016
118	2015	25	LA	CBJ	1	7	51	60	8	23	34	66	2	18230
119	2015	25	CHI	OTT	1	3	78	47	9	15	24	55	1	21310
120	2015	25	ANA	SJ	0	5	71	50	7	20	165	58	3	16954
121	2015	25	VAN	WSH	1	6	56	52	13	22	12	45	2	18427
122	2015	26	NYR	MIN	1	9	50	36	14	29	31	33	0	18006
123	2015	26	EDM	MTL	1	3	48	48	15	28	20	31	0	16839
124	2015	27	BOS	MIN	0	7	70	57	13	12	12	41	1	17565
125	2015	27	NYI	WPG	0	7	51	45	15	23	39	42	4	11508
126	2015	27	PHI	LA	1	5	83	48	14	17	18	66	0	19873
127	2015	27	PIT	NJ	1	11	52	38	12	10	16	54	3	18650
128	2015	27	CBJ	OTT	0	7	72	47	12	9	69	68	3	14749
129	2015	27	TOR	BUF	1	4	47	44	20	18	30	73	1	18898
130	2015	27	TB	ARI	1	10	60	57	12	12	16	37	1	17511
131	2015	27	CHI	ANA	0	1	63	49	15	3	12	53	0	21233
132	2015	27	DAL	STL	0	7	55	45	15	26	18	41	2	16232
133	2015	27	COL	SJ	0	5	84	64	31	7	22	37	0	14552
134	2015	27	CGY	MTL	0	3	57	37	24	26	28	38	0	19289
135	2015	27	VAN	CAR	1	5	55	38	17	7	22	44	1	18234
136	2015	28	WSH	DET	0	6	49	28	14	13	20	48	2	18506
137	2015	28	EDM	NSH	0	5	62	44	23	28	6	48	0	16839
138	2015	29	BUF	BOS	0	5	52	49	6	8	16	54	1	17477
139	2015	29	NJ	WPG	1	3	53	53	21	20	6	31	0	12897
140	2015	29	PIT	LA	1	3	59	49	4	5	28	65	2	18570
141	2015	29	OTT	CHI	0	9	71	37	11	17	22	41	1	17529
142	2015	29	TB	PHI	1	7	59	41	17	14	20	46	2	18642
143	2015	29	FLA	ARI	1	3	59	44	9	3	32	54	2	7691
144	2015	29	STL	ANA	1	2	53	38	15	12	12	35	0	16723
145	2015	29	MIN	SJ	1	7	74	65	8	13	6	24	1	18633
146	2015	29	COL	NYI	1	5	63	48	22	9	20	60	1	12892
147	2015	29	VAN	MTL	1	5	55	59	11	19	10	35	1	18870
148	2015	30	CBJ	TOR	0	5	56	59	19	12	12	60	2	14479
149	2015	30	DET	LA	1	7	65	57	6	9	18	41	2	20027
150	2015	30	DAL	ANA	0	3	46	53	19	22	22	45	0	15343
151	2015	30	CGY	NSH	1	7	61	66	21	21	6	26	3	18505
152	2015	31	SJ	NYI	1	4	51	59	9	30	18	59	1	17562
153	2015	31	BOS	OTT	1	6	59	54	10	10	8	49	0	17565
154	2015	31	TOR	CHI	1	5	74	53	30	24	14	54	2	19138
155	2015	31	TB	WSH	1	7	66	47	17	12	22	52	1	19119
156	2015	31	FLA	PHI	1	3	67	48	4	3	24	42	1	9774
157	2015	31	NJ	CBJ	1	5	63	43	8	12	26	30	3	13542
158	2015	31	NYR	WPG	0	1	63	40	15	29	16	52	0	18006
159	2015	31	PIT	BUF	1	5	52	47	8	3	16	48	3	18652
160	2015	31	CAR	ARI	1	3	60	57	22	9	18	62	1	10870
161	2015	31	STL	COL	1	5	58	55	10	7	14	40	2	17498
162	2015	31	MIN	DAL	1	5	50	36	17	7	16	14	2	19088
163	2015	31	EDM	VAN	0	5	57	38	14	25	12	55	0	16839
164	2015	32	BUF	DET	1	5	59	52	6	9	18	21	0	17815
165	2015	32	CAR	LA	1	5	64	47	20	15	14	52	2	10519
166	2015	32	MTL	CGY	0	8	56	45	5	13	20	32	1	21287
167	2015	32	WSH	ARI	0	11	67	46	15	14	36	48	4	18506
168	2015	32	COL	ANA	0	5	51	42	34	9	16	64	0	15310
169	2015	32	CHI	WPG	0	1	60	49	17	21	8	42	0	21204
170	2015	32	VAN	NSH	0	4	60	48	13	19	16	36	2	18395
171	2015	33	NYR	STL	0	7	73	55	22	23	28	47	2	18006
172	2015	34	BOS	FLA	1	3	44	51	19	16	2	48	0	17565
173	2015	34	NJ	STL	0	1	49	42	12	8	12	24	1	15102
174	2015	34	PHI	EDM	1	5	61	55	14	9	18	44	0	19566
175	2015	34	WSH	CGY	0	7	57	62	14	13	20	52	1	18506
176	2015	34	CBJ	CAR	0	6	56	47	15	18	26	52	1	15638
177	2015	34	MTL	CHI	0	5	60	53	8	23	22	38	1	21287
178	2015	34	OTT	DET	1	4	64	48	20	20	14	40	1	16436
179	2015	34	MIN	PIT	0	5	56	49	13	12	28	24	1	18788
180	2015	34	WPG	NSH	1	4	50	58	9	25	24	40	2	15016
181	2015	34	DAL	LA	0	4	64	52	13	28	22	40	0	16567
182	2015	34	COL	VAN	0	7	59	47	11	9	18	29	0	13221
183	2015	34	ARI	TOR	1	5	63	44	17	7	22	60	2	14202
184	2015	35	BUF	MTL	0	3	64	56	5	13	20	43	1	17837
185	2015	35	NYR	DET	1	7	58	43	11	20	22	35	4	18006
186	2015	35	ANA	NYI	0	5	70	64	20	26	10	64	3	16448
187	2015	36	BOS	EDM	1	7	58	46	13	9	18	37	3	17565
188	2015	36	PHI	FLA	1	5	65	61	7	10	20	70	1	19777
189	2015	36	OTT	MIN	1	3	52	46	14	23	42	62	1	16867
190	2015	36	TB	CGY	1	7	64	49	11	12	18	30	1	18276
191	2015	36	STL	NJ	1	7	56	47	12	3	12	31	2	16523
192	2015	36	WPG	PIT	0	7	72	42	8	16	100	58	0	15016
193	2015	36	DAL	NSH	0	5	68	60	7	19	8	33	2	17054
194	2015	36	COL	TOR	1	7	72	63	35	7	12	73	1	15036
195	2015	36	LA	NYI	0	3	55	37	11	27	18	53	1	18230
196	2015	36	SJ	VAN	0	5	55	64	21	34	20	57	2	17562
197	2015	37	BUF	EDM	0	5	83	71	8	15	26	55	0	17490
198	2015	37	CAR	CBJ	1	5	66	47	18	11	26	44	1	11540
199	2015	37	DET	NJ	1	6	48	46	5	10	18	31	2	20027
200	2015	37	CHI	WSH	0	5	64	54	13	14	8	58	1	21892
201	2015	37	ANA	ARI	0	5	64	54	12	32	14	82	1	16235
202	2015	38	FLA	CGY	0	10	56	48	6	5	12	52	1	9230
203	2015	38	BUF	PIT	0	7	60	34	8	11	30	54	2	19070
204	2015	38	TOR	NYR	1	9	66	59	28	27	8	82	1	19320
205	2015	38	MTL	MIN	1	5	62	58	6	20	14	33	0	21287
206	2015	38	OTT	WPG	0	3	75	61	19	14	22	84	2	19189
207	2015	38	PHI	COL	1	7	66	52	8	15	29	49	3	19792
208	2015	38	CBJ	TB	0	11	70	48	8	4	18	61	5	14892
209	2015	38	WSH	CAR	1	7	66	59	22	30	10	37	2	18506
210	2015	38	STL	NSH	0	3	64	57	10	8	6	44	0	18869
211	2015	38	DAL	SJ	0	8	69	66	17	24	32	37	2	17023
212	2015	38	ARI	NYI	0	1	52	39	10	6	16	61	0	14689
213	2015	38	LA	VAN	1	6	55	43	7	24	16	37	0	18230
214	2015	39	DET	TB	0	7	50	40	9	13	18	42	3	20027
215	2015	39	NYR	EDM	0	4	54	58	14	17	8	36	0	18006
216	2015	39	CHI	SJ	1	7	71	54	14	12	38	42	1	21489
217	2015	39	ANA	VAN	0	3	64	63	11	25	32	51	1	16749
218	2015	40	BOS	NJ	1	6	51	50	17	13	10	47	1	17565
219	2015	40	CAR	CGY	1	5	54	56	9	18	8	62	2	9906
220	2015	41	NJ	MIN	1	4	47	40	5	10	20	25	1	14256
221	2015	41	NYI	COL	1	6	66	48	23	13	22	70	1	12888
222	2015	41	NYR	PIT	1	5	68	43	21	23	14	50	1	18006
223	2015	41	WSH	CBJ	1	6	58	44	18	22	18	75	1	18506
224	2015	41	MTL	WPG	1	3	56	56	12	30	14	49	0	21287
225	2015	41	FLA	SJ	1	5	56	50	10	5	8	63	0	8075
226	2015	41	STL	BUF	1	7	58	48	14	6	52	45	4	17570
227	2015	41	NSH	EDM	1	5	58	64	13	22	8	26	0	17129
228	2015	41	CHI	TB	1	5	66	43	15	19	26	46	0	21345
229	2015	41	ARI	DAL	0	7	69	50	12	15	40	45	1	11866
230	2015	41	VAN	OTT	1	7	61	54	16	21	6	46	0	18775
231	2015	42	TOR	BOS	1	7	59	39	25	19	14	70	3	19264
232	2015	42	ANA	LA	1	11	75	56	20	22	8	80	0	17245
233	2015	43	NYR	COL	0	7	62	57	14	12	20	45	1	18006
234	2015	43	CAR	WPG	0	4	60	46	18	21	10	57	1	10005
235	2015	43	MTL	BOS	1	6	56	46	4	21	40	49	2	21287
236	2015	43	TB	SJ	0	3	72	40	12	14	10	36	0	19004
237	2015	43	STL	NSH	1	7	52	65	11	7	40	35	2	15702
238	2015	43	MIN	BUF	1	9	67	43	14	11	12	34	2	18925
239	2015	43	CGY	ARI	1	8	48	56	29	18	22	36	1	18698
240	2015	43	EDM	OTT	0	7	67	43	11	23	50	42	1	16839
241	2015	43	LA	DAL	0	2	54	53	4	21	24	30	0	18230
242	2015	44	PHI	CBJ	0	7	65	50	7	19	14	62	5	19789
243	2015	44	WSH	NJ	0	1	58	44	13	22	18	29	0	18506
244	2015	44	TOR	PIT	0	3	71	47	14	29	22	73	0	19295
245	2015	44	DET	CHI	1	5	63	38	5	17	14	24	1	20027
246	2015	44	FLA	NYI	0	7	72	50	7	8	18	58	1	10010
247	2015	44	VAN	ARI	0	5	58	55	8	17	28	45	1	18708
248	2015	45	BOS	CAR	1	3	59	51	9	10	10	53	0	17565
249	2015	45	DAL	MIN	0	3	50	48	15	23	6	41	0	17543
250	2015	45	LA	ANA	1	5	66	52	7	22	22	82	2	18230
251	2015	45	BUF	TOR	1	8	69	57	8	12	18	59	1	19070
252	2015	45	MTL	PHI	1	9	57	51	10	21	26	44	4	21287
253	2015	45	TB	NYI	1	7	55	43	13	13	16	51	1	19204
254	2015	45	NJ	COL	0	5	54	48	11	7	10	21	0	15626
255	2015	45	PIT	NYR	1	5	69	44	9	17	20	75	1	18652
256	2015	45	CBJ	SJ	1	3	65	43	11	13	12	43	1	15950
257	2015	45	NSH	WPG	1	3	51	58	13	22	8	37	0	17113
258	2015	45	STL	WSH	1	5	59	60	13	8	18	45	0	19339
259	2015	45	CGY	OTT	1	6	50	48	20	36	26	40	1	19289
260	2015	46	CAR	SJ	0	2	64	52	21	15	6	61	0	12784
261	2015	46	MIN	WPG	1	7	52	38	5	13	46	51	1	18808
262	2015	46	DET	MTL	0	5	48	58	6	13	24	41	1	20027
263	2015	46	CHI	DAL	1	8	71	63	21	11	20	41	1	21671
264	2015	46	ANA	FLA	0	8	64	55	11	24	6	39	1	16128
265	2015	46	EDM	ARI	0	3	62	59	14	16	16	36	2	16839
266	2015	47	NYR	TB	0	6	46	43	14	12	12	46	2	18006
267	2015	48	BOS	STL	1	2	50	53	15	10	6	41	0	17565
268	2015	48	BUF	SJ	1	5	44	41	4	4	16	23	1	17435
269	2015	48	NYI	TB	1	7	64	37	17	19	22	36	1	12908
270	2015	48	CBJ	DET	0	5	68	43	17	13	26	44	2	15438
271	2015	48	TOR	NSH	0	11	68	54	22	20	32	55	1	19012
272	2015	48	MTL	PIT	0	4	49	57	14	22	8	38	1	21287
273	2015	48	WPG	NJ	1	4	56	31	15	27	14	44	1	15016
274	2015	48	DAL	CAR	0	10	52	67	9	25	24	33	1	15678
275	2015	48	CGY	ANA	1	7	46	56	24	28	26	49	2	18421
276	2015	48	ARI	WSH	0	3	48	44	7	7	14	70	0	11769
277	2015	48	LA	FLA	1	7	59	50	9	30	22	52	4	18230
278	2015	49	NYR	PHI	1	2	65	50	12	17	16	43	1	18006
279	2015	49	EDM	VAN	0	9	63	46	14	30	40	35	3	16839
280	2015	50	PHI	MIN	0	5	68	43	13	13	24	54	2	19919
281	2015	50	TOR	TB	1	7	49	53	25	21	12	61	1	19089
282	2015	50	MTL	STL	1	5	62	49	11	23	4	42	0	21287
283	2015	50	OTT	NSH	1	5	54	52	7	24	14	52	2	16796
284	2015	50	WPG	DET	0	7	58	47	14	21	10	37	1	15016
285	2015	50	DAL	ARI	1	4	54	59	22	23	8	39	1	16078
286	2015	50	COL	WSH	0	5	52	45	38	14	6	69	0	16476
287	2015	50	CGY	CHI	0	7	49	47	25	23	16	19	3	19289
288	2015	50	VAN	ANA	0	7	54	58	14	17	8	41	0	18870
289	2015	50	LA	CAR	1	5	66	53	8	20	34	57	2	18230
290	2015	50	SJ	FLA	0	5	58	57	16	32	16	47	2	17331
291	2015	142	BUF	NYR	0	4	68	56	4	9	44	33	0	19070
292	2015	51	PIT	NYI	0	9	65	52	9	7	16	63	0	18653
293	2015	51	CBJ	BOS	0	7	69	49	10	11	20	74	0	15030
294	2015	51	EDM	NJ	0	2	55	49	8	32	10	39	0	16839
295	2015	52	OTT	STL	0	5	59	45	17	14	20	40	2	18479
296	2015	52	BOS	MTL	0	2	56	48	11	19	30	52	1	17565
297	2015	52	TOR	DET	1	5	55	56	15	14	14	62	0	19311
298	2015	52	TB	MIN	1	3	59	50	16	15	10	41	1	19204
299	2015	52	NYI	PIT	1	5	63	52	18	16	50	46	1	16170
300	2015	52	PHI	CBJ	1	6	59	44	13	14	28	59	2	19846
301	2015	52	WSH	BUF	0	3	70	56	10	30	14	64	1	18506
302	2015	52	NSH	FLA	1	5	80	45	23	14	12	23	0	17163
303	2015	52	DAL	LA	1	9	64	53	21	14	20	56	3	18111
304	2015	52	COL	CAR	1	7	62	56	18	11	8	23	0	17208
305	2015	52	CGY	NJ	1	9	66	59	34	44	20	39	2	18874
306	2015	52	EDM	CHI	0	8	55	40	18	20	22	56	2	16839
307	2015	52	SJ	ARI	0	7	68	60	31	47	12	46	2	17297
308	2015	53	WPG	STL	0	6	59	57	13	12	12	49	2	15016
309	2015	53	NYR	MTL	1	5	55	47	18	14	24	55	0	18006
310	2015	53	ANA	ARI	1	3	57	52	9	22	10	65	0	15928
311	2015	53	VAN	CHI	1	5	55	53	12	14	12	22	1	18663
312	2015	54	BOS	PIT	0	5	62	41	8	18	12	62	1	17565
313	2015	54	NYI	PHI	1	1	67	56	29	24	20	41	0	12409
314	2015	54	DET	OTT	1	7	69	53	7	13	20	43	3	20027
315	2015	54	FLA	MIN	0	5	69	47	10	6	16	60	0	8426
316	2015	55	CBJ	WPG	0	6	66	50	11	11	40	62	3	13745
317	2015	55	STL	OTT	0	5	62	53	17	6	46	45	1	16680
318	2015	55	NSH	LA	1	7	54	50	11	16	12	39	0	17181
319	2015	55	DAL	EDM	1	5	71	63	16	13	22	39	0	16322
320	2015	55	ARI	COL	0	7	68	54	14	12	16	83	0	12163
321	2015	55	VAN	NJ	1	2	56	47	13	16	14	36	0	18606
322	2015	55	ANA	CGY	1	5	63	57	3	19	26	63	0	17174
323	2015	56	BUF	WPG	0	3	46	25	7	14	41	50	1	18442
324	2015	56	NYI	WSH	1	5	62	58	26	29	24	83	4	16170
325	2015	56	DET	PHI	1	7	49	54	8	11	24	45	2	20027
326	2015	56	TB	NYR	1	7	48	47	11	15	12	40	3	19204
327	2015	56	FLA	CAR	1	1	61	49	7	9	8	59	0	8119
328	2015	56	PIT	TOR	1	7	53	56	8	25	16	78	1	18645
329	2015	56	MIN	LA	0	4	50	42	14	18	12	39	0	19038
330	2015	56	COL	CHI	0	5	74	51	22	13	16	43	2	18007
331	2015	56	SJ	CGY	0	2	51	56	14	26	16	40	1	17353
332	2015	57	NSH	EDM	1	1	62	46	13	16	32	29	0	17113
333	2015	58	PHI	NYR	0	3	50	22	10	16	22	40	1	19969
334	2015	58	ANA	CHI	0	5	62	37	1	13	25	48	0	17355
335	2015	58	WSH	NYI	1	7	55	50	12	9	18	58	1	18506
336	2015	58	BOS	WPG	1	3	74	46	13	20	16	46	1	17565
337	2015	58	BUF	MTL	1	3	56	52	6	7	44	36	2	19070
338	2015	58	NJ	DET	0	9	57	57	7	6	24	28	4	16592
339	2015	58	PIT	CAR	0	6	57	48	9	7	18	55	2	18665
340	2015	58	CBJ	VAN	0	5	61	54	12	12	10	56	0	14121
341	2015	58	FLA	OTT	1	5	70	58	9	9	22	75	0	9758
342	2015	58	STL	EDM	1	7	57	67	14	13	16	38	0	17666
343	2015	58	DAL	MIN	0	9	79	65	21	26	12	33	0	18532
344	2015	59	TOR	WSH	1	8	60	40	22	26	44	70	4	19161
345	2015	59	MTL	BUF	0	7	70	60	10	25	4	55	0	21287
346	2015	59	TB	OTT	1	5	59	46	11	19	12	51	2	19204
347	2015	59	NYI	NJ	1	4	63	47	17	25	20	33	0	16170
348	2015	59	NYR	PHI	1	7	58	39	9	18	10	56	2	18006
349	2015	59	CAR	PIT	0	5	67	49	21	15	26	61	2	16225
350	2015	59	NSH	CBJ	1	3	64	46	8	14	16	39	1	16548
351	2015	59	MIN	STL	0	5	64	51	7	9	25	33	1	19124
352	2015	59	COL	DAL	1	7	71	45	31	9	32	39	2	15761
353	2015	59	ARI	CGY	0	3	55	44	5	9	8	73	1	13530
354	2015	59	LA	CHI	0	5	45	44	6	20	30	48	0	18471
355	2015	59	SJ	ANA	1	10	69	54	12	17	32	64	2	17352
356	2015	60	DET	VAN	1	8	63	57	9	19	18	43	3	20027
357	2015	61	NYR	TB	0	9	56	54	10	25	18	40	2	18006
358	2015	61	CBJ	FLA	1	3	48	46	13	9	10	64	1	12309
359	2015	61	COL	MTL	0	7	59	57	23	13	6	31	1	14038
360	2015	61	EDM	ARI	0	7	51	46	14	19	26	56	3	16839
361	2015	61	ANA	BOS	1	5	62	39	5	25	12	48	0	16457
362	2015	62	BUF	TB	1	3	49	50	8	8	8	33	0	17772
363	2015	62	NYI	OTT	1	5	46	46	16	20	6	49	0	13888
364	2015	62	PIT	NJ	1	1	52	43	14	11	30	54	0	18572
365	2015	62	WSH	VAN	0	7	57	55	15	17	14	47	3	18506
366	2015	62	CAR	NSH	1	3	58	54	30	18	6	45	0	9161
367	2015	62	TOR	DAL	1	8	78	49	19	29	24	57	1	19021
368	2015	62	DET	FLA	0	7	72	59	6	16	10	34	1	20027
369	2015	62	CGY	ARI	1	7	53	64	22	20	8	47	1	18837
370	2015	62	SJ	PHI	1	3	56	59	20	28	16	65	1	17159
371	2015	62	LA	BOS	1	2	66	48	4	23	10	64	0	18230
372	2015	63	MIN	MTL	1	3	54	49	15	14	25	34	0	19034
373	2015	63	CHI	STL	1	5	74	42	8	7	44	36	0	21514
374	2015	63	WPG	EDM	1	5	50	41	11	20	12	61	0	15016
375	2015	63	ANA	PHI	1	9	68	56	16	21	18	57	2	15691
376	2015	64	PIT	VAN	0	3	53	42	8	9	12	55	0	18463
377	2015	64	CAR	WSH	0	3	58	53	24	20	8	68	0	10783
378	2015	64	TOR	NJ	0	8	58	50	32	19	10	86	3	18877
379	2015	64	OTT	NYI	0	3	46	45	15	13	12	45	2	20511
380	2015	64	DET	DAL	1	7	53	54	9	10	12	40	2	20027
381	2015	64	TB	BUF	1	5	48	36	10	15	110	48	1	17767
382	2015	64	FLA	CBJ	0	7	75	63	13	7	26	69	1	7788
383	2015	64	NSH	STL	1	7	56	56	12	22	8	39	0	16409
384	2015	64	CGY	COL	1	7	54	68	40	26	8	34	1	18651
385	2015	64	ARI	LA	0	4	69	57	9	8	10	84	2	12254
386	2015	64	SJ	BOS	1	11	68	47	11	16	16	49	2	17404
387	2015	65	MIN	ANA	0	9	46	54	11	7	24	38	2	19044
388	2015	65	WPG	COL	1	8	59	44	8	18	72	45	1	15016
389	2015	65	CHI	MTL	1	7	77	53	2	15	18	34	2	22087
390	2015	66	PIT	OTT	1	5	62	36	8	7	55	58	2	18492
391	2015	66	LA	PHI	0	3	54	34	5	25	20	55	1	18230
392	2015	66	TOR	VAN	1	7	74	40	18	32	20	70	0	19346
393	2015	66	DET	NYR	1	5	63	40	8	9	18	38	0	20027
394	2015	66	TB	CBJ	0	4	54	46	19	14	22	44	1	17467
395	2015	66	FLA	BUF	1	5	65	49	5	7	16	84	0	8597
396	2015	66	NJ	WSH	0	5	63	62	15	17	16	28	1	15230
397	2015	66	NYI	STL	0	10	67	57	25	29	24	64	5	16170
398	2015	66	NSH	CHI	0	4	64	62	18	21	18	30	0	17212
399	2015	66	DAL	MTL	1	5	46	50	18	21	20	40	2	16098
400	2015	66	ARI	BOS	0	7	59	43	12	6	12	69	2	13114
401	2015	66	CGY	SJ	0	5	65	57	23	23	12	35	0	18818
402	2015	67	WPG	ANA	0	7	55	41	22	23	37	54	4	15016
403	2015	67	CAR	DET	0	4	57	36	17	11	14	33	0	13489
404	2015	67	OTT	VAN	1	7	78	45	7	17	50	51	1	16870
405	2015	67	EDM	SJ	1	3	45	50	7	24	22	61	1	16839
406	2015	68	NYR	PIT	1	7	64	48	12	22	10	49	0	18006
407	2015	68	CAR	NJ	0	3	56	48	15	7	10	51	1	9815
408	2015	68	STL	FLA	1	6	62	46	14	15	14	45	0	17330
409	2015	69	BUF	LA	1	1	50	36	9	4	12	53	1	18438
410	2015	69	NJ	CHI	0	5	63	56	17	14	8	27	0	16210
411	2015	69	CBJ	PHI	1	5	45	44	15	15	16	72	3	14196
412	2015	69	TOR	CGY	1	5	62	47	25	27	8	73	2	19122
413	2015	69	MTL	VAN	1	4	41	39	10	22	14	38	0	21286
414	2015	69	TB	WSH	0	8	71	39	12	14	14	44	1	17109
415	2015	69	MIN	NYI	1	9	49	50	18	10	30	31	2	18904
416	2015	69	DAL	WPG	0	7	60	40	21	24	22	65	2	15987
417	2015	69	COL	NSH	0	3	62	45	15	13	18	27	0	12689
418	2015	69	SJ	EDM	1	7	51	63	21	32	16	67	1	17007
419	2015	70	DET	TOR	0	3	61	51	7	8	16	43	0	20027
420	2015	70	ANA	EDM	1	3	56	53	3	9	12	67	1	16371
421	2015	71	BOS	CHI	0	5	55	59	24	15	24	47	0	17565
422	2015	71	BUF	CGY	1	7	64	60	9	12	22	29	1	18208
423	2015	71	PHI	NJ	1	5	54	47	5	14	12	49	2	19572
424	2015	71	WSH	CBJ	0	5	64	42	12	17	20	46	2	18506
425	2015	71	OTT	LA	0	8	71	45	16	14	22	68	1	17284
426	2015	71	TB	CAR	1	3	57	38	13	13	16	28	1	18104
427	2015	71	STL	NYI	1	9	61	60	20	9	18	40	2	18028
428	2015	71	COL	WPG	1	7	59	39	28	10	26	63	2	14300
429	2015	71	ARI	NSH	0	6	70	48	12	11	16	53	2	10194
430	2015	71	SJ	MIN	1	3	49	47	21	34	14	47	1	17097
431	2015	72	PIT	CGY	1	4	49	39	5	7	28	44	0	18471
432	2015	72	MTL	LA	1	8	66	47	14	25	16	51	2	21287
433	2015	72	DET	FLA	0	5	57	41	7	9	18	31	2	20027
434	2015	72	EDM	ANA	0	6	43	50	15	30	12	51	2	16839
435	2015	73	BOS	OTT	0	5	62	61	16	28	18	61	1	17565
436	2015	73	PHI	CAR	1	6	49	55	10	11	12	47	2	19609
437	2015	73	BUF	FLA	1	7	60	64	5	12	6	30	0	18450
438	2015	73	TOR	DET	1	5	69	44	22	22	28	55	2	19063
439	2015	73	NYI	CHI	1	5	66	44	23	19	8	71	1	16170
440	2015	73	WSH	TB	1	6	56	43	17	22	30	47	0	18506
441	2015	73	CBJ	PIT	1	7	63	44	9	6	88	65	1	18663
442	2015	73	WPG	ANA	0	5	59	38	15	25	18	66	2	15016
443	2015	73	DAL	NJ	1	7	67	59	18	31	18	38	1	16110
444	2015	73	ARI	MIN	0	7	65	50	10	6	16	68	3	13975
445	2015	73	COL	STL	0	5	67	53	16	6	32	37	2	17806
446	2015	73	VAN	NYR	0	6	53	56	13	9	2	32	0	18870
447	2015	73	SJ	NSH	1	2	63	64	10	17	52	60	0	17059
448	2015	74	TOR	LA	1	7	67	53	35	17	14	104	1	19219
449	2015	74	CHI	CGY	1	3	52	39	12	14	10	34	1	21572
450	2015	74	EDM	NYR	0	2	38	38	10	25	6	40	0	16839
451	2015	75	NYI	NJ	1	5	61	44	14	40	14	49	1	13408
452	2015	75	PIT	TB	1	6	56	43	6	7	18	60	2	18487
453	2015	76	PHI	TB	0	4	47	41	9	10	14	44	1	19576
454	2015	76	TOR	ANA	1	8	69	54	30	16	32	82	1	18953
455	2015	76	MTL	CAR	1	5	55	39	10	18	18	35	0	21286
456	2015	76	DET	CBJ	0	1	59	47	8	19	8	62	0	20027
457	2015	76	FLA	WSH	1	3	53	47	6	13	8	98	1	10012
458	2015	76	STL	LA	1	7	46	46	9	6	18	50	3	17212
459	2015	76	NSH	BOS	1	5	75	54	8	16	14	36	1	17113
460	2015	76	WPG	BUF	1	6	64	40	15	27	30	54	2	15016
461	2015	76	CHI	MIN	1	8	68	50	10	21	12	52	1	21472
462	2015	76	CGY	NYR	0	7	54	42	35	39	22	28	2	18352
463	2015	76	ARI	EDM	1	3	76	47	15	12	12	89	0	12085
464	2015	77	NJ	OTT	0	2	50	32	9	10	14	27	1	15379
465	2015	77	MIN	BOS	0	5	62	52	13	15	18	31	0	18841
466	2015	77	VAN	DAL	0	2	56	45	13	13	26	31	0	18755
467	2015	78	PHI	FLA	0	3	58	68	9	5	10	46	0	19582
468	2015	78	PIT	COL	1	1	77	54	6	7	18	58	0	18603
469	2015	78	CAR	TOR	1	5	63	53	15	15	12	53	1	12332
470	2015	78	CBJ	WSH	0	9	62	48	13	7	52	72	2	13722
471	2015	78	MTL	ANA	0	3	47	66	8	28	26	53	1	21286
472	2015	78	LA	STL	1	10	65	56	12	17	32	77	5	18230
473	2015	78	SJ	EDM	1	7	58	34	11	32	8	52	1	17399
474	2015	79	NJ	TB	1	5	46	49	10	17	20	30	1	14916
475	2015	79	OTT	ANA	1	8	65	57	14	18	10	73	1	19443
476	2015	79	DET	NYI	0	3	50	43	10	13	10	46	0	20027
477	2015	79	WPG	BOS	1	3	58	48	18	23	14	64	0	15016
478	2015	79	CGY	DAL	0	3	43	54	17	40	14	32	0	19289
479	2015	80	LA	ARI	1	6	52	44	6	16	16	62	2	18230
480	2015	80	BUF	COL	0	6	52	40	5	13	14	42	1	18831
481	2015	80	TOR	PHI	0	11	67	52	29	18	14	78	1	19343
482	2015	80	MTL	OTT	1	5	54	39	11	20	12	56	1	21287
483	2015	80	NJ	WSH	0	4	42	41	9	17	20	25	0	14776
484	2015	80	NYI	TB	1	4	69	39	33	37	10	71	0	16170
485	2015	80	PIT	FLA	1	4	80	50	6	8	76	55	1	18668
486	2015	80	CAR	NYR	0	5	54	54	29	27	12	74	1	13329
487	2015	80	CBJ	CHI	1	5	60	48	13	15	20	37	0	18164
488	2015	80	MIN	NSH	0	11	71	66	2	12	16	22	3	19017
489	2015	80	VAN	CGY	1	5	60	41	9	12	20	30	1	18747
490	2015	80	SJ	STL	1	5	50	62	18	24	4	58	1	17562
491	2015	81	DET	COL	0	3	58	55	11	22	12	49	2	20027
492	2015	81	EDM	DAL	0	11	74	64	19	19	22	61	2	16839
493	2015	81	BOS	BUF	1	7	65	53	11	10	41	54	2	17565
494	2015	81	NYR	CAR	1	1	49	51	15	12	8	32	0	18006
495	2015	81	CHI	TOR	1	4	65	48	15	21	8	56	1	22131
496	2015	81	WPG	PHI	0	7	51	53	6	35	14	72	0	15016
497	2015	82	WSH	OTT	1	3	62	41	15	26	34	58	1	18506
498	2015	82	CBJ	NSH	0	6	66	48	7	6	12	58	1	14573
499	2015	82	FLA	PIT	1	7	64	55	13	6	14	88	1	15947
500	2015	82	VAN	ARI	1	8	79	41	10	6	48	45	4	18794
501	2015	82	ANA	SJ	1	5	64	49	16	17	20	40	1	17405
502	2015	82	LA	CGY	0	7	62	62	9	32	8	64	3	18230
503	2015	83	BOS	NSH	1	8	50	51	11	17	22	43	1	17565
504	2015	83	NJ	CAR	0	3	52	45	9	14	20	34	0	16101
505	2015	83	NYI	MTL	0	4	59	48	11	22	14	31	0	16170
506	2015	83	NYR	WSH	1	6	59	44	22	15	20	51	3	18006
507	2015	83	MIN	PHI	0	7	54	58	11	11	16	42	1	19020
508	2015	83	DET	BUF	1	9	55	50	5	13	14	59	4	20027
509	2015	83	TB	PIT	1	7	56	46	12	26	22	47	0	19204
510	2015	83	EDM	ARI	0	6	49	46	11	34	30	46	0	16839
511	2015	83	CHI	WPG	0	6	65	52	19	7	18	50	1	22095
512	2015	83	DAL	TOR	0	4	69	56	16	29	40	37	1	18532
513	2015	83	COL	STL	1	5	67	44	24	9	22	32	2	17634
514	2015	87	BUF	NYI	1	7	62	56	8	10	18	46	0	19070
515	2015	87	OTT	DET	0	5	60	45	29	23	20	47	1	17194
516	2015	87	TB	CAR	1	3	64	47	15	19	22	37	0	19204
517	2015	87	NYR	NJ	1	4	48	35	12	15	14	46	1	18006
518	2015	87	PIT	WSH	0	3	65	45	6	11	18	75	0	18663
519	2015	87	CBJ	BOS	1	8	58	54	14	21	24	67	1	16795
520	2015	87	MIN	WPG	0	7	48	50	9	10	26	32	1	19177
521	2015	87	STL	DAL	0	7	57	62	10	3	30	40	3	19683
522	2015	87	NSH	PHI	1	5	65	43	9	13	22	28	3	17315
523	2015	87	ARI	ANA	1	3	65	57	7	12	4	84	0	13656
524	2015	87	COL	CHI	0	7	58	47	11	16	14	24	2	18085
525	2015	87	CGY	EDM	1	5	54	43	17	13	22	44	0	19289
526	2015	87	LA	SJ	1	4	51	44	6	23	12	60	2	18451
527	2015	88	FLA	TOR	1	10	56	48	7	5	14	59	2	17877
528	2015	88	ANA	VAN	1	3	45	49	14	22	20	38	0	17374
529	2015	89	BOS	DET	1	7	75	55	5	12	10	45	2	17565
530	2015	89	NJ	PIT	1	4	55	28	12	9	30	41	1	16592
531	2015	89	NYI	WSH	1	7	65	39	42	28	22	86	2	16170
532	2015	89	CAR	MTL	0	4	48	59	21	13	16	53	1	17123
533	2015	89	OTT	BUF	1	7	56	44	9	16	28	62	0	18284
534	2015	89	TB	TOR	1	5	64	38	17	13	12	35	1	19204
535	2015	89	STL	COL	1	3	41	35	10	6	4	48	0	19749
536	2015	89	WPG	MIN	0	5	61	55	9	26	14	43	2	15016
537	2015	89	CHI	NSH	1	9	82	46	19	16	22	29	2	22208
538	2015	89	DAL	NYR	1	5	57	55	18	23	16	36	2	18532
539	2015	89	CGY	LA	1	3	42	54	32	20	8	41	0	19289
540	2015	89	ARI	PHI	1	6	57	56	14	17	8	102	1	16521
541	2015	90	FLA	MTL	0	3	71	54	12	6	10	53	0	19614
542	2015	90	NSH	STL	1	5	75	54	8	23	14	38	0	17401
543	2015	90	EDM	LA	1	5	60	41	9	24	16	70	1	16839
544	2015	90	SJ	VAN	0	4	53	52	16	30	10	55	0	17562
545	2015	91	WPG	NYI	0	7	56	38	17	29	22	39	3	15016
546	2015	91	BUF	TB	0	6	36	52	6	6	10	36	2	19070
547	2015	91	BOS	TOR	0	7	49	54	17	14	12	62	2	17565
548	2015	91	PIT	CAR	1	3	64	37	18	9	14	55	0	18639
549	2015	91	CBJ	MIN	1	4	55	49	8	8	12	59	2	18040
550	2015	91	DET	NJ	1	4	41	36	12	7	14	31	0	20027
551	2015	91	FLA	NYR	0	7	54	48	10	7	14	55	2	15090
552	2015	91	ANA	SJ	0	3	55	43	12	21	36	43	1	17174
553	2015	91	DAL	ARI	1	6	63	48	13	24	10	59	1	18532
554	2015	91	COL	PHI	1	7	62	55	16	5	22	44	3	18007
555	2015	91	CGY	EDM	1	7	48	41	17	36	28	43	2	19289
556	2015	92	WSH	CHI	1	5	70	63	12	22	24	34	2	42832
557	2015	92	VAN	LA	0	5	56	52	13	19	10	43	2	18870
558	2015	93	BUF	FLA	0	2	63	63	7	10	4	53	1	19070
559	2015	93	NJ	MTL	0	6	50	44	7	15	14	36	1	16174
560	2015	93	PIT	TB	1	9	64	50	11	10	10	47	1	18655
561	2015	93	CAR	PHI	1	3	50	46	17	12	10	60	0	12682
562	2015	93	MIN	TOR	1	4	64	50	17	11	18	35	2	19168
563	2015	93	COL	EDM	1	3	56	63	19	10	28	36	1	16050
564	2015	93	CGY	NYI	0	3	47	53	22	26	10	33	1	19289
565	2015	93	ANA	STL	1	7	75	37	15	28	28	47	2	17174
566	2015	94	BOS	OTT	0	5	54	44	11	23	12	60	1	17565
567	2015	94	LA	NSH	0	13	55	61	7	14	18	58	1	18230
568	2015	94	NJ	PHI	1	7	38	44	12	6	50	52	2	15066
569	2015	94	NYR	BUF	1	7	64	45	10	19	16	29	3	18006
570	2015	94	PIT	MTL	0	5	64	51	8	15	14	59	0	18630
571	2015	94	WPG	TOR	1	6	61	48	10	26	26	51	1	15016
572	2015	94	DAL	MIN	1	8	57	54	13	19	92	44	2	18532
573	2015	94	ARI	CBJ	1	9	60	53	13	8	34	85	4	13159
574	2015	94	VAN	DET	1	5	54	49	13	15	26	16	2	18870
575	2015	94	SJ	STL	0	9	53	62	19	37	38	49	2	17562
576	2015	95	CAR	BOS	1	3	56	63	18	12	20	73	0	17212
577	2015	95	WSH	FLA	1	7	58	59	16	20	18	52	1	18506
578	2015	95	OTT	TB	0	6	52	41	18	26	26	31	1	16949
579	2015	95	CHI	DAL	1	9	72	50	12	21	4	65	1	21884
580	2015	95	COL	CBJ	0	7	56	52	15	11	12	51	0	14780
581	2015	95	ANA	NSH	1	7	63	52	13	25	14	58	2	16402
582	2015	95	EDM	NYI	1	7	56	44	18	23	12	56	2	16839
583	2015	96	WPG	SJ	0	5	56	39	15	22	20	71	3	15016
584	2015	97	NJ	BUF	1	5	49	44	13	12	18	48	1	15162
585	2015	97	PHI	OTT	1	3	76	60	12	14	24	53	1	19571
586	2015	97	MTL	TB	0	6	58	47	8	15	18	36	2	21286
587	2015	97	NSH	CAR	1	5	51	54	9	18	16	24	2	15706
588	2015	97	MIN	SJ	0	7	57	57	13	11	16	22	0	19043
589	2015	97	CHI	COL	0	2	78	48	9	19	12	54	0	21492
590	2015	97	DAL	CBJ	0	6	46	35	22	21	30	45	1	17123
591	2015	97	ARI	STL	0	6	62	51	8	3	22	82	3	10876
592	2015	97	EDM	DET	0	6	64	51	14	15	18	48	4	16839
593	2015	97	VAN	NYI	1	5	43	42	11	12	6	47	0	18562
594	2015	98	TOR	WSH	0	8	59	49	26	15	12	65	0	19047
595	2015	98	PIT	BOS	0	5	63	51	3	11	12	60	0	18650
596	2015	98	CGY	DET	0	5	52	48	20	27	12	36	1	19154
597	2015	98	ANA	NYR	0	5	55	56	14	22	8	46	1	17174
598	2015	99	BOS	NJ	1	3	57	49	8	20	18	42	1	17565
599	2015	99	PHI	WSH	1	5	61	48	11	18	10	60	2	19703
600	2015	99	CAR	BUF	1	7	51	52	26	25	14	64	1	9781
601	2015	99	STL	SJ	1	9	54	52	9	7	36	42	2	19220
602	2015	99	NSH	DAL	1	5	44	54	13	20	10	38	0	17113
603	2015	99	MIN	CHI	0	6	64	44	10	8	17	20	2	19060
604	2015	99	COL	OTT	1	7	59	49	17	6	12	37	1	14697
605	2015	99	ARI	WPG	1	5	65	44	6	9	24	90	3	11390
606	2015	99	VAN	FLA	0	4	63	39	10	21	28	24	0	18799
607	2015	99	LA	NYR	0	7	57	46	9	27	16	57	2	18230
608	2015	100	NJ	NYI	0	5	54	51	9	12	22	68	0	16592
609	2015	100	TOR	CBJ	1	7	52	51	15	19	10	60	3	18965
610	2015	100	TB	BUF	1	3	68	46	12	14	14	28	0	19204
611	2015	100	CGY	FLA	0	11	65	60	19	38	20	40	1	19289
612	2015	100	EDM	CHI	1	7	43	48	16	29	8	46	1	16839
613	2015	101	PHI	BOS	0	4	43	43	5	7	38	74	2	19907
614	2015	101	MIN	NSH	0	4	64	52	13	13	48	25	0	19052
615	2015	101	COL	DAL	1	7	70	53	7	14	18	36	0	18007
616	2015	101	MTL	PIT	0	3	65	38	15	23	12	57	1	21287
617	2015	101	WSH	DET	1	4	44	47	10	25	8	50	1	18506
618	2015	101	CBJ	NYI	0	7	58	36	9	4	22	68	1	16589
619	2015	101	ARI	OTT	0	6	65	40	12	11	18	59	2	14933
620	2015	101	STL	CAR	1	9	65	57	12	9	20	32	0	19411
621	2015	101	VAN	CGY	0	1	59	59	14	16	22	40	0	18870
622	2015	101	LA	WPG	0	9	54	55	8	21	26	74	3	18230
623	2015	101	SJ	NYR	0	4	63	49	17	22	12	46	1	17562
624	2015	102	EDM	FLA	0	6	60	49	22	29	18	41	0	16839
625	2015	102	CHI	MIN	1	5	72	45	13	8	8	25	0	21809
626	2015	102	ANA	WPG	1	9	75	55	14	22	36	62	2	17356
627	2015	103	PHI	TB	1	10	49	48	8	15	24	56	5	19598
628	2015	103	WSH	COL	1	3	70	55	9	24	14	53	2	18506
629	2015	103	LA	TOR	1	2	39	44	7	22	24	71	0	18230
630	2015	104	BOS	TB	1	7	53	45	23	23	42	42	0	17565
631	2015	104	BUF	DET	0	4	56	46	6	7	16	32	1	19070
632	2015	104	NYR	NYI	0	3	71	53	17	22	10	53	0	18006
633	2015	104	PIT	MIN	1	9	69	56	2	3	6	40	1	18642
634	2015	104	CAR	COL	1	5	76	59	32	23	4	52	0	12965
635	2015	104	STL	EDM	1	6	44	33	11	6	22	46	1	18279
636	2015	104	NSH	VAN	1	6	61	46	19	17	14	33	2	15726
637	2015	104	WPG	FLA	1	10	62	58	13	29	12	43	2	15016
638	2015	104	DAL	OTT	1	9	70	59	17	28	10	43	3	16213
639	2015	104	ARI	SJ	0	5	54	49	7	7	12	84	1	10631
640	2015	105	CBJ	MTL	0	5	47	48	18	14	22	55	4	14964
641	2015	105	WSH	PHI	1	1	47	51	13	19	10	49	0	18506
642	2015	105	ANA	TOR	1	4	53	47	4	3	10	50	1	16741
643	2015	105	LA	NJ	0	8	46	43	6	19	26	51	2	18230
644	2015	106	BOS	NYR	1	3	62	57	11	22	46	58	0	17565
645	2015	106	BUF	MIN	0	7	55	41	5	13	28	42	2	18963
646	2015	106	PHI	VAN	0	4	52	46	10	12	34	97	2	19571
647	2015	106	OTT	MTL	1	5	61	55	19	28	26	37	0	19893
648	2015	106	TB	EDM	1	5	51	45	13	12	10	46	1	18609
649	2015	106	FLA	COL	0	6	61	53	4	5	16	61	2	9584
650	2015	106	STL	DET	0	5	51	61	14	11	22	34	1	18543
651	2015	106	DAL	WPG	0	3	69	47	21	23	22	57	0	16221
652	2015	106	ARI	CGY	0	5	53	54	15	14	4	76	0	12982
653	2015	106	SJ	TOR	1	4	67	51	16	27	12	50	0	17562
654	2015	107	NYI	PIT	1	9	59	53	17	25	14	91	3	16170
655	2015	107	CAR	VAN	0	3	45	44	20	32	8	52	0	13093
656	2015	107	CBJ	NYR	0	3	62	42	7	13	32	40	0	16104
657	2015	107	NSH	WSH	1	7	64	59	16	14	14	45	3	17303
658	2015	107	CHI	WPG	0	6	68	47	13	9	48	59	1	22051
659	2015	107	ANA	NJ	1	6	55	55	6	24	30	55	2	17174
660	2015	108	BOS	CBJ	0	4	66	56	10	16	10	57	1	17565
661	2015	108	BUF	PHI	0	7	59	58	4	6	16	40	3	19070
662	2015	108	MTL	NYI	1	10	66	56	8	38	24	63	3	21287
663	2015	108	OTT	CAR	0	5	60	41	19	16	12	54	0	17434
664	2015	108	DET	NSH	1	7	60	50	8	15	10	55	3	20027
665	2015	108	TB	COL	1	5	73	56	15	11	18	53	1	19204
666	2015	108	FLA	EDM	0	5	71	43	11	6	14	61	0	10529
667	2015	108	STL	TOR	1	3	60	49	15	14	10	40	0	19626
668	2015	108	DAL	WSH	1	9	58	55	20	26	14	47	1	18532
669	2015	108	MIN	ARI	1	4	59	50	19	5	18	26	1	19111
670	2015	108	LA	ANA	0	5	59	67	4	26	20	77	2	18422
671	2015	108	SJ	CGY	0	7	45	63	18	34	6	42	1	17562
672	2015	109	PIT	NYR	0	7	65	49	4	12	18	71	2	18668
673	2015	109	CHI	DAL	0	9	75	62	7	14	20	24	2	22135
674	2015	109	WPG	ARI	1	7	61	51	7	37	22	65	1	15016
675	2015	109	DET	BUF	1	10	41	53	4	9	12	41	3	20027
676	2015	110	NYI	PHI	1	11	70	46	20	26	14	98	2	16170
677	2015	110	TOR	CAR	0	5	67	52	22	14	48	53	1	18979
678	2015	110	FLA	VAN	0	3	47	47	6	9	22	48	0	9373
679	2015	110	STL	COL	1	4	48	39	16	11	10	64	1	19187
680	2015	110	MIN	CBJ	0	4	49	47	8	19	12	34	2	19064
681	2015	110	LA	CGY	0	3	57	40	7	29	28	74	0	18230
682	2015	110	SJ	NJ	0	7	70	48	15	30	14	26	1	17562
683	2015	111	NYR	OTT	1	5	70	55	13	16	10	52	1	18006
684	2015	111	PHI	PIT	1	5	75	41	9	9	91	71	1	19982
685	2015	111	WSH	EDM	0	9	55	47	14	19	16	29	2	18506
686	2015	111	MTL	NSH	1	3	64	66	9	20	12	63	2	21287
687	2015	111	DET	MIN	1	9	62	55	8	9	14	40	3	20027
688	2015	111	TB	VAN	1	5	54	42	7	16	22	31	0	18517
689	2015	111	CHI	ARI	1	7	87	45	4	6	14	39	1	21427
690	2015	111	DAL	BOS	0	4	64	38	18	33	18	31	1	17432
691	2015	112	OTT	TOR	1	7	66	49	10	22	24	65	1	18894
692	2015	112	PIT	CHI	0	5	61	39	13	7	6	77	1	18655
693	2015	112	WPG	CBJ	1	4	58	49	11	15	16	53	0	15016
694	2015	112	COL	BOS	1	5	60	44	27	7	28	53	0	16832
695	2015	112	ANA	CGY	1	9	60	50	11	20	10	42	0	16828
696	2015	112	SJ	LA	1	6	52	49	17	26	30	87	3	17562
697	2015	118	NYI	NYR	1	5	79	48	24	42	34	81	2	16170
698	2015	118	PHI	ARI	1	7	69	60	8	18	6	97	1	19581
699	2015	118	PIT	WPG	1	8	52	43	6	8	20	112	2	18627
700	2015	118	CAR	TB	1	6	52	44	22	13	12	37	1	12508
701	2015	118	CBJ	WSH	1	7	58	40	11	10	16	52	0	16514
702	2015	118	MTL	DAL	1	5	68	45	12	20	29	40	2	21286
703	2015	118	FLA	DET	0	9	68	57	7	9	10	44	3	12190
704	2015	118	NSH	COL	1	7	63	61	12	20	18	37	1	15566
705	2015	118	CGY	BUF	1	5	49	48	24	24	12	41	2	18563
706	2015	118	EDM	MIN	0	3	53	47	13	34	14	30	0	16839
707	2015	118	VAN	ANA	0	4	41	49	11	18	12	30	1	18813
708	2015	119	NJ	TOR	1	3	53	45	9	8	20	35	0	15882
709	2015	119	WSH	PIT	1	4	63	52	13	18	54	47	1	18506
710	2015	119	LA	CHI	1	7	56	54	3	13	12	56	2	18525
711	2015	120	NYI	BOS	0	7	78	52	27	41	6	83	1	16170
712	2015	120	NYR	MTL	0	1	50	51	15	20	32	43	0	18006
713	2015	120	PHI	WPG	1	7	70	56	8	12	22	94	2	19673
714	2015	120	TOR	ARI	0	4	70	47	16	16	14	61	1	18837
715	2015	120	OTT	DAL	0	9	69	51	12	20	20	55	3	18752
716	2015	120	TB	DET	1	6	60	54	14	15	22	30	1	19204
717	2015	120	FLA	CBJ	1	5	64	35	7	8	24	64	0	7917
718	2015	120	STL	NSH	1	9	72	46	13	7	32	34	1	19477
719	2015	120	CGY	MIN	0	1	62	56	24	26	2	22	0	19289
720	2015	120	EDM	BUF	1	5	54	39	10	26	20	66	0	16839
721	2015	120	SJ	ANA	1	9	61	36	20	28	24	58	1	17562
722	2015	121	NJ	PIT	0	3	57	53	15	13	14	58	1	16592
723	2015	121	CAR	STL	0	5	60	54	28	16	4	76	1	13287
724	2015	121	COL	NSH	1	3	51	42	18	6	32	46	0	18064
725	2015	121	VAN	BUF	1	7	60	46	11	10	18	39	4	18570
726	2015	121	ANA	CHI	0	5	55	42	20	22	12	57	1	17497
727	2015	122	MTL	WSH	1	1	66	35	5	20	24	50	0	21286
728	2015	122	DET	NYI	1	5	42	43	7	17	18	56	3	20027
729	2015	122	OTT	ARI	1	9	68	57	13	18	28	47	0	18489
730	2015	122	BOS	LA	1	4	64	47	5	12	4	67	0	17565
731	2015	122	NJ	FLA	1	4	41	53	10	11	14	49	1	16278
732	2015	122	NYR	CAR	1	5	69	38	27	15	10	43	0	18006
733	2015	122	PHI	TOR	1	1	48	58	9	11	6	86	0	19872
734	2015	122	WPG	DAL	0	7	72	52	14	33	48	44	4	15016
735	2015	122	TB	CBJ	1	4	69	42	11	12	22	30	0	18477
736	2015	122	CGY	EDM	1	6	52	72	28	33	30	43	1	19289
737	2015	122	SJ	CHI	1	2	51	50	26	29	10	46	0	17562
738	2015	123	MTL	ARI	0	5	52	69	8	18	8	51	2	21286
739	2015	123	WSH	STL	0	7	76	42	12	10	29	71	2	18506
740	2015	123	PIT	NSH	0	4	45	38	6	9	16	61	1	18535
741	2015	123	VAN	MIN	0	6	57	52	6	10	26	34	1	18438
742	2015	124	NYR	FLA	1	9	74	51	9	12	14	41	2	18006
743	2015	124	CGY	WPG	1	7	47	55	15	19	12	37	1	18824
744	2015	124	SJ	EDM	0	9	77	61	23	35	6	60	1	17376
745	2015	125	NJ	OTT	1	3	39	36	11	15	8	51	0	11461
746	2015	125	NYI	FLA	0	6	64	50	32	29	6	58	2	14704
747	2015	125	WSH	LA	1	4	54	40	15	17	12	62	1	18506
748	2015	125	CBJ	ARI	0	5	60	67	10	9	22	52	3	14108
749	2015	125	MTL	BUF	0	5	52	58	8	27	6	59	0	21286
750	2015	125	STL	TB	1	3	49	50	12	8	14	36	0	17223
751	2015	125	NSH	TOR	1	7	60	60	11	17	14	35	1	15667
752	2015	125	MIN	CHI	1	3	67	53	15	11	14	34	0	19104
753	2015	125	DAL	COL	0	5	56	53	13	20	20	44	1	16521
754	2015	125	VAN	WPG	1	5	61	45	9	10	46	43	1	18509
755	2015	125	ANA	CAR	1	9	63	40	5	7	16	41	1	16274
756	2015	126	NYR	BOS	1	5	45	36	12	19	8	60	0	18006
757	2015	126	EDM	PIT	0	2	48	53	16	28	6	67	0	16839
758	2015	126	CGY	SJ	1	4	52	43	27	25	16	31	1	18781
759	2015	127	BUF	STL	0	3	53	44	3	7	6	35	0	18912
760	2015	127	PHI	NYI	0	5	48	55	9	16	14	95	0	19042
761	2015	127	OTT	WSH	0	3	55	37	17	14	18	49	0	16543
762	2015	127	FLA	LA	1	5	51	58	7	7	6	82	1	9624
763	2015	127	NSH	ANA	0	7	72	55	15	19	16	31	1	17113
764	2015	127	DAL	TB	0	8	65	50	19	17	18	41	1	16010
765	2015	127	COL	DET	0	3	57	49	19	9	20	45	1	18087
766	2015	127	ARI	CAR	0	3	70	47	12	11	8	73	0	12649
767	2015	127	VAN	SJ	0	6	72	58	8	16	14	27	1	18508
768	2015	128	NJ	TOR	1	5	51	38	10	18	10	49	1	15594
769	2015	128	WSH	ANA	1	5	59	57	14	22	6	61	1	18506
770	2015	128	CBJ	STL	1	8	66	53	13	6	18	67	1	16321
771	2015	128	WPG	CHI	0	3	43	53	5	20	22	57	0	15016
772	2015	128	CGY	PIT	0	4	51	39	35	37	14	30	0	19289
773	2015	129	NSH	NYR	1	5	55	56	15	14	6	36	1	17329
774	2015	129	TB	LA	0	6	57	53	14	9	18	49	0	19204
775	2015	129	BOS	NYI	1	3	76	53	12	23	24	63	2	17565
776	2015	129	BUF	DAL	1	5	64	58	6	7	8	30	2	18426
777	2015	129	TOR	EDM	1	6	60	54	27	20	20	71	1	19248
778	2015	129	MTL	NJ	1	8	67	60	4	26	12	41	3	21287
779	2015	129	OTT	CBJ	0	5	68	45	12	16	18	68	0	16891
780	2015	129	MIN	COL	1	1	47	58	11	3	10	34	0	19244
781	2015	129	ARI	DET	0	4	49	40	26	14	20	58	1	17125
782	2015	129	VAN	PIT	1	5	58	55	11	10	60	46	2	18870
783	2015	129	SJ	CAR	0	9	57	48	19	32	8	40	1	17139
784	2015	130	STL	CHI	0	6	55	50	11	10	16	41	1	19657
785	2015	130	FLA	NSH	0	5	61	58	7	3	14	60	2	10844
786	2015	130	WSH	PHI	0	4	39	49	19	15	26	67	2	18506
787	2015	130	BUF	NYI	0	5	41	41	3	8	14	51	1	18900
788	2015	130	TB	ANA	1	8	51	47	13	20	34	39	1	19204
789	2015	130	NYR	DAL	0	5	61	55	16	21	12	48	2	18006
790	2015	130	WPG	COL	1	8	57	46	7	25	36	48	2	15016
791	2015	130	BOS	MTL	0	4	69	74	17	20	6	58	0	17565
792	2015	131	NJ	EDM	0	3	38	43	8	12	12	54	1	11519
793	2015	131	CBJ	LA	0	7	70	57	3	5	14	73	0	14703
794	2015	131	MIN	VAN	1	8	57	57	13	18	28	29	2	18804
795	2015	131	CHI	ARI	0	5	67	61	10	12	12	39	1	21337
796	2015	131	SJ	CGY	0	5	61	44	18	30	12	38	1	17010
797	2015	132	BOS	DAL	0	8	76	50	19	21	25	39	0	17565
798	2015	132	BUF	OTT	0	3	62	41	5	6	36	51	2	19070
799	2015	132	NYI	EDM	1	5	64	51	25	26	14	83	2	15608
800	2015	132	TOR	NYR	0	9	73	60	20	24	8	63	1	18946
801	2015	132	MTL	PHI	1	3	65	51	10	23	6	45	0	21287
802	2015	132	FLA	ANA	1	8	59	45	9	9	40	61	4	8576
803	2015	132	STL	ARI	1	3	62	49	18	2	4	60	0	17312
804	2015	132	NSH	TB	1	5	61	61	20	20	22	38	0	16362
805	2015	132	WPG	MIN	1	3	64	53	14	18	14	55	0	15016
806	2015	133	PIT	DET	1	5	45	38	12	13	6	62	1	18580
807	2015	133	CHI	VAN	0	9	77	59	12	13	8	37	2	21346
808	2015	133	SJ	WSH	0	9	63	45	23	34	16	77	2	16956
809	2015	134	NYI	TOR	1	5	75	54	21	25	12	86	0	15388
810	2015	134	CAR	ANA	0	3	53	48	28	14	18	73	1	11991
811	2015	134	MTL	EDM	0	7	64	53	7	22	12	53	0	21286
812	2015	134	OTT	PIT	0	9	62	68	15	19	28	61	1	18826
813	2015	134	TB	STL	0	9	73	59	8	23	12	42	2	18926
814	2015	134	NSH	WPG	1	4	59	44	8	22	22	41	3	16135
815	2015	134	MIN	FLA	1	3	50	61	12	15	16	34	1	19055
816	2015	134	COL	NYR	0	9	60	52	24	10	18	36	1	17378
817	2015	134	LA	CGY	1	8	63	45	7	19	20	56	1	18230
818	2015	135	CBJ	PHI	1	7	58	41	9	5	8	57	1	16403
819	2015	135	CHI	NJ	1	4	61	38	9	20	12	40	1	22186
820	2015	135	DAL	FLA	1	2	65	51	16	16	31	33	0	18211
821	2015	135	ARI	SJ	0	6	62	61	12	13	14	54	2	16713
822	2015	135	VAN	BOS	1	7	48	39	10	17	12	42	0	18870
823	2015	136	OTT	EDM	1	9	69	47	18	14	28	73	2	17160
824	2015	136	MTL	TOR	1	3	61	45	9	23	63	52	1	21287
825	2015	136	DET	WPG	0	9	67	54	10	12	18	38	4	20027
826	2015	136	NYI	CBJ	1	9	83	45	24	30	30	65	0	15678
827	2015	136	NSH	NJ	1	4	60	59	19	22	12	26	1	17333
828	2015	136	MIN	CAR	1	9	51	50	9	14	14	18	0	19220
829	2015	136	ARI	NYR	0	6	67	43	13	16	4	72	0	14719
830	2015	136	COL	DAL	1	5	55	71	16	5	51	51	0	18087
831	2015	136	CGY	VAN	1	5	64	45	23	35	20	26	0	19289
832	2015	136	LA	WSH	1	4	58	54	12	15	10	71	0	18230
833	2015	137	CHI	PIT	1	3	69	66	16	12	12	69	0	22169
834	2015	137	FLA	STL	0	3	74	61	10	9	22	54	0	11859
835	2015	137	BUF	PHI	0	3	52	59	6	10	10	55	1	18759
836	2015	137	ANA	WSH	0	8	61	44	8	19	18	55	1	17252
837	2015	137	SJ	TB	0	7	68	44	20	40	12	41	1	17562
838	2015	138	NYI	NYR	0	11	85	52	25	43	12	72	0	16170
839	2015	138	OTT	CAR	0	9	68	44	15	8	16	45	3	16562
840	2015	138	DET	MTL	0	2	54	54	10	12	14	43	0	20027
841	2015	138	WPG	EDM	1	9	68	62	12	25	24	55	3	15016
842	2015	138	COL	ARI	1	7	51	53	16	7	8	64	1	14132
843	2015	138	CGY	BOS	1	7	54	57	23	23	12	28	1	19289
844	2015	138	VAN	MIN	1	5	51	38	15	22	4	25	0	18465
845	2015	138	LA	TB	1	5	51	30	3	23	8	63	0	18230
846	2015	139	NJ	BUF	1	3	60	50	9	15	14	56	1	13517
847	2015	139	PHI	CBJ	0	7	69	51	9	16	6	88	1	19082
848	2015	139	PIT	WSH	0	4	66	37	7	9	68	86	2	18602
849	2015	139	CAR	NYI	0	5	68	45	20	16	8	70	1	12665
850	2015	139	TOR	FLA	0	5	46	56	11	32	24	78	4	19098
851	2015	139	STL	DAL	0	5	50	46	10	7	20	34	1	18830
852	2015	139	NSH	SJ	1	6	80	49	12	20	10	36	1	16206
853	2015	140	OTT	MTL	1	6	83	47	7	14	20	64	1	18949
854	2015	140	CHI	DET	0	5	62	47	22	16	10	38	0	22112
855	2015	140	CGY	MIN	0	5	66	50	24	24	8	24	0	19277
856	2015	140	COL	LA	0	5	69	46	12	8	14	40	1	15786
857	2015	140	EDM	BOS	1	7	71	55	12	17	20	49	3	16839
858	2015	140	ANA	TB	0	5	57	54	12	17	10	51	0	17284
859	2015	141	NYI	NSH	1	7	72	52	40	21	26	65	1	16170
860	2015	141	NYR	VAN	0	9	62	54	17	23	26	46	1	18006
861	2015	141	PHI	BUF	0	5	70	49	14	12	18	74	1	19472
862	2015	141	PIT	CBJ	0	3	60	42	2	8	26	69	0	18597
863	2015	141	WSH	WPG	1	6	53	38	11	12	16	48	3	18506
864	2015	141	MTL	FLA	0	5	60	60	14	21	14	73	0	21286
865	2015	141	DAL	SJ	0	7	67	70	9	18	20	51	1	17568
866	2015	75	BUF	OTT	1	9	66	49	5	5	44	46	1	14578
867	2015	142	NJ	VAN	1	6	50	45	5	14	10	18	1	14822
868	2015	142	CAR	TOR	1	3	50	38	24	17	10	61	1	12563
869	2015	142	STL	BOS	1	6	42	37	14	5	30	48	1	19172
870	2015	142	CHI	COL	0	5	58	49	16	8	14	38	2	22103
871	2015	142	CGY	ANA	0	9	66	53	25	24	12	36	1	19289
872	2015	142	EDM	MIN	0	4	44	46	16	19	2	29	0	16839
873	2015	143	WSH	NYI	1	5	59	66	17	17	12	70	0	18506
874	2015	143	PHI	NSH	1	5	55	51	8	11	18	83	0	19680
875	2015	143	TOR	WPG	1	7	67	63	29	19	36	76	2	19359
876	2015	143	MTL	CBJ	1	4	56	44	5	23	34	71	1	21286
877	2015	143	OTT	FLA	1	5	61	47	23	14	22	67	0	16938
878	2015	143	NJ	CAR	1	4	51	46	13	12	14	19	0	15610
879	2015	143	EDM	ANA	0	3	48	44	11	24	6	68	1	16839
880	2015	143	STL	PIT	0	6	52	52	9	5	36	52	1	19621
881	2015	143	DAL	DET	0	13	70	64	21	20	20	48	2	18532
882	2015	143	ARI	TB	0	6	51	42	9	16	14	84	2	12997
883	2015	143	SJ	LA	0	3	61	54	18	25	10	94	0	70205
884	2015	144	PHI	WSH	1	5	51	45	5	12	28	79	2	19703
885	2015	144	CHI	BOS	0	8	58	49	17	19	30	63	3	22104
886	2015	144	BUF	NSH	0	3	55	42	3	15	30	43	1	19070
887	2015	144	NYI	VAN	0	4	61	35	24	32	12	72	2	16170
888	2015	144	PIT	FLA	1	6	61	39	11	9	12	47	1	18592
889	2015	144	COL	TB	1	9	50	53	18	9	28	41	0	17385
890	2015	144	NYR	CBJ	1	7	67	51	13	16	14	46	0	18006
891	2015	144	MIN	DAL	1	8	55	61	20	9	10	18	2	18754
892	2015	145	NJ	ARI	1	3	66	55	13	15	12	51	0	12159
893	2015	145	ANA	DET	1	7	63	54	11	29	18	60	1	17174
894	2015	146	BOS	VAN	0	3	69	57	12	21	16	53	0	17565
895	2015	146	NYI	ARI	1	6	67	52	34	33	12	87	0	15888
896	2015	146	NYR	CGY	1	1	50	58	10	21	14	43	0	18006
897	2015	146	CAR	PHI	1	5	59	55	7	18	12	55	2	11024
898	2015	146	CBJ	BUF	0	6	78	50	9	2	18	50	1	13671
899	2015	146	STL	MTL	0	7	52	53	13	9	12	44	1	19383
900	2015	146	NSH	COL	1	7	61	55	19	15	42	40	1	17113
901	2015	146	MIN	EDM	0	3	53	54	12	10	10	30	0	19044
902	2015	146	WPG	DAL	1	6	53	60	15	23	12	32	1	15016
903	2015	146	CHI	FLA	1	5	74	47	12	5	18	52	1	21526
904	2015	146	LA	DET	1	1	47	38	5	20	22	64	1	18203
905	2015	147	NJ	CGY	0	4	53	38	19	8	20	55	1	13662
906	2015	147	WSH	PIT	0	7	50	40	19	21	36	48	2	18506
907	2015	147	ANA	OTT	0	3	59	47	4	13	22	46	0	16673
908	2015	148	BUF	VAN	1	9	55	57	5	8	2	35	0	19070
909	2015	148	NYR	ARI	1	7	78	49	11	29	26	36	4	18006
910	2015	148	CBJ	MTL	0	7	54	43	13	10	8	51	0	12357
911	2015	148	TOR	PHI	1	5	66	42	23	16	24	70	3	18892
912	2015	148	FLA	CHI	0	3	49	45	8	3	14	73	0	17387
913	2015	148	NSH	MIN	0	6	59	63	19	23	8	37	0	17113
914	2015	148	WPG	STL	0	3	60	52	12	23	16	56	0	15016
915	2015	148	LA	OTT	0	1	63	50	6	21	14	69	0	18230
916	2015	148	SJ	DET	0	5	57	52	17	28	26	54	2	17562
917	2015	149	NJ	BOS	0	5	65	38	14	13	8	61	1	16592
918	2015	149	NYI	CGY	1	3	66	44	23	33	14	57	1	16170
919	2015	149	CAR	WSH	1	3	66	50	16	21	20	71	0	13415
920	2015	149	TB	CHI	1	4	57	51	16	14	16	36	2	19204
921	2015	149	DAL	COL	0	9	59	52	20	22	12	59	0	15431
922	2015	149	ANA	LA	1	6	54	61	11	21	4	77	0	17413
923	2015	150	FLA	BUF	1	8	61	40	3	4	20	54	2	10374
924	2015	150	NSH	DET	0	7	65	53	20	17	30	37	2	17361
925	2015	150	NYI	CAR	0	8	65	49	33	38	24	48	2	16170
926	2015	150	CBJ	NJ	0	2	52	36	7	3	24	54	0	17814
927	2015	150	BOS	ARI	1	5	66	47	12	14	12	45	1	17565
928	2015	150	MTL	TOR	1	4	53	39	9	36	16	67	0	21287
929	2015	150	PHI	NYR	1	6	70	54	5	13	12	72	0	19979
930	2015	150	COL	MIN	0	4	66	48	9	2	62	34	0	18087
931	2015	150	EDM	STL	0	3	49	46	19	22	6	49	0	16839
932	2015	150	SJ	OTT	0	6	61	48	21	29	14	60	3	17562
933	2015	151	WPG	LA	1	7	49	55	12	21	52	60	0	15916
934	2015	151	FLA	TB	1	7	49	48	10	11	24	61	1	10336
935	2015	151	PIT	CBJ	1	8	66	48	9	12	35	49	4	18581
936	2015	151	WSH	TOR	1	4	64	48	20	26	20	54	1	18506
937	2015	151	DAL	ANA	0	4	62	57	26	23	18	40	1	17657
938	2015	151	VAN	STL	1	11	70	52	11	8	42	75	1	18870
939	2015	152	NYR	NSH	1	5	66	58	24	8	6	24	0	18006
940	2015	152	CHI	CAR	1	7	55	53	15	20	6	51	0	21641
941	2015	152	SJ	MTL	1	4	57	60	20	23	16	53	2	17236
942	2015	153	NJ	NSH	1	4	57	43	10	19	8	33	1	13012
943	2015	153	PHI	CGY	0	5	63	61	8	18	8	72	0	19513
944	2015	153	CBJ	WSH	0	8	63	53	6	6	80	41	2	12915
945	2015	153	TB	BUF	1	3	63	46	11	15	18	56	2	18922
946	2015	153	FLA	TOR	0	5	76	70	11	5	8	55	2	10198
947	2015	153	MIN	OTT	1	5	71	49	16	8	14	30	0	19054
948	2015	153	DAL	NYI	1	5	72	48	8	21	29	59	0	17453
949	2015	153	ARI	ANA	0	5	65	55	14	11	18	49	0	11387
950	2015	153	EDM	LA	0	7	52	35	14	19	14	54	1	16839
951	2015	153	VAN	SJ	0	8	58	41	11	8	22	34	1	18535
952	2015	154	WPG	OTT	0	4	56	59	4	25	10	52	1	15016
953	2015	154	DET	NYR	1	3	71	48	11	16	14	36	2	20027
954	2015	154	COL	PIT	1	4	51	49	21	6	8	46	1	16905
955	2015	154	ANA	MTL	1	4	71	62	8	21	16	56	1	17174
956	2015	155	BOS	CGY	0	7	69	56	11	24	16	42	2	17565
957	2015	155	PHI	STL	1	4	60	47	9	14	6	82	0	12531
958	2015	155	WSH	MIN	0	3	55	58	18	18	6	54	1	18506
959	2015	155	TB	TOR	1	6	58	54	10	16	26	46	1	19204
960	2015	155	FLA	DAL	0	7	56	58	18	10	18	77	0	8510
961	2015	155	NSH	NYI	0	7	57	47	17	15	6	40	1	17113
962	2015	155	ARI	VAN	1	5	69	60	12	14	18	74	0	12589
963	2015	155	LA	MTL	1	7	47	50	9	24	26	71	2	18230
964	2015	156	NJ	CBJ	0	5	47	52	19	9	24	32	1	16213
965	2015	156	CAR	MIN	0	4	57	50	15	25	6	70	0	10857
966	2015	156	OTT	BUF	1	5	63	53	16	20	10	69	0	18241
967	2015	156	DET	CGY	0	7	59	48	15	8	8	43	2	20027
968	2015	156	CHI	EDM	1	3	86	60	25	10	8	64	0	22017
969	2015	156	ANA	PIT	0	7	50	50	9	22	16	62	0	17310
970	2015	157	BOS	PHI	1	5	68	47	7	15	12	54	3	17565
971	2015	157	TOR	STL	0	7	68	47	36	15	48	70	1	19108
972	2015	157	TB	DAL	1	9	63	39	9	14	12	38	3	19204
973	2015	157	FLA	NYI	1	7	46	55	25	9	16	82	1	14474
974	2015	157	WSH	BUF	1	7	62	45	9	12	22	48	2	18506
975	2015	157	CBJ	COL	0	4	77	49	5	8	16	48	2	16599
976	2015	157	NSH	WPG	0	4	47	58	11	16	12	52	0	17113
977	2015	157	ARI	MTL	0	2	63	56	14	7	10	69	0	14094
978	2015	157	LA	PIT	0	1	49	42	9	29	16	73	0	18487
979	2015	157	SJ	VAN	0	5	74	53	11	33	30	52	2	17562
980	2015	158	CAR	EDM	1	11	55	55	19	23	20	66	5	12826
981	2015	158	NJ	PHI	1	7	48	40	14	7	18	54	1	16592
982	2015	158	MIN	COL	0	5	55	49	7	14	20	19	1	19119
983	2015	158	OTT	CGY	1	9	88	54	23	17	18	52	1	16840
984	2015	158	BOS	DET	1	8	69	43	3	16	20	41	3	17565
985	2015	158	CHI	NYR	0	1	65	41	13	9	8	33	0	22160
986	2015	159	TOR	NYI	0	7	68	60	21	17	18	75	1	18984
987	2015	159	DET	EDM	1	7	64	34	9	14	16	43	2	20027
988	2015	159	VAN	ANA	1	3	46	41	9	8	16	43	0	18557
989	2015	159	ARI	NSH	0	3	68	54	11	9	40	78	1	11227
990	2015	159	SJ	PIT	1	3	70	47	21	39	20	49	0	17336
991	2015	160	NYI	NYR	0	3	52	45	28	42	16	63	0	16170
992	2015	160	PHI	DAL	0	3	65	41	8	12	12	63	0	18723
993	2015	160	CAR	CBJ	0	7	64	56	13	23	16	84	5	10418
994	2015	160	MTL	TB	0	1	55	52	14	29	10	54	0	21286
995	2015	160	OTT	BOS	0	4	62	43	21	28	16	58	1	18961
996	2015	160	STL	WPG	1	9	43	49	15	5	60	59	2	19297
997	2015	160	MIN	NJ	1	8	70	53	13	5	8	18	1	19034
998	2015	160	COL	LA	0	7	53	50	23	8	12	49	1	15724
999	2015	161	TOR	BUF	1	7	67	51	34	16	14	75	1	18844
1000	2015	161	WSH	NYR	0	4	60	54	17	18	16	64	1	18506
1001	2015	161	CGY	ANA	1	9	55	49	25	25	28	27	3	19289
1002	2015	162	BOS	TB	1	5	67	43	18	15	26	52	0	17565
1003	2015	162	PIT	EDM	1	10	63	49	15	6	28	46	3	18662
1004	2015	162	CAR	DAL	0	8	50	45	27	24	10	62	0	10025
1005	2015	162	MTL	OTT	0	7	57	47	12	26	16	42	2	21287
1006	2015	162	DET	CBJ	0	4	68	51	8	15	28	43	2	20027
1007	2015	162	FLA	WPG	1	6	40	41	8	8	8	64	1	9819
1008	2015	162	STL	PHI	1	1	63	42	11	3	12	44	0	19600
1009	2015	162	COL	NJ	1	3	53	46	21	6	10	48	0	14607
1010	2015	162	VAN	LA	0	4	39	50	10	15	20	37	1	18663
1011	2015	162	ARI	CHI	0	3	62	41	13	10	18	52	2	17534
1012	2015	162	SJ	NSH	1	2	56	49	11	19	14	46	2	17562
1013	2015	163	NYI	OTT	0	3	63	62	36	38	8	52	0	16170
1014	2015	163	WSH	DAL	0	6	51	44	7	14	20	47	3	18506
1015	2015	163	CBJ	EDM	1	9	66	49	11	16	28	53	4	14317
1016	2015	163	MIN	ANA	0	3	57	41	12	11	28	36	1	19045
1017	2015	163	CGY	TOR	1	9	56	49	20	11	39	31	2	19289
1018	2015	164	PHI	DET	1	9	69	48	7	15	24	58	4	19701
1019	2015	164	PIT	BOS	0	2	60	48	9	7	14	90	0	18651
1020	2015	164	SJ	CHI	0	8	65	61	14	29	14	39	3	17562
1021	2015	164	BUF	NYR	0	2	53	40	7	8	22	34	0	19070
1022	2015	164	TB	WPG	0	3	45	50	14	17	41	43	1	19204
1023	2015	164	NYI	MTL	0	4	66	48	31	31	16	58	1	16170
1024	2015	164	CAR	FLA	0	2	49	45	21	36	16	55	1	11790
1025	2015	164	VAN	TOR	1	5	64	40	12	11	44	43	0	18870
1026	2015	164	STL	MIN	0	4	61	53	9	4	14	40	0	19638
1027	2015	164	ARI	NJ	0	5	60	42	8	3	22	79	1	12425
1028	2015	164	COL	CGY	1	5	57	50	12	4	6	45	1	18007
1029	2015	164	LA	NSH	0	3	47	43	7	17	12	68	2	18230
1030	2015	165	NYR	FLA	1	3	73	47	22	18	10	38	0	18006
1031	2015	165	CBJ	CAR	0	5	51	42	4	5	18	47	2	15258
1032	2015	165	DAL	STL	0	3	49	52	16	18	20	46	1	18532
1033	2015	165	OTT	PHI	1	3	56	50	13	22	14	63	0	17730
1034	2015	165	PIT	DET	0	6	68	51	8	1	76	62	1	18668
1035	2015	165	WSH	BOS	1	2	70	54	12	16	10	64	1	18506
1036	2015	165	ANA	NSH	1	6	55	61	10	22	20	59	2	17295
1037	2015	166	BUF	WSH	0	7	71	51	7	6	14	47	3	19070
1038	2015	166	TB	MTL	1	6	68	62	9	16	50	48	3	19204
1039	2015	166	EDM	TOR	1	5	61	48	12	21	40	41	3	16839
1040	2015	166	LA	ARI	1	1	60	39	3	20	10	79	0	18230
1041	2015	167	BOS	BUF	0	3	69	48	18	25	8	61	1	17565
1042	2015	167	NJ	PIT	1	2	54	52	15	18	8	28	0	15848
1043	2015	167	CAR	OTT	0	3	69	56	38	24	28	71	1	13469
1044	2015	167	FLA	MTL	0	5	68	51	10	4	20	57	0	18245
1045	2015	167	NSH	MIN	0	5	48	47	14	13	8	42	0	17209
1046	2015	167	WPG	SJ	1	7	62	50	10	17	26	34	2	15016
1047	2015	167	CHI	NYI	1	5	69	54	13	18	19	56	0	22080
1048	2015	167	CGY	STL	0	4	51	51	40	24	14	37	0	19289
1049	2015	167	VAN	PHI	1	5	63	52	17	14	20	64	0	18870
1050	2015	168	NYR	CHI	0	1	56	53	11	24	8	36	0	18006
1051	2015	168	EDM	CBJ	0	7	67	54	7	29	18	53	1	16839
1052	2015	168	ANA	LA	1	5	57	46	3	16	16	64	1	17174
1053	2015	169	TOR	SJ	0	5	70	53	19	13	16	68	1	18926
1054	2015	169	MTL	CAR	1	4	53	53	7	21	8	41	0	21286
1055	2015	169	OTT	BOS	1	10	67	39	18	25	12	53	1	19270
1056	2015	169	FLA	DET	1	4	59	50	9	9	10	55	0	11458
1057	2015	169	MIN	WSH	0	5	57	39	11	9	22	27	1	19044
1058	2015	169	WPG	STL	1	3	67	51	12	32	18	59	0	15016
1059	2015	169	DAL	PIT	1	3	58	49	20	15	28	47	1	18532
1060	2015	169	CGY	PHI	1	5	53	53	28	18	16	43	2	19289
1061	2015	169	VAN	CBJ	0	8	73	56	14	19	16	22	1	18668
1062	2015	169	ARI	COL	0	7	59	54	13	9	6	77	0	11684
1063	2015	170	BUF	NJ	0	4	56	37	8	9	10	45	1	19070
1064	2015	170	TB	DET	1	4	63	48	13	12	14	37	1	19204
1065	2015	170	ANA	COL	1	5	64	42	15	22	8	57	0	17313
1066	2015	171	MIN	STL	1	9	57	39	22	9	16	29	3	19204
1067	2015	171	CGY	CBJ	0	5	66	69	32	22	32	43	1	19289
1068	2015	171	LA	VAN	0	5	68	40	6	19	29	66	2	18230
1069	2015	171	MTL	SJ	1	2	58	52	7	30	8	51	0	21286
1070	2015	171	OTT	TOR	1	8	66	50	11	17	32	55	1	19194
1071	2015	171	FLA	BOS	1	3	52	49	11	4	12	82	1	17044
1072	2015	171	NJ	NYI	0	3	56	45	9	10	4	70	0	16592
1073	2015	171	CAR	NYR	0	5	59	50	22	21	8	74	1	13404
1074	2015	171	WPG	WSH	1	3	52	35	14	26	16	56	0	15016
1075	2015	171	NSH	BUF	1	3	67	53	14	20	10	32	1	17113
1076	2015	171	DAL	CHI	1	4	62	40	26	15	10	41	2	18532
1077	2015	171	ARI	PIT	0	4	68	51	10	19	18	84	1	15581
1078	2015	171	EDM	PHI	1	9	65	43	11	26	12	51	1	16839
1079	2015	172	DET	STL	1	3	49	42	6	11	50	40	2	20027
1080	2015	172	TB	BOS	1	8	47	42	19	21	20	40	2	19204
1081	2015	172	NYR	ANA	1	9	67	58	8	17	10	47	1	18006
1082	2015	172	ARI	VAN	0	4	71	56	9	12	6	65	1	12405
1083	2015	173	NJ	LA	0	4	53	43	12	13	12	35	1	15721
1084	2015	173	CAR	CHI	0	4	69	53	29	22	2	64	0	13786
1085	2015	173	TOR	MIN	0	3	68	51	22	19	24	65	0	18366
1086	2015	173	OTT	SJ	1	7	68	54	11	15	4	59	1	18193
1087	2015	173	DAL	BUF	1	7	67	53	17	19	10	47	2	18113
1088	2015	173	CGY	COL	1	5	53	56	27	15	8	22	0	18613
1089	2015	173	EDM	WPG	0	5	58	44	16	27	18	44	2	16839
1090	2015	174	NYI	MIN	0	3	70	51	35	42	4	51	0	16170
1091	2015	174	NYR	LA	0	6	71	58	16	16	6	68	0	18006
1092	2015	174	PIT	STL	0	5	61	49	10	7	20	73	0	18631
1093	2015	174	CBJ	ANA	1	8	67	57	3	2	40	47	2	14044
1094	2015	174	DET	ARI	0	9	59	54	6	15	20	39	3	20027
1095	2015	174	TB	FLA	1	7	61	50	13	16	4	43	0	18729
1096	2015	174	NSH	MTL	1	5	60	53	21	21	8	45	1	17113
1097	2015	174	VAN	WPG	1	7	58	58	16	13	6	58	1	18870
1098	2015	175	PHI	CHI	1	5	68	50	10	17	16	39	2	19831
1099	2015	175	EDM	COL	1	7	78	56	9	15	12	34	2	16839
1100	2015	175	CGY	DAL	0	7	64	48	41	27	22	21	1	19289
1101	2015	176	BOS	ANA	0	5	61	59	10	23	20	76	2	17565
1102	2015	176	BUF	ARI	0	7	77	39	4	3	16	29	3	19070
1103	2015	176	NYI	LA	0	5	64	42	17	25	8	71	1	16170
1104	2015	176	WSH	NJ	1	5	55	53	12	23	16	61	0	18506
1105	2015	176	CAR	PIT	1	7	57	50	36	15	18	59	1	13738
1106	2015	176	TOR	FLA	0	5	53	53	18	18	26	58	0	18831
1107	2015	176	OTT	NYR	0	6	56	50	9	22	16	46	0	17753
1108	2015	176	DET	SJ	0	10	64	55	4	17	14	35	0	20027
1109	2015	176	TB	NSH	0	5	49	43	9	18	22	34	0	19204
1110	2015	176	WPG	MTL	1	7	63	58	9	20	28	47	0	15016
1111	2015	176	VAN	COL	0	5	72	38	10	17	26	37	3	18870
1112	2015	177	MIN	CGY	1	6	61	50	15	15	6	18	1	19040
1113	2015	177	CHI	CBJ	0	7	60	43	11	22	12	63	0	22187
1114	2015	177	EDM	DAL	1	4	57	51	22	26	12	47	0	16839
1115	2015	178	WSH	NSH	0	7	55	53	11	25	20	62	0	18506
1116	2015	178	BOS	NYR	1	6	62	69	8	17	31	69	0	17565
1117	2015	178	NYI	ANA	0	5	55	38	22	19	8	66	0	16170
1118	2015	178	PHI	SJ	0	5	62	59	8	20	34	54	2	18783
1119	2015	178	PIT	ARI	1	5	70	45	11	12	47	66	2	18627
1120	2015	178	DET	TB	1	4	46	38	5	8	44	35	0	20027
1121	2015	178	TOR	OTT	1	7	56	52	14	14	18	66	2	18906
1122	2015	178	MTL	FLA	1	5	48	55	5	27	14	63	3	21287
1123	2015	178	CAR	NJ	1	4	54	56	30	18	8	73	1	12578
1124	2015	178	STL	CBJ	0	6	48	49	11	9	14	40	2	19431
1125	2015	178	MIN	LA	1	5	52	53	17	9	20	20	1	19204
1126	2015	178	COL	BUF	1	8	60	49	15	5	12	52	0	18007
1127	2015	178	VAN	DAL	0	7	76	59	15	16	22	34	2	18595
1128	2015	179	NYR	WSH	0	7	56	36	24	12	16	43	1	18006
1129	2015	179	OTT	FLA	0	6	64	43	21	20	26	64	3	19045
1130	2015	179	NYI	DET	1	9	52	39	22	25	18	38	4	16170
1131	2015	179	CAR	BOS	0	3	61	64	20	18	12	82	0	14275
1132	2015	179	NSH	CGY	0	7	59	50	19	18	4	32	0	17113
1133	2015	179	NJ	ANA	0	3	52	54	11	12	6	52	0	15987
1134	2015	179	PIT	SJ	1	5	65	56	7	5	16	47	2	18620
1135	2015	179	WPG	CHI	0	7	58	42	9	26	14	56	3	15016
1136	2015	180	MTL	TB	0	8	72	46	4	28	20	64	2	21286
1137	2015	180	STL	VAN	0	5	46	48	10	12	6	41	0	19204
1138	2015	180	CHI	LA	1	5	72	59	9	4	6	64	1	21848
1139	2015	180	DAL	CGY	0	8	61	61	17	21	14	38	2	17898
1140	2015	180	COL	EDM	0	5	66	52	10	11	2	29	0	15493
1141	2015	180	ARI	BUF	0	5	65	51	12	6	10	62	1	13612
1142	2015	181	BOS	FLA	1	5	53	51	10	13	14	55	1	17565
1143	2015	181	WSH	CAR	1	6	45	50	19	15	4	52	0	18506
1144	2015	181	CBJ	NJ	1	5	57	35	14	3	12	63	2	14524
1145	2015	181	TOR	TB	1	4	69	44	24	19	22	59	2	18857
1146	2015	181	DET	OTT	0	3	51	51	6	9	24	40	0	20027
1147	2015	181	NSH	VAN	0	9	63	55	14	11	47	37	3	17113
1148	2015	181	WPG	NYR	0	5	58	51	14	28	10	33	1	15016
1149	2015	182	BUF	TOR	1	7	58	38	6	10	18	24	1	19070
1150	2015	182	PIT	PHI	0	5	56	42	5	11	18	51	1	18664
1151	2015	182	ANA	EDM	1	6	50	49	10	26	12	38	0	17174
1152	2015	182	SJ	COL	1	6	50	53	15	39	6	50	1	17562
1153	2015	183	CBJ	NYI	1	7	67	52	9	6	8	42	0	15361
1154	2015	183	MTL	WSH	0	9	46	60	11	26	16	59	4	21287
1155	2015	183	OTT	TB	1	3	63	52	16	21	22	45	1	18097
1156	2015	183	DET	BOS	0	5	62	43	4	8	16	43	2	20027
1157	2015	183	FLA	CAR	1	7	67	55	10	9	6	46	1	9827
1158	2015	183	STL	CGY	1	5	61	51	9	8	45	40	1	19308
1159	2015	183	MIN	NYR	0	5	54	48	11	6	16	18	1	19244
1160	2015	183	CHI	VAN	1	4	74	51	14	10	10	40	0	21901
1161	2015	183	LA	EDM	1	10	63	59	6	17	8	55	2	18230
1162	2015	184	BUF	CHI	0	7	74	55	8	6	26	27	1	19070
1163	2015	184	NJ	MTL	1	5	51	41	13	17	31	32	1	16592
1164	2015	184	DAL	STL	0	12	53	65	16	15	18	52	0	18532
1165	2015	184	ANA	COL	0	6	60	42	6	24	16	49	1	17201
1166	2015	184	SJ	ARI	1	4	58	53	15	22	20	42	0	17562
1167	2015	185	CAR	PHI	1	5	49	46	24	12	10	80	1	12852
1168	2015	185	CBJ	PIT	1	8	71	55	3	8	10	60	0	18513
1169	2015	185	WPG	VAN	1	9	66	59	14	31	18	52	1	15016
1170	2015	185	BOS	TOR	1	3	78	54	10	23	10	60	0	17565
1171	2015	185	OTT	WSH	1	7	60	65	7	16	22	57	2	19961
1172	2015	185	FLA	TB	0	4	56	43	8	8	10	55	1	11072
1173	2015	185	NYI	BUF	1	3	57	33	15	21	26	47	1	16170
1174	2015	185	NYR	NJ	1	7	68	54	17	13	14	46	0	18006
1175	2015	185	MIN	DET	0	5	46	42	13	10	14	38	2	19246
1176	2015	185	NSH	DAL	0	7	60	63	19	18	6	36	1	17113
1177	2015	185	ARI	SJ	1	8	81	47	7	15	20	74	4	14752
1178	2015	185	EDM	CGY	0	4	56	57	14	24	2	46	1	16839
1179	2015	185	LA	COL	1	4	36	41	6	23	2	63	0	18230
1180	2015	186	DET	WSH	0	3	64	42	4	11	14	29	2	20027
1181	2015	186	FLA	MTL	0	5	53	50	3	6	22	52	2	14112
1182	2015	186	TOR	OTT	1	5	83	51	38	18	18	55	2	18919
1183	2015	186	PHI	PIT	1	5	67	46	11	20	26	84	4	18435
1184	2015	186	CHI	STL	0	3	72	49	9	10	10	77	1	22017
1185	2015	187	BUF	CAR	1	7	77	63	6	14	0	16	0	19070
1186	2015	187	NYR	CBJ	1	7	74	54	18	23	12	41	0	18006
1187	2015	187	MIN	WPG	0	2	66	50	11	9	14	45	1	19010
1188	2015	187	VAN	LA	1	3	75	65	10	13	8	35	0	18870
1189	2015	187	SJ	DAL	0	6	49	38	14	30	32	35	3	17562
1190	2015	188	NJ	NYR	0	6	61	41	17	11	18	27	2	16592
1191	2015	188	PHI	NYI	1	9	67	56	2	11	26	45	2	17927
1192	2015	188	OTT	PIT	1	7	72	49	13	35	12	55	0	20263
1193	2015	188	DET	CAR	1	5	57	53	5	14	4	32	1	20027
1194	2015	12	TB	MTL	1	8	58	61	8	15	24	39	2	17622
1195	2015	188	STL	WPG	0	1	61	50	12	6	34	55	0	19616
1196	2015	188	CHI	MIN	0	3	63	50	15	7	2	46	0	21851
1197	2015	188	COL	NSH	1	5	65	49	23	3	12	20	1	13561
1198	2015	188	CGY	ARI	1	5	56	61	28	26	8	32	1	19289
1199	2015	188	EDM	LA	1	6	49	44	19	18	20	71	2	16839
1200	2015	189	CBJ	TOR	1	5	68	46	18	9	10	34	1	15631
1201	2015	189	WSH	BOS	1	3	60	57	18	25	6	57	0	18506
1202	2015	189	ANA	DAL	0	4	51	54	11	19	8	41	1	17252
1203	2015	190	NYR	OTT	0	3	53	42	11	8	6	44	0	18006
1204	2015	190	PHI	CAR	0	4	55	48	10	16	54	56	1	17348
1205	2015	190	MTL	DET	1	7	53	45	11	35	16	46	1	21287
1206	2015	190	TB	NJ	1	7	55	31	9	13	20	41	4	19204
1207	2015	190	FLA	BOS	1	6	66	55	10	12	32	53	2	11778
1208	2015	190	STL	CHI	1	3	47	44	16	3	18	48	1	19751
1209	2015	190	NSH	MIN	0	6	61	53	15	17	10	36	1	17236
1210	2015	190	COL	WPG	1	1	62	35	22	3	8	33	0	14802
1211	2015	190	CGY	LA	1	4	59	57	33	27	2	56	0	19289
1212	2015	190	EDM	SJ	0	4	79	56	17	21	9	39	0	16839
1213	2015	190	VAN	ARI	1	5	60	38	12	18	20	26	3	18796
1214	2015	191	PIT	NYI	0	4	64	41	3	11	6	76	0	18673
1215	2015	191	CBJ	BUF	1	6	65	55	14	10	8	51	1	17855
1216	2015	192	PHI	OTT	0	4	57	47	11	17	12	64	1	17027
1217	2015	192	WSH	NYR	0	6	58	42	12	19	34	50	2	18506
1218	2015	192	WPG	CGY	1	6	47	55	4	15	12	44	0	15016
1219	2015	192	LA	SJ	1	5	57	42	5	20	16	49	1	18230
1220	2015	192	BUF	PIT	0	2	66	70	13	14	4	52	0	19070
1221	2015	192	TOR	MTL	0	7	55	60	25	25	44	49	0	19308
1222	2015	192	FLA	NJ	1	5	60	44	6	7	43	37	1	12236
1223	2015	192	NYI	CBJ	0	9	89	57	31	34	34	52	1	16170
1224	2015	192	CAR	DET	0	2	64	56	17	14	6	41	0	16680
1225	2015	192	TB	BOS	1	5	63	46	11	17	10	58	0	19204
1226	2015	192	STL	MIN	1	6	48	43	8	2	16	36	2	19155
1227	2015	192	DAL	NSH	1	5	50	47	30	17	10	34	1	18532
1228	2015	192	COL	CHI	1	5	54	45	22	2	8	22	2	18049
1229	2015	192	ARI	ANA	0	3	62	53	8	11	16	82	0	15733
1230	2015	192	VAN	EDM	1	11	51	53	15	19	8	19	0	18870