1	2010	0	BOS	WSH	0	-3	-14	-7	-5	6	-4	8	-2	17565
2	2010	0	TOR	CANADIENS	0	-1	19	-1	-2	7	2	-15	0	19617
3	2010	0	COL	SJ	1	3	-20	-9	0	-2	4	1	0	18007
4	2010	0	CGY	VAN	1	2	-19	-2	5	-2	2	5	0	19289
5	2010	1	CAR	PHI	0	-2	1	-3	-2	4	4	7	-2	18680
6	2010	1	PIT	NYR	1	1	4	1	5	1	4	10	1	17132
7	2010	1	CHI	FLA	0	-1	31	9	7	0	-2	0	0	12056
8	2010	1	DET	STL	0	-1	11	5	-4	0	-2	-4	0	13850
9	2010	2	COL	VAN	1	3	-8	-4	2	2	-6	2	2	13416
10	2010	2	BOS	CAR	1	5	15	-7	4	-1	4	0	3	16592
11	2010	2	BUF	CANADIENS	0	-1	18	3	6	0	-2	5	1	18690
12	2010	2	NJ	PHI	0	-3	-1	-4	-2	3	-2	3	1	17625
13	2010	2	NYI	PIT	0	-1	-14	-6	3	2	-16	2	2	16234
14	2010	2	NYR	OTT	1	3	0	-3	7	-1	0	-13	0	18200
15	2010	2	WSH	TOR	1	2	-4	5	6	-7	0	2	1	18277
16	2010	2	ATLANTA	TB	1	3	-11	5	1	5	-12	-11	0	18545
17	2010	2	FLA	CHI	0	-4	-10	1	-2	2	4	9	-3	11526
18	2010	2	CBJ	MIN	1	1	6	0	2	3	2	-1	-1	18159
19	2010	2	DAL	NSH	0	-1	14	-1	13	0	-2	-11	0	18532
20	2010	2	STL	DET	1	2	-1	-12	-4	4	0	9	2	13850
21	2010	2	EDM	CGY	0	-1	13	1	-1	2	-2	1	-2	16839
22	2010	2	ANA	SJ	0	-3	-12	1	-2	3	-12	5	0	17281
23	2010	2	LA	PHO	0	-3	3	-9	-3	2	-2	8	2	18118
24	2010	4	NJ	NYR	0	-1	1	-2	-1	1	0	-5	-1	17625
25	2010	4	VAN	CBJ	0	-2	19	11	6	0	0	16	-1	18810
26	2010	5	TOR	OTT	0	-1	-1	-6	-2	0	-4	-8	1	18830
27	2010	5	PHI	WSH	1	1	5	5	6	4	-6	10	2	19567
28	2010	5	CAR	TB	1	1	-2	1	5	1	6	17	0	16186
29	2010	5	MIN	ANA	1	1	13	15	3	10	-6	1	2	18256
30	2010	5	CGY	CANADIENS	1	1	-2	-7	4	5	-2	-2	1	19289
31	2010	5	EDM	DAL	1	1	-10	-1	-5	-1	4	9	0	16839
32	2010	5	LA	SJ	1	2	1	-7	4	-2	-2	-6	-3	15035
33	2010	6	PIT	PHO	0	-3	-1	-4	0	12	8	7	-2	16975
34	2010	6	VAN	CANADIENS	1	6	7	7	4	-1	0	-1	2	18810
35	2010	7	BOS	ANA	0	-5	4	-12	0	3	-8	-5	-2	16158
36	2010	7	BUF	PHO	1	1	15	-8	-3	3	-18	-2	0	18690
38	2010	7	PHI	PIT	0	-1	9	-7	3	0	-4	-2	1	19611
39	2010	7	WSH	NYR	0	-1	-1	7	2	6	-8	6	0	18277
40	2010	7	TB	NJ	0	-1	10	-1	4	-1	-2	6	0	17454
41	2010	7	DET	CHI	1	1	-11	9	0	2	0	0	1	20066
42	2010	7	STL	ATLANTA	0	-2	9	-6	3	7	-2	13	-1	19150
43	2010	7	NSH	COL	1	1	13	7	-5	4	2	4	-2	14797
44	2010	7	EDM	CGY	0	-1	0	3	-1	4	0	6	1	16839
45	2010	7	LA	MIN	1	3	-6	-7	2	1	0	-5	-1	14995
46	2010	7	SJ	CBJ	1	3	1	0	-4	2	0	6	-1	17562
47	2010	8	CAR	FLA	1	5	6	-1	3	-1	8	22	0	13597
48	2010	8	CGY	DAL	0	-3	-7	1	2	10	-4	1	2	19289
49	2010	9	BOS	NYI	1	1	-8	0	0	-2	4	5	-1	17113
50	2010	9	TOR	PIT	0	-3	-13	-4	6	1	6	7	-3	19374
52	2010	9	PHI	ANA	0	-1	2	-4	3	3	-6	-1	2	19603
53	2010	9	FLA	NJ	0	-1	-20	8	3	1	4	12	-1	18802
54	2010	9	DET	WSH	1	1	13	-6	6	5	-4	-5	1	19122
55	2010	9	TB	CAR	1	3	13	17	-1	-2	-4	0	-1	14212
56	2010	9	STL	LA	0	-1	4	6	-2	2	2	1	-1	19150
57	2010	9	NSH	BUF	0	-1	-17	11	-6	5	6	12	0	14209
58	2010	9	CHI	COL	1	1	7	3	2	3	0	5	0	20655
59	2010	9	PHO	CBJ	0	-2	17	2	3	2	-10	1	0	17532
60	2010	9	EDM	CANADIENS	1	1	-16	-4	2	0	-12	9	0	16839
61	2010	9	SJ	MIN	1	2	-11	5	3	5	4	11	0	17562
62	2010	10	NYR	ANA	1	3	20	0	10	2	-2	4	2	18200
63	2010	10	VAN	DAL	1	1	-10	-11	1	5	2	7	1	18810
64	2010	11	BOS	COL	0	-1	10	8	0	2	-2	-8	-2	16393
65	2010	11	NYI	LA	0	-1	7	3	3	3	0	12	-1	12145
66	2010	11	NYR	TOR	1	5	4	-12	-1	2	-6	-16	1	18200
67	2010	11	WSH	NJ	0	-1	4	2	9	6	2	6	0	18277
69	2010	11	TB	FLA	1	1	-2	15	3	4	-4	4	1	14126
70	2010	11	NSH	EDM	0	-5	21	2	-3	8	-8	9	-1	12179
71	2010	11	CHI	CGY	1	1	19	13	2	4	-6	2	0	20074
72	2010	11	SJ	PHO	0	-1	-4	14	0	8	2	13	0	17562
73	2010	12	BUF	DET	1	4	12	8	2	-3	-4	-11	0	17459
74	2010	12	CBJ	CGY	1	1	10	-3	0	1	-6	9	1	13280
75	2010	12	TOR	COL	0	-3	3	-6	-2	-9	4	-5	-1	19148
76	2010	13	NYR	LA	1	2	-15	-2	-2	3	8	13	1	18200
77	2010	13	CHI	EDM	1	1	19	2	-3	4	2	-1	0	20124
78	2010	13	DAL	NSH	1	6	-3	10	0	3	0	-15	2	16365
79	2010	13	ANA	MIN	1	1	1	1	0	1	0	-5	0	15111
80	2010	14	WSH	SJ	1	3	8	1	1	0	-4	-2	1	18277
81	2010	301	CAR	PIT	0	0	0	1	0	0	0	0	0	0
84	2010	14	DET	LA	1	3	6	-4	-6	0	-2	6	1	17782
85	2010	14	NSH	CHI	0	-2	-17	-1	-5	0	-2	8	-1	13103
86	2010	14	PHO	STL	1	1	10	-1	1	6	-4	5	1	6899
87	2010	15	NJ	ATLANTA	0	-2	11	0	-2	4	-8	4	-2	14187
88	2010	15	BUF	NYI	1	3	-5	-1	-6	1	-6	-1	0	18690
89	2010	15	FLA	PHI	1	2	1	5	1	5	-2	-1	1	15557
90	2010	15	DAL	BOS	0	-3	-2	-7	6	3	-4	-6	-1	17811
91	2010	15	CGY	VAN	1	2	-5	7	6	4	-2	7	-1	19289
92	2010	15	EDM	MIN	1	3	-12	6	-1	3	-2	-3	-1	16839
93	2010	16	BUF	ATLANTA	0	-2	15	-4	-4	-3	-4	8	-1	18690
94	2010	16	TOR	NYR	0	-3	7	-13	8	8	-4	-13	-1	19295
96	2010	16	NJ	CAR	1	2	3	7	5	8	-6	11	0	15021
97	2010	16	NYI	SJ	0	-3	3	4	-1	2	0	-5	-1	11287
98	2010	16	WSH	NSH	1	1	11	-4	8	-3	2	-2	1	18277
99	2010	16	DET	COL	0	-1	2	8	2	4	-4	-6	1	19763
100	2010	16	CBJ	LA	1	3	-4	12	2	0	-2	-5	2	15251
101	2010	16	PIT	TB	1	3	10	-2	1	-2	-2	2	0	17132
102	2010	16	CHI	DAL	0	-1	7	9	7	7	0	8	0	20424
103	2010	16	PHO	BOS	1	3	13	5	1	-1	-4	-7	2	9162
104	2010	16	VAN	MIN	1	1	21	4	0	2	-2	5	0	18810
105	2010	16	ANA	STL	0	-5	-6	7	3	8	2	3	-2	14902
106	2010	18	NYR	SJ	0	-4	-1	-6	2	-1	8	-11	-1	18200
107	2010	18	DAL	LA	0	-3	-2	2	-1	3	2	2	-1	16210
108	2010	18	EDM	VAN	1	1	-11	-8	8	9	4	4	0	16839
109	2010	19	PIT	STL	1	4	20	-9	-1	7	-4	0	2	17132
110	2010	19	CANADIENS	ATLANTA	1	1	12	1	5	2	-15	-3	0	21273
111	2010	19	CGY	CBJ	1	3	-8	0	-2	9	6	4	-2	19289
112	2010	20	BOS	NSH	1	1	-3	9	-1	-2	0	2	0	16715
113	2010	20	NYI	CAR	1	1	-9	22	11	3	4	-5	-1	9122
114	2010	20	FLA	BUF	0	-3	7	1	-1	7	-6	16	0	12607
115	2010	20	MIN	COL	1	1	-9	5	5	12	-6	9	2	18175
116	2010	20	CHI	VAN	0	-1	-11	10	-1	2	4	13	-2	20077
117	2010	20	ANA	DAL	0	-2	-12	-7	4	5	4	19	-1	14503
118	2010	21	CANADIENS	NYI	1	4	21	3	2	-10	-2	-1	2	21273
119	2010	21	NYR	NJ	0	-2	6	-4	3	0	-4	6	1	18200
120	2010	21	PHI	BOS	1	1	13	6	1	-1	0	4	-1	19303
121	2010	21	ATLANTA	WSH	0	-1	-2	-2	11	12	-2	7	2	13192
122	2010	21	OTT	NSH	0	-1	-5	-4	-3	9	0	19	-1	18970
123	2010	21	TB	SJ	1	3	-9	9	6	3	4	-1	-1	13343
124	2010	21	EDM	CBJ	1	2	0	-5	4	10	-6	2	2	16839
125	2010	21	PHO	DET	1	1	6	4	4	1	2	5	0	11938
126	2010	21	LA	DAL	1	1	10	13	0	7	-2	-5	1	15025
127	2010	22	PIT	FLA	1	1	14	-1	6	9	-4	12	0	16971
128	2010	22	STL	MIN	1	2	5	-4	0	4	-6	-5	0	19150
129	2010	22	COL	CAR	1	1	0	-9	4	10	-39	-11	1	13673
130	2010	23	CANADIENS	NYR	1	1	4	0	0	6	-4	-12	1	21273
131	2010	23	OTT	BOS	0	-1	2	-2	8	-2	2	-8	0	20154
132	2010	23	NYI	WSH	0	-1	6	19	5	-3	4	11	0	11541
133	2010	23	PHI	FLA	1	4	20	1	4	7	13	3	2	19007
134	2010	23	ATLANTA	SJ	0	-1	3	-11	8	3	0	-5	-1	14945
135	2010	23	VAN	TOR	1	2	-11	-1	-3	0	-8	-1	1	18810
136	2010	23	PIT	NJ	0	-3	7	-4	6	1	-6	10	-1	17132
137	2010	23	TB	BUF	0	-1	-6	4	3	1	2	3	0	15804
138	2010	23	STL	DAL	0	-3	-3	-4	2	4	22	-7	-1	19150
139	2010	23	MIN	CAR	1	1	6	7	-1	-1	-8	5	0	18145
140	2010	23	CHI	NSH	1	2	7	-1	3	6	2	2	0	20272
141	2010	23	COL	DET	1	2	-26	-1	6	6	10	-1	0	17690
142	2010	23	PHO	LA	0	-2	12	-10	1	0	2	-3	-2	7968
143	2010	23	CGY	EDM	1	3	13	10	11	0	-2	9	0	19289
144	2010	23	ANA	CBJ	0	-2	-1	-12	2	5	0	3	2	14468
145	2010	24	PHI	SJ	0	-3	10	-12	1	-2	0	3	-1	19126
146	2010	24	LA	CBJ	1	4	-2	8	1	7	-18	0	1	15820
147	2010	24	VAN	EDM	1	2	2	-1	8	-5	4	-3	1	18810
148	2010	25	NYR	PHO	1	3	-8	3	3	1	2	-4	2	18200
149	2010	25	CANADIENS	NYI	1	1	0	-4	4	4	6	-3	-2	21273
150	2010	25	CHI	MIN	1	2	14	-6	6	3	4	-10	0	20046
151	2010	25	ANA	TOR	0	-3	-11	6	2	5	16	5	-4	14291
152	2010	26	WSH	PHI	1	2	-7	5	3	1	4	14	-1	18277
153	2010	26	EDM	COL	0	-3	-8	-3	-3	-3	-2	3	0	16839
154	2010	26	VAN	DET	0	-1	-16	4	1	1	-2	1	0	18810
155	2010	27	NJ	BUF	0	-3	5	-7	-8	10	-4	19	0	14182
156	2010	27	NYI	NYR	1	2	-3	10	3	-4	4	14	1	15213
157	2010	27	CAR	STL	0	-3	18	6	4	8	-10	0	2	15549
158	2010	27	CBJ	PHO	0	-3	9	3	-2	0	0	-3	-2	13184
159	2010	27	PIT	CANADIENS	1	5	13	-13	2	2	-4	8	1	16965
160	2010	27	FLA	OTT	0	-1	9	3	3	8	-12	-3	0	12596
161	2010	27	MIN	NSH	0	-1	0	-4	7	2	2	7	0	18199
162	2010	27	DAL	TOR	1	1	0	-8	0	4	-2	0	0	16302
163	2010	27	CGY	COL	0	-1	18	0	0	-2	-2	12	0	19289
164	2010	27	SJ	LA	1	1	1	8	7	8	0	9	0	17562
165	2010	28	BOS	NJ	0	-1	1	1	3	2	-2	3	0	17565
166	2010	28	ATLANTA	WSH	0	-1	9	1	15	3	6	6	-1	12893
167	2010	28	TB	OTT	1	3	4	8	-4	-1	-6	11	2	13213
168	2010	28	STL	PHO	0	-2	3	5	1	1	-2	4	0	18087
169	2010	28	NSH	CHI	1	2	6	1	3	1	-14	6	1	13585
170	2010	28	EDM	DET	1	1	-12	-10	5	5	-2	-1	2	16839
171	2010	28	LA	VAN	0	-1	16	7	-3	8	-2	2	0	16838
172	2010	29	WSH	NYI	0	-1	10	4	7	9	-6	0	2	18277
173	2010	29	CBJ	PIT	0	-1	0	-4	3	0	-4	-17	1	19136
174	2010	29	BUF	TOR	1	1	-7	-7	5	-3	-4	6	2	18300
175	2010	29	MIN	NYR	1	1	12	2	3	8	-2	8	0	18106
176	2010	29	CHI	CANADIENS	1	1	14	7	-1	6	5	-2	1	20807
177	2010	29	DAL	FLA	0	-1	8	-6	3	7	-8	15	1	16824
178	2010	29	ANA	VAN	1	5	-4	-4	1	5	4	11	1	14756
179	2010	29	SJ	COL	1	2	21	16	-3	3	0	10	0	17562
180	2010	30	BOS	EDM	1	2	8	6	2	0	2	10	0	17565
181	2010	30	PHI	CAR	1	5	-12	10	2	2	2	1	1	19076
182	2010	30	OTT	ATLANTA	0	-2	30	-15	1	4	-4	12	1	17297
183	2010	30	TB	NJ	0	-1	-19	-4	1	4	2	12	0	12154
184	2010	30	CANADIENS	TOR	1	1	9	18	6	16	6	0	-2	21273
185	2010	30	NYI	BUF	1	5	-8	8	21	0	-6	5	1	8889
186	2010	30	PIT	MIN	0	-1	20	0	2	7	-2	8	0	16960
187	2010	30	STL	FLA	0	-4	7	-3	1	0	0	3	0	17943
188	2010	30	NSH	DAL	1	2	4	5	3	0	4	0	0	12520
189	2010	30	PHO	ANA	1	1	-2	6	8	-3	18	7	0	6495
190	2010	30	CGY	DET	0	-2	-9	2	-5	2	4	2	0	19289
191	2010	31	NYR	BOS	1	1	-6	0	4	-1	6	-13	0	18200
192	2010	31	CAR	SJ	0	-4	1	-10	2	-2	4	16	-1	15089
193	2010	31	WSH	CBJ	0	-1	4	0	3	-6	-8	4	-1	18277
194	2010	31	VAN	COL	1	3	2	7	3	2	-2	-14	0	18810
195	2010	32	NYI	EDM	1	2	14	7	5	-1	-18	8	0	10846
196	2010	32	PHI	TB	1	4	3	2	1	-1	-4	-8	2	18667
197	2010	32	PHO	LA	0	-2	-11	8	4	4	-6	-14	1	5855
198	2010	33	DET	BOS	1	2	-3	-9	3	-1	0	1	1	19167
199	2010	33	TOR	TB	0	-1	9	12	4	2	-8	-17	1	19301
200	2010	33	CANADIENS	ATLANTA	0	-1	8	-5	1	0	2	7	-1	21273
201	2010	33	VAN	NYR	1	3	7	1	0	1	-4	-12	1	18810
202	2010	33	ANA	PIT	0	-1	2	3	0	-7	8	5	0	16128
203	2010	34	BUF	NYI	1	3	15	26	5	3	-6	-3	2	17626
204	2010	34	NJ	WSH	1	1	4	-3	-1	3	-8	1	2	13498
205	2010	34	CBJ	SJ	0	-1	-10	-4	0	0	-8	13	0	13401
206	2010	34	FLA	CAR	1	3	-7	-1	2	-2	-4	-8	1	12424
207	2010	34	DAL	CGY	0	-1	17	-5	5	3	-4	-11	-1	16369
208	2010	34	COL	PHO	1	3	0	-12	7	3	-4	-1	0	11012
209	2010	35	BOS	CANADIENS	0	-1	17	8	-2	5	-2	12	0	17565
210	2010	35	ATLANTA	CBJ	0	-1	14	-4	-1	5	-12	-1	2	10878
211	2010	35	OTT	TB	1	1	9	-1	10	1	-8	-4	0	17511
212	2010	35	DET	SJ	1	1	2	-4	4	0	2	5	0	19558
213	2010	35	STL	CGY	0	-1	0	-1	0	5	2	2	1	17559
214	2010	35	MIN	VAN	0	-3	8	-4	0	2	-2	3	-1	18105
215	2010	35	PHO	CHI	1	2	-9	5	-1	-1	4	9	0	10362
216	2010	35	EDM	NYR	0	-2	-11	5	3	1	6	3	-3	16839
217	2010	35	ANA	NSH	1	4	-9	1	0	3	2	-4	1	14298
218	2010	35	LA	PIT	1	3	9	12	-5	1	0	-12	0	18118
219	2010	36	NJ	NYI	1	1	7	3	2	4	-4	10	1	14109
220	2010	36	CAR	TOR	0	-1	10	4	2	-2	-2	10	-1	14164
221	2010	36	BUF	PHI	0	-3	-7	-7	4	1	-4	-9	2	18525
222	2010	36	FLA	WSH	0	-3	4	3	-1	5	-13	-6	0	15877
223	2010	36	DAL	VAN	1	1	14	-13	10	4	-2	9	1	17235
224	2010	36	COL	CHI	1	1	-10	-10	4	6	4	3	-1	15616
225	2010	37	LA	NSH	0	-2	3	-16	-1	3	0	6	0	15237
226	2010	37	BOS	BUF	1	2	7	5	3	1	8	5	2	17565
227	2010	37	TOR	DET	1	4	-8	6	2	3	2	-11	1	19303
228	2010	37	CANADIENS	TB	0	-2	16	9	5	-4	4	-6	0	21273
229	2010	37	OTT	NJ	0	-1	-4	10	-1	3	28	8	-3	18781
230	2010	37	NYI	ATLANTA	1	3	11	-6	-2	-2	0	-10	1	14119
231	2010	37	PHI	STL	1	1	5	0	-1	3	-2	2	1	19542
232	2010	37	WSH	FLA	1	3	4	1	4	1	-4	4	1	18277
233	2010	37	CBJ	CAR	1	1	0	0	3	4	4	-5	0	14850
234	2010	37	MIN	DAL	1	1	16	4	2	-1	4	6	-2	18558
235	2010	37	CGY	NYR	1	2	-11	9	1	10	0	4	1	19289
236	2010	37	ANA	PHO	1	1	-4	4	2	4	-8	2	0	15269
237	2010	37	SJ	PIT	1	5	8	2	-5	-2	-14	-6	2	17562
238	2010	38	ATLANTA	STL	1	1	8	-7	7	3	-4	6	-1	10904
239	2010	38	COL	EDM	0	-2	5	8	4	-1	12	-6	-4	12118
240	2010	39	CHI	LA	1	3	11	-4	11	8	-2	3	2	20293
241	2010	40	BOS	PIT	1	3	2	16	2	0	2	-14	0	17565
242	2010	40	TOR	MIN	0	-3	8	1	-1	5	0	-1	-2	19063
243	2010	40	CANADIENS	CGY	0	-1	-6	-3	5	1	6	5	0	21273
244	2010	40	OTT	EDM	1	1	-9	-5	2	0	2	3	0	17977
245	2010	40	STL	VAN	1	5	7	3	2	1	-24	1	2	17175
246	2010	40	SJ	NSH	1	1	3	8	1	6	2	-3	0	17562
247	2010	41	BUF	EDM	1	2	-3	4	1	0	17	-6	-1	17797
248	2010	41	NJ	ANA	1	2	-7	-4	9	2	2	-8	0	14123
249	2010	41	WSH	NYI	1	1	10	12	6	-1	0	-5	1	18277
250	2010	41	CAR	LA	0	-3	-7	4	1	0	6	19	-2	13510
251	2010	41	CBJ	DET	0	-8	-13	3	1	2	4	18	-2	15304
252	2010	41	CHI	COL	1	1	12	13	2	1	4	3	0	20879
253	2010	42	BOS	FLA	0	-1	17	5	-4	0	-2	-1	0	17074
254	2010	42	NYR	ATLANTA	0	-2	9	6	0	3	0	4	-1	18200
255	2010	42	PHI	OTT	1	4	4	6	-3	-4	-6	9	1	19321
256	2010	42	PIT	NJ	0	-3	1	2	3	4	2	6	-1	17005
257	2010	42	TB	MIN	1	1	-12	-3	0	-1	0	1	0	14530
258	2010	42	DET	VAN	1	2	-3	8	1	0	6	14	0	20066
259	2010	42	STL	NSH	0	-2	-15	-1	-2	6	11	-3	0	19150
260	2010	42	PHO	CANADIENS	0	-2	0	11	-5	4	-2	-2	-2	10064
261	2010	42	SJ	DAL	0	-1	-4	4	2	1	2	7	0	17562
262	2010	43	WSH	MIN	1	2	11	5	4	-2	-2	-6	1	18277
263	2010	43	CAR	NYI	0	-1	3	9	-4	8	-2	26	-1	14163
264	2010	43	CBJ	ANA	1	1	-5	-4	5	-1	0	10	1	15577
265	2010	43	BUF	CGY	1	1	7	4	1	11	0	6	1	18690
266	2010	43	ATLANTA	LA	1	7	-17	-3	15	8	-9	6	1	15638
267	2010	43	CHI	TOR	1	1	3	10	16	8	-6	-8	1	21036
268	2010	44	TOR	CGY	0	-3	18	8	-2	-13	-6	16	1	19316
269	2010	44	OTT	NYR	0	-1	8	1	4	3	-4	5	0	17561
270	2010	44	NJ	WSH	1	3	-6	-1	-2	7	-2	7	0	16521
271	2010	44	PHI	BUF	0	-1	6	16	-1	2	6	14	-2	19641
272	2010	44	FLA	NYI	1	1	2	5	1	3	-2	3	-1	15921
273	2010	44	DET	ANA	1	3	14	4	-1	1	-6	-17	1	20066
274	2010	44	PIT	BOS	1	1	0	-2	0	3	2	10	-1	17132
275	2010	44	TB	LA	0	-1	-1	13	1	0	-2	1	-1	16612
276	2010	44	STL	SJ	0	-2	22	-7	0	7	-4	-8	-2	19150
277	2010	44	NSH	CANADIENS	1	2	35	0	5	1	-8	2	1	15604
278	2010	44	PHO	DAL	1	1	3	6	-1	2	6	16	-1	11319
279	2010	44	COL	VAN	0	-6	4	0	-1	-1	4	4	0	15823
280	2010	45	CAR	MIN	1	1	3	-2	-3	5	-6	7	3	12194
281	2010	45	ATLANTA	EDM	1	1	-6	9	8	5	4	-2	2	11091
282	2010	45	CHI	SJ	1	1	7	-4	9	8	4	4	-1	21130
283	2010	46	BOS	NYI	0	-3	8	19	3	2	4	8	0	16865
284	2010	46	PHI	NJ	1	1	0	2	1	0	6	8	0	19673
285	2010	46	CBJ	EDM	1	1	7	3	-3	0	2	-4	0	13030
286	2010	46	PIT	ANA	1	3	1	2	2	-2	-6	12	1	17052
287	2010	46	FLA	LA	0	-1	-5	0	3	4	6	-2	-1	12502
288	2010	46	PHO	TB	0	-3	12	-1	-2	0	17	3	-1	9503
289	2010	47	NYR	WSH	0	-2	-6	-3	4	1	0	-13	-1	18200
290	2010	47	CANADIENS	CAR	1	1	3	-6	3	5	4	-10	0	21273
291	2010	47	OTT	TOR	1	1	-11	-1	2	6	-16	0	1	17406
292	2010	47	NSH	SJ	1	1	-1	-3	3	-1	-4	2	2	13324
293	2010	47	CGY	COL	0	-1	12	-9	0	6	2	15	-1	19289
294	2010	48	BUF	FLA	0	-4	4	-14	3	11	-2	2	0	18546
295	2010	48	DET	DAL	0	-2	0	2	-1	5	2	2	-2	18112
296	2010	48	MIN	PHO	0	-1	-6	-5	6	6	-2	7	-1	18110
297	2010	48	EDM	COL	1	2	15	-9	-3	2	6	-1	1	16839
298	2010	48	LA	PHI	0	-1	19	1	2	-1	-4	-1	0	17821
299	2010	49	CAR	TOR	1	1	13	3	7	4	-4	8	0	13502
300	2010	49	ATLANTA	BOS	0	-1	-7	-3	-5	7	-10	-1	0	12112
301	2010	49	OTT	PIT	1	4	4	1	13	-2	2	-14	0	17039
302	2010	49	STL	PHO	1	1	-6	2	-3	0	0	7	0	17107
303	2010	49	NSH	NJ	1	1	0	6	2	2	0	9	1	13445
304	2010	49	DAL	CBJ	0	-3	-2	6	0	3	15	10	-3	16155
305	2010	49	CGY	CHI	0	-6	2	-1	0	3	-2	4	-3	19289
306	2010	49	ANA	TB	1	1	3	2	2	0	-6	10	2	14555
307	2010	50	WSH	CANADIENS	0	-1	12	3	3	3	-2	9	-1	18277
308	2010	50	BUF	BOS	0	-1	0	3	4	4	4	7	1	18291
309	2010	50	DET	FLA	0	-1	20	2	10	7	-4	16	1	18634
310	2010	50	MIN	NYI	1	1	0	-6	0	3	10	18	1	18114
311	2010	50	VAN	COL	1	3	3	-1	5	9	10	1	0	18810
312	2010	50	SJ	PHI	1	3	0	9	10	-4	-4	-1	2	17562
313	2010	51	LA	CGY	0	-3	-7	4	-3	5	6	-5	-2	16336
314	2010	51	TOR	WSH	1	1	7	-2	-1	-1	4	-6	0	19455
315	2010	51	CANADIENS	DET	0	-1	-16	-6	0	8	12	-1	-2	21273
316	2010	51	OTT	BUF	1	2	-15	4	4	1	4	-5	0	17206
317	2010	51	NYR	FLA	0	-1	6	3	7	5	2	10	0	18200
318	2010	51	CAR	TB	1	2	6	-10	9	6	-2	3	0	13224
319	2010	51	ATLANTA	PIT	0	-1	-1	12	-2	2	10	2	-1	17588
320	2010	51	STL	NYI	1	3	2	0	-4	1	0	10	0	19150
321	2010	51	NSH	CBJ	1	1	19	6	2	4	-10	0	1	13790
322	2010	51	DAL	NJ	1	2	-8	7	12	-5	2	23	0	17514
323	2010	51	PHO	PHI	1	2	-4	-5	1	1	0	-3	2	11106
324	2010	51	EDM	CHI	0	-3	-3	-5	-3	8	0	8	0	16839
325	2010	51	ANA	SJ	0	-1	-6	-6	1	9	-2	-1	1	15066
326	2010	52	ATLANTA	TB	0	-1	-9	6	-1	6	6	1	-1	13342
327	2010	52	VAN	CHI	0	-1	13	11	4	4	-2	-4	0	18810
328	2010	53	NSH	DET	1	2	-6	5	8	12	-4	4	2	14410
329	2010	53	TOR	NYI	0	-1	40	18	1	-5	-8	-14	0	19263
330	2010	53	NYR	CBJ	1	3	3	-7	1	3	-6	-4	1	18200
331	2010	53	OTT	WSH	1	1	9	14	14	4	-2	1	1	16210
332	2010	53	FLA	PIT	0	-1	-24	-3	-2	3	2	-4	-1	17024
333	2010	53	STL	BOS	0	-2	8	-8	2	5	0	7	-2	19150
334	2010	53	DAL	CAR	1	2	7	6	4	-3	-4	-11	2	16243
335	2010	53	COL	PHI	1	1	-3	0	2	-1	-10	-5	-1	13281
336	2010	53	EDM	PHO	1	4	-11	3	-1	6	-6	3	1	16839
337	2010	53	ANA	CGY	1	1	-12	16	1	7	2	-3	0	15348
338	2010	54	CANADIENS	CBJ	1	2	-7	0	3	5	2	-3	-2	21273
339	2010	55	NJ	OTT	1	2	-4	-6	4	1	-6	2	0	14056
340	2010	55	NYI	PHI	0	-1	1	10	-1	3	-8	2	0	12687
341	2010	55	WSH	BUF	1	2	-1	7	-1	3	15	8	0	18277
342	2010	55	TB	TOR	0	-1	-4	1	4	-3	0	2	1	15333
343	2010	55	PIT	CANADIENS	1	2	11	2	-1	1	-2	11	0	17094
344	2010	55	FLA	NYR	0	-1	-2	-8	8	2	-12	-12	-1	16281
345	2010	55	DET	ATLANTA	0	-2	15	4	2	0	2	2	-1	19751
346	2010	55	MIN	BOS	0	-1	13	3	4	4	-4	5	1	18208
347	2010	55	DAL	STL	0	-1	-1	-9	-4	11	-6	20	0	18156
348	2010	55	COL	NSH	0	-1	-5	-2	2	6	-2	7	-1	12356
349	2010	55	CGY	PHO	1	1	-2	-10	-1	14	4	5	-1	19289
350	2010	55	EDM	LA	0	-2	-12	11	-5	6	-2	4	0	16839
351	2010	55	ANA	CAR	1	1	3	3	1	4	2	-11	1	14766
352	2010	55	SJ	CHI	0	-5	-17	5	0	6	-8	9	1	17562
353	2010	56	OTT	CBJ	1	1	3	-3	3	-4	4	3	0	19244
354	2010	56	VAN	LA	1	3	2	15	-1	-1	-2	-6	0	18810
355	2010	57	BOS	NJ	0	-1	-4	15	1	4	0	12	0	17565
356	2010	57	PHI	BUF	0	-2	8	-7	-1	-5	-5	5	-1	19673
357	2010	57	NYI	PIT	1	1	16	-5	12	11	-4	7	0	15262
358	2010	57	MIN	COL	1	2	-2	3	4	4	0	10	1	18365
359	2010	57	ANA	CHI	1	3	6	-3	-3	-2	-2	4	3	15068
360	2010	57	CAR	ATLANTA	0	-2	2	3	1	-1	-6	-16	0	14463
361	2010	57	TB	NYR	1	4	4	17	5	-1	10	-2	2	17608
362	2010	57	FLA	TOR	0	-2	-3	2	4	4	2	-1	0	16101
363	2010	57	DET	CGY	0	-3	23	4	-4	6	-8	8	0	20066
364	2010	57	NSH	STL	0	-2	0	-3	-3	5	-4	5	0	13170
365	2010	57	EDM	SJ	0	-1	2	-2	4	7	-2	6	0	16839
366	2010	57	PHO	DAL	1	3	-3	-6	4	0	6	-8	-1	10691
367	2010	58	NJ	NYI	1	5	19	-7	-2	4	2	8	2	16961
368	2010	58	BOS	OTT	1	1	11	4	3	2	-2	18	2	17565
369	2010	58	BUF	CAR	1	4	-7	-2	-1	4	0	-11	2	18690
370	2010	58	CANADIENS	WSH	0	-1	1	-1	2	7	-2	3	1	21273
371	2010	58	ATLANTA	PHI	1	1	-16	1	7	5	1	0	1	16018
372	2010	58	CBJ	CGY	0	-1	0	6	5	2	2	3	0	17772
373	2010	58	PIT	NYR	1	5	8	13	-2	2	-21	-2	2	17122
374	2010	58	STL	DET	0	-1	-1	-11	0	2	-2	-3	-1	19150
375	2010	58	NSH	FLA	1	3	5	3	9	2	2	1	0	14120
376	2010	58	DAL	TB	1	1	10	-5	-3	-7	-6	-1	2	17334
377	2010	58	COL	MIN	0	-1	-14	-6	8	-2	6	11	1	15303
378	2010	58	VAN	EDM	1	4	1	0	6	6	-2	-8	2	18810
379	2010	58	LA	CHI	1	1	-11	11	2	3	2	16	-1	18118
380	2010	59	ANA	PHO	0	-1	2	-1	1	4	2	14	1	13023
381	2010	59	VAN	SJ	0	-2	-3	-6	-1	5	2	-2	-1	18810
382	2010	60	TOR	BUF	0	-3	7	0	4	6	-4	2	0	19110
383	2010	60	NYR	PIT	0	-3	-2	3	8	1	4	-3	1	18200
384	2010	60	CAR	WSH	0	-1	7	-9	5	7	-7	24	1	12797
385	2010	60	ATLANTA	FLA	1	1	7	11	6	10	4	8	-1	10310
386	2010	60	CBJ	STL	1	3	-2	11	-4	4	-2	3	-1	12391
387	2010	60	TB	COL	0	-3	4	6	-3	5	6	-6	-1	12214
388	2010	60	DET	DAL	1	3	2	5	-5	2	0	1	0	17645
389	2010	60	NSH	CGY	0	-5	-8	4	1	7	-2	4	-2	10581
390	2010	61	CANADIENS	TOR	0	-3	-5	-8	7	7	0	11	0	21273
391	2010	61	CHI	CBJ	1	1	3	10	6	1	-2	6	2	20363
392	2010	61	ANA	LA	0	-1	-12	-8	2	12	2	14	0	14231
393	2010	61	SJ	OTT	1	3	6	8	7	8	6	3	-1	17562
394	2010	62	BOS	TB	1	3	-1	10	3	0	4	-2	1	16553
395	2010	62	NJ	VAN	0	-3	3	-6	-4	6	-2	-4	0	13586
396	2010	62	FLA	COL	1	1	10	-5	2	4	-12	-2	2	12403
397	2010	62	MIN	NSH	1	1	-8	10	7	-2	0	7	1	18071
398	2010	63	BUF	CANADIENS	1	4	14	-11	0	0	-2	-3	0	18690
399	2010	63	PHI	VAN	0	-3	9	9	-1	5	-2	0	0	18892
400	2010	63	WSH	FLA	1	4	16	-2	1	1	-31	5	3	18277
401	2010	63	ATLANTA	NYI	0	-3	0	4	1	5	2	1	-1	11704
402	2010	63	CBJ	TOR	0	-3	11	6	-2	0	-4	10	2	13825
403	2010	63	PIT	COL	1	3	17	2	-2	10	-2	10	0	16968
404	2010	63	DET	EDM	0	-3	-8	8	-1	5	0	2	0	18018
405	2010	63	DAL	ANA	1	2	10	-2	6	5	-1	-14	0	16217
406	2010	63	PHO	CGY	1	1	2	7	2	0	-2	-6	0	9868
407	2010	63	LA	OTT	1	3	-6	5	-1	0	-2	11	0	14997
408	2010	63	SJ	STL	0	-1	4	-1	1	5	8	-5	0	17424
409	2010	64	NJ	TB	1	1	-5	2	2	-2	0	2	1	15336
410	2010	64	CANADIENS	BOS	1	4	-9	3	8	17	8	-1	0	21273
411	2010	64	MIN	ANA	1	1	7	9	0	1	-2	-4	0	18265
412	2010	64	CHI	NSH	0	-3	12	11	3	14	2	-4	0	20887
413	2010	65	CAR	VAN	1	2	-8	-3	1	1	2	21	1	14990
414	2010	65	DAL	EDM	0	-1	-1	3	5	1	4	-3	0	15860
415	2010	65	LA	STL	0	-1	9	-14	-2	-2	6	-3	-1	17519
416	2010	65	BOS	TOR	1	5	0	11	-6	2	-14	-9	2	17565
417	2010	65	BUF	NYR	0	-1	5	-6	0	16	0	-6	0	18301
418	2010	65	NJ	DET	1	1	-5	-7	0	3	2	-16	-1	17625
419	2010	65	PHI	WSH	0	-6	6	-1	-1	3	29	1	-4	19789
420	2010	65	FLA	ATLANTA	0	-1	-6	-7	2	-5	13	6	1	13291
421	2010	65	CBJ	COL	0	-1	12	18	-1	3	-2	-9	0	14909
422	2010	65	PIT	CHI	0	-1	2	-10	4	3	4	13	0	17132
423	2010	65	TB	NYI	1	4	-5	3	0	-3	6	9	2	13577
424	2010	65	NSH	MIN	0	-2	-10	-5	-9	9	-2	14	-1	13145
425	2010	65	PHO	OTT	1	1	-3	3	4	-3	0	4	0	8642
426	2010	65	SJ	CGY	0	-1	0	4	2	4	6	0	0	17562
427	2010	66	NYR	DET	0	-2	-2	-11	-4	2	-2	1	-1	18200
428	2010	66	ANA	OTT	0	-1	7	-3	-1	2	4	11	-1	14946
429	2010	67	BUF	NJ	0	-3	-15	-7	2	4	0	9	-1	18690
430	2010	67	TOR	ATLANTA	1	3	4	1	-7	-9	-4	7	-1	19050
431	2010	67	CANADIENS	PHI	1	2	-2	8	-1	-2	0	1	1	21273
432	2010	67	PIT	CAR	0	-1	11	6	-2	-3	4	3	-1	16964
433	2010	67	TB	WSH	0	-3	-8	4	4	-5	4	0	-1	12400
434	2010	67	FLA	EDM	0	-1	7	7	8	0	-2	-6	0	11469
435	2010	67	STL	COL	0	-4	13	5	0	0	0	5	-1	19150
436	2010	67	PHO	MIN	1	2	3	3	4	-2	0	-15	0	8981
437	2010	67	LA	CGY	1	1	-11	-2	4	19	2	7	1	13853
438	2010	68	PHI	NYI	1	4	13	2	3	0	6	3	1	19330
439	2010	68	OTT	CANADIENS	0	-3	19	18	5	4	-10	-3	-2	18866
440	2010	68	NSH	VAN	1	2	-10	1	-2	3	7	-1	1	12565
441	2010	68	ANA	DAL	1	1	20	-2	3	4	6	21	-1	13861
442	2010	69	BUF	WSH	1	3	-7	-13	5	7	-4	-2	1	17982
443	2010	69	TOR	NYI	1	1	3	2	-3	3	-2	2	-1	19102
444	2010	69	NJ	CAR	1	2	8	5	1	2	-2	6	0	12013
445	2010	69	CBJ	FLA	1	3	0	-4	1	3	-8	-11	0	12800
446	2010	69	TB	EDM	0	-1	2	18	-1	4	0	5	0	13477
447	2010	69	DET	STL	0	-1	16	-12	5	0	-4	8	0	18165
448	2010	69	CHI	NYR	1	1	23	5	-5	-3	-8	-1	1	21022
449	2010	69	COL	MIN	0	-1	0	-4	-5	6	-6	-8	0	11435
450	2010	69	CGY	ATLANTA	1	2	7	-5	7	7	-2	2	0	19289
451	2010	69	SJ	LA	0	-1	6	-5	0	8	-4	-6	-1	17562
452	2010	70	BOS	TOR	1	3	0	-5	8	-2	-4	12	2	17565
453	2010	70	PHI	OTT	0	-2	-2	2	-2	-1	-2	4	0	19706
454	2010	70	CANADIENS	PIT	0	-1	-20	11	2	11	4	-5	1	21273
455	2010	70	NSH	CBJ	1	1	8	-12	0	5	-2	2	-1	14601
456	2010	70	VAN	ATLANTA	1	2	14	11	6	1	-6	-1	-1	18810
457	2010	70	LA	PHO	1	1	-3	4	2	4	0	9	-1	15259
458	2010	71	NJ	FLA	0	-2	6	-1	1	1	2	-2	-1	14132
459	2010	71	WSH	CAR	1	1	21	4	8	-3	-4	-8	0	18277
460	2010	71	BUF	CHI	1	1	-7	3	2	-1	-2	2	1	18009
461	2010	71	DET	ANA	1	1	4	-9	3	8	-12	-2	2	20066
462	2010	71	STL	EDM	0	-2	-8	-12	13	5	-18	-5	1	19150
463	2010	71	COL	TB	1	1	12	4	5	4	-4	-2	0	12188
464	2010	71	CGY	MIN	0	-1	-23	-3	0	9	4	4	0	19289
465	2010	71	SJ	DAL	0	-1	-9	18	-1	-1	6	-9	-1	17562
466	2010	72	TOR	WSH	1	3	-1	0	8	1	0	6	1	19316
467	2010	72	OTT	CAR	1	2	14	5	-2	0	0	-10	1	16229
468	2010	72	NJ	PHI	1	3	5	-10	-1	12	-8	-1	1	15724
469	2010	72	NYI	BOS	1	1	-13	-5	5	2	4	-5	1	13744
470	2010	72	NYR	BUF	0	-1	6	6	6	1	-4	-1	2	18200
471	2010	72	ATLANTA	CANADIENS	1	1	15	7	-5	5	-6	11	0	16616
472	2010	72	CBJ	ANA	0	-2	11	2	1	0	-4	6	-1	14461
473	2010	72	PIT	FLA	1	1	9	9	2	6	-4	21	0	16977
474	2010	72	NSH	DET	0	-1	6	0	-2	8	0	-4	1	16673
475	2010	72	PHO	SJ	1	1	-3	4	-2	1	-6	-12	0	10650
476	2010	72	VAN	MIN	1	1	-12	-20	3	2	-2	-10	3	18810
477	2010	72	LA	DAL	1	1	0	-8	2	6	2	7	0	18118
478	2010	73	CHI	TB	1	4	11	6	2	0	-14	0	0	21081
479	2010	73	COL	CGY	1	1	14	-1	4	-1	-2	-3	0	11448
480	2010	74	BOS	PHI	0	-2	-11	7	2	1	2	-4	0	17565
481	2010	74	TOR	OTT	1	1	0	4	0	-2	0	-3	-1	19315
482	2010	74	NYI	FLA	0	-6	5	2	0	0	10	21	-2	10489
483	2010	74	NYR	ATLANTA	0	-1	21	1	0	-1	-2	5	1	18200
484	2010	74	CBJ	NSH	0	-2	-1	11	-2	3	-8	-2	2	12856
485	2010	74	CANADIENS	BUF	0	-1	-3	13	-1	5	6	3	1	21273
486	2010	74	DET	PHO	1	1	0	14	7	8	-2	-5	0	18795
487	2010	74	VAN	LA	1	2	3	-1	3	4	0	-3	1	18810
488	2010	75	PIT	PHI	1	5	8	-9	3	-1	4	-5	0	17086
489	2010	75	STL	CGY	1	1	11	3	2	3	-2	-1	0	19150
490	2010	75	NSH	TB	1	3	-7	-3	7	10	2	-4	-2	15084
491	2010	75	MIN	CBJ	1	1	1	6	-3	3	0	-2	0	18086
492	2010	75	COL	WSH	0	-5	3	7	5	8	-5	15	0	14172
493	2010	75	EDM	LA	0	-1	3	5	-4	3	-14	-2	0	16839
494	2010	76	NJ	CANADIENS	1	1	9	13	3	9	-6	-5	0	12178
495	2010	76	NYR	NYI	0	-1	-2	9	-1	3	0	1	0	18200
496	2010	76	CAR	DAL	1	2	2	-1	4	2	-4	-3	1	13954
497	2010	76	TOR	PHO	0	-3	1	0	-2	-2	-6	6	0	19088
498	2010	76	OTT	BUF	1	2	6	8	1	-6	5	3	0	16917
499	2010	76	FLA	ATLANTA	1	1	6	2	8	-2	-4	-5	0	11672
500	2010	76	CHI	STL	1	3	8	13	8	3	-14	5	1	21137
501	2010	76	VAN	ANA	0	-1	-4	1	0	-1	-2	6	-1	18810
502	2010	77	CANADIENS	MIN	0	-2	10	10	5	-5	-2	-14	-1	21273
503	2010	77	NYI	NYR	0	-3	15	-10	-3	5	-2	-12	-3	15138
504	2010	77	PHI	PIT	0	-1	3	4	1	5	4	7	-1	19689
505	2010	77	ATLANTA	DAL	1	1	-22	3	1	2	0	5	1	11957
506	2010	77	CBJ	PHO	0	-1	12	-9	2	2	4	2	1	13363
507	2010	77	DET	TB	1	3	-8	1	3	-1	6	-1	0	19474
508	2010	77	CGY	LA	1	1	-11	-4	10	-1	-2	16	1	19289
509	2010	77	EDM	NSH	0	-3	-1	-4	-7	-3	-2	0	1	16839
510	2010	77	SJ	ANA	1	3	16	2	4	1	-2	-8	0	17562
511	2010	78	NJ	OTT	1	2	-7	5	-5	1	6	9	1	13728
512	2010	78	BUF	TOR	1	3	-15	2	1	0	-2	-6	0	18159
513	2010	78	FLA	CAR	1	3	-7	-3	7	5	-4	0	0	15107
514	2010	78	STL	TB	0	-3	2	-5	-2	6	6	13	2	19150
515	2010	78	CHI	BOS	1	1	15	-3	-2	2	-2	12	0	21717
516	2010	78	VAN	WSH	1	1	-7	1	3	3	2	5	1	18810
517	2010	79	PHI	NYR	0	-1	13	-1	2	1	-6	-6	1	19637
518	2010	79	DAL	DET	1	1	-12	-10	9	7	0	3	0	18532
519	2010	79	ANA	PHO	1	2	-7	-7	5	2	-16	4	2	15107
520	2010	79	BUF	PIT	0	-1	8	2	6	-3	-6	8	0	18690
521	2010	79	TOR	BOS	1	2	6	2	-6	3	-6	-3	0	19101
522	2010	79	OTT	MIN	1	3	1	2	7	1	6	-5	0	16259
523	2010	79	NYI	CANADIENS	0	-3	12	-5	8	-1	-2	1	-3	7842
524	2010	79	CAR	FLA	1	1	-6	7	5	3	6	-7	-1	12758
525	2010	79	ATLANTA	NJ	0	-1	-16	-1	3	5	0	10	0	14616
526	2010	79	CGY	NSH	0	-2	12	3	3	13	2	-1	1	19289
527	2010	79	COL	CBJ	1	3	1	-2	11	7	-4	-2	0	11782
528	2010	79	EDM	WSH	0	-2	-14	-12	5	3	4	6	0	16839
529	2010	80	CHI	DET	1	3	15	12	10	-5	-2	-8	1	21781
530	2010	80	VAN	STL	0	-2	4	-4	3	0	-2	0	-1	18810
531	2010	81	TOR	BUF	0	-1	6	14	2	-1	2	10	0	19235
532	2010	81	NYI	TB	0	-2	10	10	-2	-2	-4	-4	-1	10864
533	2010	81	PHI	FLA	0	-3	1	3	3	3	3	3	-3	19323
534	2010	81	CAR	NYR	0	-2	2	-3	6	1	-4	19	0	16514
535	2010	81	ATLANTA	CANADIENS	0	-1	27	14	7	-2	-6	-2	-1	15075
536	2010	81	OTT	BOS	0	-2	0	-10	0	-5	6	-1	0	19865
537	2010	81	PIT	NJ	0	-4	5	-2	3	3	-2	13	-1	17132
538	2010	81	MIN	COL	0	-1	10	9	2	4	2	9	0	18244
539	2010	81	DAL	SJ	0	-2	7	-1	0	9	-10	4	1	18532
540	2010	81	EDM	STL	0	-5	-1	-5	0	14	4	7	-4	16839
541	2010	81	PHO	CBJ	1	3	-4	1	1	0	-20	7	1	9348
542	2010	82	CHI	SJ	0	-1	33	9	10	7	-6	3	0	21614
543	2010	82	COL	ANA	0	-2	-26	8	7	7	0	-9	0	12171
544	2010	82	VAN	NSH	1	3	15	4	-2	2	-2	2	1	18810
545	2010	83	BOS	ATLANTA	1	2	2	2	2	1	-2	-1	3	17565
546	2010	83	NYI	TOR	1	2	-5	2	-2	7	-4	6	0	10865
547	2010	83	NYR	FLA	1	3	-2	-10	-4	6	0	2	1	18200
548	2010	83	PIT	OTT	1	6	-11	-1	-2	7	-16	-14	3	17132
549	2010	83	WSH	BUF	1	3	4	1	9	8	0	5	2	18277
550	2010	83	CAR	CANADIENS	0	-4	22	9	3	5	-2	14	-2	14820
551	2010	83	MIN	EDM	1	2	-4	8	5	13	-4	-6	1	18250
552	2010	83	TB	PHI	0	-3	-3	-8	2	1	0	5	-1	16177
553	2010	83	DET	CHI	0	-3	2	-2	3	8	-6	11	-1	20066
554	2010	83	DAL	CBJ	1	2	-6	-1	2	8	0	2	0	16532
555	2010	83	PHO	ANA	1	4	11	4	5	0	4	-1	1	10030
556	2010	83	CGY	STL	0	-1	-3	3	0	2	0	15	0	19289
557	2010	86	BUF	OTT	0	-1	-18	-3	3	4	0	3	1	18690
558	2010	86	TOR	CANADIENS	0	-1	26	15	0	-1	-4	-1	-1	19250
559	2010	86	NYR	NYI	0	-1	16	8	5	11	0	6	0	18200
560	2010	86	WSH	NJ	1	3	10	4	1	8	4	4	0	18277
561	2010	86	CAR	PHI	0	-1	4	-2	4	5	-2	6	0	16288
562	2010	86	DET	CBJ	1	1	-2	8	2	-2	-2	-2	1	20066
563	2010	86	TB	ATLANTA	1	1	7	5	4	3	4	3	0	15437
564	2010	86	NSH	CHI	0	-3	-14	3	-7	5	0	11	-1	17113
565	2010	86	MIN	STL	1	1	2	13	-1	2	0	-2	0	18554
566	2010	86	PHO	LA	1	1	10	8	1	2	4	-6	-1	16131
567	2010	86	COL	DAL	1	3	-7	-1	-3	-3	-4	5	0	18007
568	2010	86	VAN	EDM	1	3	3	5	-5	7	-6	0	2	18810
569	2010	86	SJ	ANA	1	3	-7	4	-1	4	4	-15	2	17562
570	2010	87	NYI	PHI	0	-1	-1	-5	3	1	0	9	0	12819
571	2010	87	FLA	BOS	0	-1	-2	9	7	2	-2	-6	0	18799
572	2010	87	STL	BUF	0	-2	11	5	0	6	-2	0	-1	19150
573	2010	87	PIT	TOR	0	-1	-3	12	4	3	4	8	0	17132
574	2010	87	CHI	NSH	1	1	9	-3	3	5	-4	-6	1	21746
575	2010	87	CGY	VAN	0	-4	1	6	7	7	-4	4	-1	19289
576	2010	88	NJ	ATLANTA	1	1	0	2	3	2	8	-5	1	17024
577	2010	88	WSH	CAR	0	-3	5	-11	-6	6	0	-3	1	18277
578	2010	88	CBJ	DET	1	1	6	-4	-3	2	2	26	0	18421
579	2010	88	OTT	CANADIENS	1	2	-3	3	2	-4	-10	0	1	20369
580	2010	88	TB	BOS	1	1	7	-13	3	2	-6	4	1	16926
581	2010	88	EDM	CGY	0	-3	12	10	0	3	10	-8	-1	16839
582	2010	88	LA	MIN	0	-1	9	-6	0	3	2	7	0	18118
583	2010	88	SJ	PHO	1	1	5	7	6	8	0	2	0	17562
584	2010	89	BUF	PIT	1	1	-14	-4	5	6	-4	-4	1	18690
585	2010	89	NYI	CBJ	1	1	-17	-2	12	4	-2	10	0	12192
586	2010	89	STL	NSH	0	-1	-3	3	0	4	8	5	0	19150
587	2010	89	DAL	CHI	1	1	-13	2	-1	-1	-2	22	0	18532
588	2010	89	PHO	VAN	1	1	-5	0	-5	1	0	6	1	13976
589	2010	89	ANA	MIN	1	2	1	1	2	-3	-8	18	0	16960
590	2010	90	BOS	ATLANTA	1	4	12	-2	0	-6	-2	-8	1	17565
591	2010	90	NJ	PIT	1	2	1	1	4	4	-6	4	0	17625
592	2010	90	NYR	PHI	0	-6	-9	-5	-4	2	-2	1	-1	18200
593	2010	90	TB	CANADIENS	0	-1	0	3	2	-5	2	3	0	18441
594	2010	90	OTT	COL	0	-1	10	9	0	4	2	7	0	17823
595	2010	90	CGY	LA	1	1	-3	7	4	10	-5	2	0	19289
596	2010	90	EDM	TOR	1	2	-5	8	4	17	0	6	1	16839
597	2010	90	SJ	WSH	1	3	7	-7	4	2	2	-14	0	17562
598	2010	91	FLA	CANADIENS	0	-1	-6	11	-1	7	2	7	-1	19851
599	2010	91	OTT	NYI	1	1	9	-3	4	1	2	0	-1	16743
600	2010	91	DET	COL	1	2	13	9	3	1	6	-4	-2	20066
601	2010	91	CBJ	NSH	0	-1	3	6	3	3	2	6	0	18221
602	2010	91	PHO	SJ	0	-1	3	-10	0	0	-4	0	-1	12472
603	2010	91	CAR	NYR	0	-1	-17	2	0	3	4	8	0	16947
604	2010	91	STL	VAN	0	-1	-5	2	1	0	-8	-5	0	19150
605	2010	91	MIN	LA	0	-3	0	9	3	5	-2	1	-1	18504
606	2010	91	DAL	ANA	1	2	8	5	10	-4	-4	-22	1	18532
607	2010	91	CHI	NJ	1	4	9	1	0	-1	0	3	1	21614
608	2010	91	CGY	EDM	1	1	17	9	0	3	2	5	1	19289
609	2010	92	BOS	PHI	1	1	1	6	-6	-2	-2	-1	1	38112
610	2010	92	BUF	ATLANTA	1	1	-12	-3	2	-4	10	0	-1	18690
611	2010	93	NYR	CAR	0	-1	9	-3	5	4	0	-9	0	18200
612	2010	93	DAL	VAN	0	-2	5	-2	5	12	0	9	-1	17059
613	2010	93	TB	PIT	1	2	11	-8	1	-2	0	0	0	20109
614	2010	93	LA	WSH	1	1	-8	-11	2	2	0	8	0	18118
615	2010	93	NYI	ATLANTA	1	1	9	8	10	-1	2	-9	-1	12824
616	2010	93	CBJ	COL	0	-1	-9	-6	-1	-1	4	7	0	17371
617	2010	93	CGY	TOR	1	2	10	-9	-2	1	4	2	1	19289
618	2010	93	STL	CHI	0	-3	-11	8	2	2	-19	-3	0	19150
619	2010	93	NSH	ANA	1	2	10	1	2	6	0	1	0	16654
620	2010	93	MIN	NJ	0	-2	6	1	2	1	2	-1	-2	19155
621	2010	93	PHO	DET	0	-3	0	-7	1	1	0	15	0	17125
622	2010	93	SJ	EDM	1	3	4	2	7	5	2	-8	0	17562
623	2010	94	CANADIENS	BUF	0	-1	0	0	1	-1	-2	6	0	21273
624	2010	94	OTT	PHI	1	3	12	5	4	-5	-2	8	-1	17153
625	2010	94	FLA	PIT	1	4	-13	2	4	4	6	7	0	18110
626	2010	94	CHI	ANA	1	3	4	-6	3	3	-2	-2	1	21662
627	2010	95	NYR	BOS	1	1	7	0	8	2	-6	-3	1	18200
628	2010	95	SJ	LA	0	-4	27	-3	2	3	0	6	-2	17562
629	2010	96	TOR	FLA	1	1	0	-17	2	6	0	-3	0	18984
630	2010	96	NJ	DAL	1	4	-1	-4	5	13	-2	-15	1	14202
631	2010	96	WSH	CANADIENS	1	2	17	3	5	2	-2	17	0	18277
632	2010	96	OTT	BOS	0	-3	-7	-4	1	9	2	6	-1	19156
633	2010	96	PIT	ATLANTA	1	3	4	-9	1	8	-4	-2	1	17049
634	2010	96	NSH	CGY	0	-2	-6	11	-3	1	-2	5	1	15030
635	2010	96	CHI	MIN	1	3	13	6	6	0	8	-12	1	21381
636	2010	96	EDM	PHO	0	-1	12	10	1	-4	4	-6	0	16839
637	2010	96	VAN	CBJ	1	4	-8	-3	4	-3	4	4	1	18810
638	2010	96	ANA	DET	1	3	-4	-6	0	-2	0	6	0	15531
639	2010	97	BUF	TB	1	2	-4	-16	2	1	0	-1	1	18690
640	2010	97	NYR	DAL	1	3	-2	-2	7	1	10	3	1	18200
641	2010	97	PHI	TOR	1	4	0	-1	7	-3	-4	-3	3	19617
642	2010	97	MIN	CGY	1	3	9	3	3	7	-6	8	1	18137
643	2010	97	COL	NYI	0	-1	-3	10	1	0	-2	8	0	13898
644	2010	97	SJ	STL	1	1	15	1	-5	14	2	6	0	17562
645	2010	98	BOS	CHI	0	-3	-15	-2	-2	4	-4	10	1	17565
646	2010	98	WSH	OTT	1	3	10	11	10	11	2	-2	0	18277
647	2010	98	ATLANTA	NYR	1	1	2	-4	0	8	2	-5	0	9179
648	2010	98	CANADIENS	FLA	1	2	1	-4	1	-3	-2	-1	0	21273
649	2010	98	PIT	PHI	0	-3	8	8	-3	3	-2	5	-2	17095
650	2010	98	NSH	CAR	1	2	7	-10	-1	4	-19	8	2	14910
651	2010	98	EDM	CBJ	0	-2	-3	4	2	0	-2	2	-1	16839
652	2010	98	VAN	PHO	1	4	-7	8	8	7	6	5	0	18810
653	2010	98	ANA	STL	1	2	7	-5	0	1	-4	9	0	14248
654	2010	98	LA	DET	0	-1	28	-3	5	9	-4	17	1	18118
655	2010	99	NJ	TB	0	-2	21	-2	-3	4	2	1	-2	15129
656	2010	99	CAR	COL	1	1	-10	7	-1	-3	4	-4	1	14071
657	2010	99	BUF	TOR	1	1	-19	4	8	10	2	-4	3	18690
658	2010	99	DAL	NYI	1	1	6	6	10	-3	2	9	0	17430
659	2010	99	CGY	CBJ	0	-1	0	5	3	5	-2	-4	0	19289
660	2010	100	BOS	NYR	0	-2	-4	0	1	6	2	-5	0	17565
661	2010	100	BUF	COL	0	-1	5	9	-2	8	2	-1	1	18690
662	2010	100	TOR	PIT	0	-3	4	-6	-6	6	-2	-2	0	19567
663	2010	100	CANADIENS	NJ	0	-1	2	6	0	6	0	7	1	21273
664	2010	100	OTT	FLA	0	-3	5	0	-5	5	16	-2	0	16506
665	2010	100	PHI	TB	1	3	13	-2	-4	6	0	1	1	19678
666	2010	100	ATLANTA	WSH	0	-7	2	4	17	12	0	1	-2	16767
667	2010	100	NSH	ANA	0	-1	6	8	4	5	0	3	1	17113
668	2010	100	MIN	CHI	1	1	-4	-2	3	11	0	34	0	19310
669	2010	100	PHO	NYI	0	-1	-1	3	5	-1	11	7	1	11454
670	2010	100	VAN	CGY	0	-1	-19	5	3	5	2	-17	0	18810
671	2010	100	LA	STL	0	-1	-8	10	-1	12	-2	14	1	18118
672	2010	100	SJ	DET	0	-3	10	6	2	9	-2	6	0	17562
673	2010	101	CAR	OTT	1	3	1	0	9	2	-2	1	0	16892
674	2010	101	CBJ	DAL	1	2	15	10	1	2	-2	8	1	14501
675	2010	101	CHI	ANA	0	-2	31	5	0	-1	-2	6	0	21708
676	2010	102	MIN	PIT	1	1	-14	0	6	4	1	7	0	19044
677	2010	102	CGY	COL	0	-1	25	5	-1	-7	0	8	-1	19289
678	2010	102	VAN	NSH	0	-1	7	5	-4	3	18	6	-1	18810
679	2010	102	LA	SJ	0	-1	-2	-7	-1	2	-4	19	-1	17821
680	2010	103	TOR	CAR	0	-2	22	8	1	2	-2	-5	-1	19120
681	2010	103	NYI	DET	1	6	15	0	13	-8	-2	-6	1	12254
682	2010	103	NYR	NJ	0	-1	6	9	2	-4	0	8	0	18200
683	2010	103	PHI	DAL	1	3	-2	-2	0	0	2	-7	2	19133
684	2010	103	ATLANTA	OTT	1	5	-3	1	14	4	7	7	1	10017
685	2010	103	TB	WSH	1	3	0	-1	4	3	-8	8	2	13891
686	2010	103	STL	CBJ	1	3	-4	-1	3	-2	4	-4	0	17900
687	2010	103	EDM	NSH	0	-2	13	1	0	2	-2	13	2	16839
688	2010	103	PHO	SJ	0	-2	1	0	-2	10	-4	3	-1	9248
689	2010	104	MIN	VAN	1	3	-9	3	6	-1	-10	0	0	18356
690	2010	104	FLA	WSH	0	-1	-7	1	5	1	-4	9	1	14776
691	2010	104	CGY	PIT	0	-2	11	-1	3	0	0	-3	0	19289
692	2010	104	ANA	BOS	1	1	2	9	2	-1	-4	4	1	14957
693	2010	105	TOR	PHI	1	4	-3	0	0	2	0	-4	0	19370
694	2010	105	NYR	OTT	0	-2	-2	24	-1	3	-2	0	0	18200
695	2010	105	ATLANTA	BUF	0	-1	1	9	5	2	0	-5	0	11313
696	2010	105	CANADIENS	DAL	1	2	-8	0	10	3	2	2	1	21273
697	2010	105	TB	FLA	0	-1	1	8	3	0	2	1	0	13516
698	2010	105	DET	CAR	1	2	-3	7	-1	4	-8	-7	2	20066
699	2010	105	STL	MIN	1	1	18	-4	1	-1	-6	2	0	19150
700	2010	105	CHI	CBJ	1	3	12	0	7	4	0	1	0	21884
701	2010	105	PHO	NJ	1	1	-15	3	2	2	-2	9	1	9430
702	2010	105	EDM	PIT	0	-1	4	10	4	-4	-4	-2	1	16839
703	2010	105	LA	ANA	1	4	5	2	1	0	-25	-4	0	18118
704	2010	105	SJ	BOS	0	-1	11	18	-2	-2	0	-10	0	17562
705	2010	106	WSH	TOR	1	5	-5	-10	10	4	22	1	1	18277
706	2010	106	CGY	NSH	0	-1	1	8	2	3	0	6	0	19289
707	2010	107	CBJ	CHI	0	-1	-5	3	1	-1	-4	13	-2	18738
708	2010	107	DAL	DET	1	1	2	-9	6	6	-2	4	0	18532
709	2010	107	COL	NJ	1	2	-10	2	-2	-2	2	2	0	17816
710	2010	107	LA	BOS	1	1	10	-7	2	2	-8	10	0	18118
711	2010	107	SJ	EDM	1	2	7	14	0	2	-4	-7	1	17562
712	2010	107	CANADIENS	OTT	0	-2	4	-1	0	18	-8	-1	0	21273
713	2010	107	NYI	BUF	1	1	5	-3	1	10	-6	10	0	13635
714	2010	107	FLA	TB	1	3	-26	-2	0	5	2	-4	1	15971
715	2010	107	CAR	ATLANTA	0	-2	-5	1	6	2	-2	3	2	14812
716	2010	107	STL	NYR	1	3	3	7	-1	4	-4	-4	1	19150
717	2010	107	PHO	MIN	1	2	11	0	1	0	-4	-3	-1	12631
718	2010	107	VAN	PIT	1	4	3	5	2	9	-18	9	1	18810
719	2010	108	WSH	PHI	1	2	-11	2	8	-2	8	-10	-1	18277
720	2010	108	DET	CHI	0	-1	9	-2	0	1	2	15	0	20066
721	2010	108	NYR	CANADIENS	1	4	14	4	4	3	10	3	0	18200
722	2010	108	ANA	CGY	1	1	-11	1	3	-1	0	8	1	16153
723	2010	109	BOS	OTT	0	-4	-3	10	-4	-3	8	6	-1	17565
724	2010	109	NYI	NJ	1	4	26	1	3	-5	-4	0	1	16250
725	2010	109	CAR	TB	0	-1	-10	-7	1	9	-4	7	-1	16031
726	2010	109	CBJ	STL	1	2	-2	16	6	0	0	3	0	14505
727	2010	109	PHO	BUF	0	-5	-5	5	3	0	0	10	0	11309
728	2010	109	FLA	ATLANTA	1	1	-3	3	-1	0	-2	5	0	11818
729	2010	109	NSH	TOR	0	-1	8	2	-3	8	4	7	0	16501
730	2010	109	DAL	MIN	1	1	4	-3	5	12	-2	9	0	16302
731	2010	109	COL	EDM	1	6	10	-2	3	-1	-2	0	2	11232
732	2010	109	SJ	CGY	1	8	24	4	2	-1	-4	4	2	17562
733	2010	110	NYR	TB	1	6	8	-5	10	4	-8	4	1	18200
734	2010	110	PHI	CBJ	1	2	9	10	1	-3	-4	-3	-1	19126
735	2010	110	WSH	DET	1	1	-23	-5	2	5	2	13	1	18277
736	2010	110	ATLANTA	TOR	1	1	-8	-2	9	8	-4	10	1	10208
737	2010	110	OTT	CHI	1	3	-12	4	1	2	-2	17	1	17556
738	2010	110	PIT	NYI	1	2	-6	23	-4	6	-17	8	4	16981
739	2010	110	ANA	BUF	1	1	-15	12	0	0	2	15	0	15570
740	2010	110	LA	SJ	0	-4	13	2	-5	1	-2	10	-3	16212
741	2010	111	NJ	FLA	1	2	10	8	-1	6	2	13	0	13931
742	2010	111	CANADIENS	STL	0	-1	10	7	-4	0	0	-1	0	21273
743	2010	111	EDM	VAN	0	-1	4	-5	-2	-5	2	4	-2	16839
744	2010	112	BOS	CBJ	0	-1	9	3	4	2	2	1	-1	17565
745	2010	112	OTT	STL	1	1	1	-3	9	4	-4	-15	3	16063
746	2010	112	NYI	FLA	1	1	2	6	11	3	4	-10	0	12138
747	2010	112	PHI	NYR	1	2	3	-6	2	0	0	-4	1	19631
748	2010	112	ATLANTA	CAR	0	-3	12	4	4	2	-4	6	-3	10472
749	2010	112	TB	TOR	1	1	10	-2	3	6	-10	-4	0	13691
750	2010	112	PIT	WSH	0	-3	4	-15	0	7	-4	16	-2	17132
751	2010	112	MIN	DET	0	-1	1	19	6	2	4	4	0	18330
752	2010	112	PHO	NSH	1	2	-20	8	-5	-4	4	1	0	9142
753	2010	112	CGY	CHI	0	-2	-8	-5	-1	6	0	-1	0	19289
754	2010	112	VAN	DAL	1	1	0	8	3	2	-2	2	0	18810
755	2010	112	LA	BUF	1	1	0	8	0	12	0	7	-1	16884
756	2010	112	SJ	ANA	1	2	-2	8	3	4	-2	2	1	17562
757	2010	113	NJ	CANADIENS	0	-2	8	2	-8	3	0	-6	0	17625
758	2010	113	COL	NSH	1	1	-7	9	-8	3	-6	-6	1	12452
759	2010	113	EDM	DAL	0	-1	6	2	-3	-2	0	14	0	16839
760	2010	114	BOS	OTT	0	-1	10	5	0	4	0	6	0	17565
761	2010	114	PHI	CAR	1	2	-5	1	6	-2	4	12	-1	19732
762	2010	114	CANADIENS	NYR	1	6	-1	1	7	1	-6	-8	2	21273
763	2010	114	NYI	NJ	0	-2	-6	11	-1	7	-17	-2	1	16250
764	2010	114	WSH	PHO	1	2	4	8	-3	1	-4	6	2	18277
765	2010	114	FLA	TOR	1	2	-17	-7	-1	2	2	12	1	18087
766	2010	114	DET	LA	0	-1	0	-5	2	-1	0	-13	1	20066
767	2010	114	TB	ATLANTA	1	1	-12	3	1	3	4	1	1	16212
768	2010	114	STL	ANA	0	-1	-16	-5	2	-1	4	10	0	19150
769	2010	114	MIN	CBJ	1	2	4	-7	8	-1	-6	-3	0	18173
770	2010	114	VAN	CHI	1	4	-16	4	-1	1	8	4	0	18810
771	2010	114	SJ	BUF	1	3	-16	5	2	-2	-2	9	-1	17562
772	2010	115	PHI	PIT	0	-1	6	8	-4	-2	-6	7	-1	19798
773	2010	115	CAR	BOS	1	4	-8	-3	-1	6	0	0	0	13512
774	2010	115	COL	DAL	1	4	9	-1	4	4	-6	-11	2	11741
775	2010	116	NYR	PIT	0	-2	2	9	1	3	-4	-2	-1	18200
776	2010	116	CGY	STL	0	-2	5	3	-6	10	2	1	0	19289
777	2010	116	VAN	BUF	1	1	-7	-6	3	-2	-4	-2	-1	18810
778	2010	117	TOR	LA	0	-2	-5	8	-1	0	2	-9	-1	19322
779	2010	117	NYI	WSH	0	-5	-2	-2	-8	-7	-6	-1	0	12549
780	2010	117	ATLANTA	ANA	1	1	-1	-2	8	-1	0	7	1	12984
781	2010	117	CBJ	NSH	1	1	-14	3	5	0	-2	2	1	13775
782	2010	117	OTT	NJ	1	3	-6	12	3	2	-4	6	0	18107
783	2010	117	FLA	CANADIENS	1	1	12	-5	3	2	-2	-1	-1	17104
784	2010	117	DET	PHO	0	-1	-1	-11	3	14	4	-3	-1	19843
785	2010	117	EDM	CHI	0	-2	-13	2	2	5	2	9	-1	16839
786	2010	118	BUF	NJ	1	1	-9	1	7	2	0	4	0	18690
787	2010	118	NYR	CAR	0	-4	14	-4	5	5	-2	1	-1	18200
788	2010	118	WSH	ANA	1	4	18	13	0	10	-6	-5	1	18277
789	2010	118	TB	CANADIENS	1	3	-3	15	7	6	0	-2	1	14404
790	2010	118	MIN	DET	1	3	-3	2	-3	3	-8	7	2	18316
791	2010	118	DAL	CGY	1	1	10	-6	10	4	0	22	-1	16807
792	2010	118	VAN	STL	1	1	7	3	2	1	-6	-4	0	18810
793	2010	119	PHI	ATLANTA	0	-1	9	5	-2	-3	2	13	0	19611
794	2010	119	PIT	OTT	0	-3	3	-1	1	3	0	6	0	17084
795	2010	119	CAR	NYI	1	3	-4	0	11	5	-2	6	1	15473
796	2010	119	CBJ	LA	0	-3	12	-2	1	1	0	16	-1	13709
797	2010	119	COL	MIN	0	-1	3	-5	7	8	6	2	0	11597
798	2010	119	PHO	CGY	1	1	5	2	1	5	-4	-13	1	12725
799	2010	119	EDM	STL	0	-1	5	4	9	2	-2	-2	0	16839
800	2010	119	SJ	CHI	0	-1	-2	-7	2	-2	-2	2	1	17562
801	2010	120	NJ	TOR	1	1	2	-6	-1	2	0	0	1	15536
802	2010	120	WSH	FLA	1	3	4	-10	0	9	4	5	1	18277
803	2010	120	BUF	BOS	1	1	-8	8	9	17	-6	-6	1	18690
804	2010	120	TB	ANA	0	-1	-1	7	5	1	10	-1	-1	15230
805	2010	120	DET	NSH	1	2	-19	-4	5	8	0	11	2	20066
806	2010	120	DAL	COL	1	1	5	0	6	9	-2	-12	0	18532
807	2010	121	OTT	CANADIENS	1	1	8	-5	10	5	0	0	-1	20500
808	2010	121	BOS	LA	0	-1	4	-8	3	3	-14	8	0	17565
809	2010	121	TOR	VAN	0	-2	-15	6	-1	-2	12	9	1	19534
810	2010	121	PHI	NYI	1	1	0	2	-2	3	-2	4	1	19787
811	2010	121	CAR	CHI	1	2	-17	11	9	1	2	2	0	6896
812	2010	121	STL	CBJ	0	-1	8	-10	1	6	10	-8	1	19150
813	2010	121	NSH	ATLANTA	1	1	5	0	7	4	0	1	-1	16646
814	2010	121	PHO	NYR	1	1	-2	-6	1	0	-8	-11	0	16687
815	2010	121	CGY	EDM	1	5	2	-1	15	7	12	4	0	19289
816	2010	121	SJ	MIN	1	3	-2	4	0	15	-4	3	2	17562
817	2010	122	PIT	DET	1	1	23	-12	4	5	4	6	0	17105
818	2010	122	WSH	TB	1	1	4	5	8	-6	-2	-4	0	18277
819	2010	122	NJ	LA	0	-1	6	-10	1	10	2	-3	-1	17625
820	2010	122	FLA	NYI	1	2	-8	10	3	0	2	2	1	16023
821	2010	122	DAL	PHO	0	-2	9	-7	2	7	-2	21	0	16498
822	2010	122	COL	NYR	0	-2	1	-4	0	9	0	-2	0	15264
823	2010	123	PIT	BUF	1	1	-3	3	9	8	6	12	-1	17029
824	2010	123	FLA	ANA	0	-3	8	7	3	7	-2	-10	-1	10843
825	2010	123	CGY	PHI	0	-3	-9	-2	9	8	4	2	-1	19289
826	2010	123	EDM	CAR	1	2	-8	2	3	13	-2	3	0	16839
827	2010	124	BOS	WSH	0	-3	16	-3	-3	-1	-4	4	1	17565
828	2010	124	TOR	NJ	1	3	-4	9	-1	3	-4	22	1	19326
829	2010	124	ATLANTA	TB	0	-1	3	-10	6	4	0	5	0	11390
830	2010	124	CANADIENS	VAN	1	1	-19	16	-5	5	4	1	-2	21273
831	2010	124	NSH	PHO	0	-1	-1	1	0	7	0	2	0	14196
832	2010	124	DAL	MIN	1	2	-24	-8	7	-1	2	-3	0	16729
833	2010	124	COL	CBJ	1	4	5	-1	1	8	6	7	0	11213
834	2010	124	LA	NYR	1	1	0	-2	6	-1	-10	-4	0	18118
835	2010	124	SJ	DET	0	-2	-3	10	-1	7	6	2	-2	17562
836	2010	125	BUF	OTT	0	-2	-2	6	-2	0	0	10	0	18690
837	2010	125	CHI	STL	0	-1	15	2	14	5	2	-3	-1	21836
838	2010	125	CGY	CAR	1	3	11	1	5	-4	20	-1	-1	19289
839	2010	125	EDM	PHI	1	1	-6	-11	4	2	0	0	1	16839
840	2010	125	ANA	DET	1	2	-17	5	2	2	0	7	-1	15180
841	2010	126	BOS	CANADIENS	0	-1	22	11	5	4	-8	-12	0	17565
842	2010	126	NYR	WSH	0	-1	6	4	3	-1	6	5	1	18200
843	2010	126	CBJ	DAL	1	1	3	8	0	3	6	1	0	14028
844	2010	126	OTT	VAN	1	2	-9	-8	1	-4	0	-10	0	18803
845	2010	126	TB	NYI	1	3	-5	7	2	0	2	-1	1	13891
846	2010	126	STL	SJ	0	-2	6	-6	7	3	0	10	0	19150
847	2010	126	NSH	COL	1	2	10	11	-1	5	-4	3	2	17113
848	2010	126	MIN	EDM	1	2	4	16	7	11	2	6	-1	18168
849	2010	126	LA	ANA	1	2	9	-4	3	0	-2	2	2	18118
850	2010	127	NJ	TOR	1	1	8	2	-1	14	2	-11	-1	15204
851	2010	127	WSH	ATLANTA	1	3	-13	-9	0	9	-4	-4	1	18277
852	2010	127	BUF	CAR	0	-1	4	-6	1	4	4	-1	0	18690
853	2010	127	FLA	CGY	0	-1	-27	-2	3	3	-2	-3	-1	16781
855	2010	128	BOS	VAN	0	-1	12	13	4	-1	-2	-5	2	17565
856	2010	128	CANADIENS	PIT	1	2	11	6	1	0	-18	-6	1	21273
857	2010	128	LA	DET	1	1	0	0	0	0	0	0	0	18118
858	2010	128	DAL	PHO	1	4	1	18	-2	1	6	23	1	18532
859	2010	128	TOR	OTT	1	5	7	5	8	0	-4	-6	1	19426
860	2010	128	NYI	CAR	0	-2	10	7	0	12	-2	-3	0	12709
861	2010	128	NYR	NJ	1	2	-17	-1	2	2	-6	2	1	18200
862	2010	128	ATLANTA	FLA	1	2	6	10	6	3	-4	2	1	16743
863	2010	128	TB	CGY	1	1	0	0	0	0	0	0	0	15859
864	2010	128	CBJ	BUF	1	4	-3	4	1	0	-2	12	2	18576
865	2010	128	STL	CHI	0	-1	5	-6	-1	4	-4	10	1	19150
866	2010	128	NSH	SJ	0	-1	9	-10	11	-3	2	3	-1	16007
867	2010	128	MIN	PHI	1	1	-9	-7	0	-3	0	-4	0	18640
868	2010	128	COL	EDM	1	3	22	-5	6	7	2	6	0	16571
869	2010	129	CANADIENS	BOS	0	-3	9	-2	2	8	-2	0	0	21273
870	2010	129	WSH	PIT	1	1	-1	-6	-1	2	4	15	0	18277
871	2010	130	TOR	SJ	0	-1	8	0	5	3	-2	8	1	19460
872	2010	130	PHI	NJ	1	1	7	0	4	-1	14	8	0	19678
873	2010	130	COL	STL	1	3	-1	-3	4	5	-4	-12	1	11261
874	2010	130	PHO	EDM	1	5	0	0	0	0	0	0	0	13421
875	2010	130	ANA	LA	1	2	-4	-3	1	-2	2	8	2	16033
876	2010	131	BUF	BOS	0	-1	11	-5	11	4	-2	13	1	18690
877	2010	131	NYI	NSH	1	1	5	5	-6	10	-4	5	1	11487
878	2010	131	CAR	FLA	1	3	10	-3	-2	1	0	-7	1	18393
879	2010	131	OTT	CGY	1	1	2	-2	-1	0	-4	3	1	18682
880	2010	131	TB	VAN	1	2	-21	4	-3	1	0	6	0	14226
881	2010	131	STL	DET	1	1	3	5	4	2	-2	8	1	19150
882	2010	131	CHI	DAL	1	1	13	9	1	5	4	-4	-1	21446
883	2010	132	NJ	PHI	0	-1	8	1	-2	1	2	-3	0	5580
884	2010	132	NYR	NSH	0	-1	2	2	1	0	-2	6	0	13128
885	2010	132	CBJ	SJ	1	3	0	0	0	0	0	0	0	15234
886	2010	132	CANADIENS	WSH	1	1	1	1	1	-3	6	-2	0	21273
887	2010	132	PIT	NYI	1	2	-10	6	3	0	2	13	0	16980
888	2010	132	MIN	PHO	0	-1	0	-6	1	6	0	-5	1	18178
889	2010	132	COL	ATLANTA	1	1	-1	5	3	7	0	1	0	11644
890	2010	132	ANA	EDM	1	1	-9	1	-1	0	-6	8	1	14766
891	2010	133	OTT	WSH	1	1	4	0	6	2	0	2	2	19682
892	2010	133	CAR	BUF	1	1	3	20	2	0	-4	4	2	15527
893	2010	133	TB	BOS	0	-1	-1	-8	3	2	-4	3	0	15826
894	2010	133	FLA	VAN	0	-3	-4	-4	2	3	-6	6	-1	13787
895	2010	133	DET	SJ	0	-1	26	5	1	11	-8	8	1	20066
896	2010	133	CGY	DAL	0	-2	11	2	2	4	-4	2	0	19289
897	2010	133	LA	EDM	0	-1	20	-5	-1	10	-4	1	-1	18118
898	2010	134	NJ	NSH	1	3	7	5	5	11	-2	-2	0	17625
899	2010	134	PHI	CANADIENS	1	1	8	3	2	4	15	10	0	19803
900	2010	134	CBJ	VAN	0	-1	0	-7	-2	1	4	7	-1	16564
901	2010	134	PIT	NYR	0	-1	-12	-7	1	7	-8	-10	1	17132
902	2010	134	STL	TOR	1	4	3	4	3	1	0	-1	0	19150
903	2010	134	MIN	ATLANTA	0	-1	14	-5	3	3	8	14	0	18257
904	2010	134	COL	PHO	1	1	-9	6	-7	7	-15	-12	1	14129
905	2010	135	NYI	TB	1	1	-9	-3	3	0	12	13	0	12337
906	2010	135	BUF	SJ	1	2	0	-1	9	6	4	6	0	18690
907	2010	135	CANADIENS	PHI	0	-4	2	9	3	6	-6	3	0	21273
908	2010	135	CAR	NJ	1	3	6	-12	9	1	-2	1	1	16466
909	2010	135	FLA	BOS	0	-1	-11	1	6	3	-4	7	1	17109
910	2010	135	DET	OTT	1	3	10	2	3	3	-4	-8	2	20066
911	2010	135	STL	WSH	1	1	2	-11	4	-2	-1	3	-1	19150
912	2010	135	PHO	DAL	0	-3	18	-1	-1	3	-2	13	0	16734
913	2010	135	CHI	ATLANTA	1	1	13	-8	2	1	-2	-9	0	22275
914	2010	135	CGY	ANA	1	2	11	1	5	-2	0	-4	0	19289
915	2010	135	LA	COL	1	3	1	3	-3	4	1	1	1	18118
916	2010	136	NYR	TB	1	3	-6	-14	6	-1	-2	-4	-1	18200
917	2010	136	PIT	NSH	0	-1	7	2	-5	5	6	12	0	17132
918	2010	136	MIN	VAN	1	4	12	5	3	-1	-22	7	4	19342
919	2010	136	NYI	OTT	0	-1	2	-1	5	3	-6	16	-1	11297
920	2010	136	CBJ	CHI	0	-1	-9	4	2	1	-12	10	1	17673
921	2010	136	EDM	ANA	0	-4	-17	-2	-3	5	8	1	-3	16839
922	2010	151	COL	DET	0	-1	-6	-2	2	4	4	15	-2	18007
923	2010	152	BOS	CANADIENS	0	-3	-8	-11	-1	1	-4	1	1	17565
924	2010	152	TOR	CAR	0	-4	3	5	1	1	-4	0	0	19096
925	2010	152	NYI	CHI	1	2	-21	-1	17	-2	6	7	-2	13486
926	2010	152	ATLANTA	FLA	1	2	3	10	5	0	6	4	0	13818
927	2010	152	CBJ	VAN	0	-1	-1	-12	1	4	-4	21	-1	14513
928	2010	152	OTT	NYR	0	-3	0	6	0	8	-14	5	0	18254
929	2010	152	PIT	BUF	1	1	0	6	6	0	4	9	1	17132
930	2010	152	TB	PHI	0	-5	4	6	4	-5	4	0	-3	17812
931	2010	152	NSH	EDM	1	1	3	9	8	0	0	-3	1	15682
932	2010	152	DAL	LA	0	-4	10	2	6	1	-2	19	-1	15571
933	2010	152	PHO	STL	0	-3	4	-7	1	-1	0	4	-1	10385
934	2010	152	SJ	NJ	0	-1	-5	15	0	8	4	15	0	17562
935	2010	153	BUF	WSH	0	-2	-16	11	2	5	0	-5	0	18690
936	2010	153	FLA	PHI	1	3	1	-1	4	1	-6	1	0	15878
937	2010	153	DET	VAN	0	-3	-2	-3	-5	-1	4	-3	-1	19536
938	2010	153	CHI	EDM	1	3	33	8	5	1	-6	1	1	22204
939	2010	153	CGY	MIN	0	-4	8	-17	3	3	-4	5	0	19289
940	2010	153	ANA	COL	0	-1	9	-8	1	2	0	-6	-1	14840
941	2010	154	BOS	TOR	1	1	5	0	2	6	2	1	0	17565
942	2010	154	NYR	PIT	0	-1	-39	1	9	1	0	-9	0	18200
943	2010	154	WSH	TB	1	1	5	2	6	1	4	1	-2	18277
944	2010	154	CAR	OTT	1	3	-5	-10	5	5	-2	0	0	17048
945	2010	154	ATLANTA	NYI	1	3	-15	11	4	0	4	6	-1	14776
946	2010	154	NSH	LA	1	2	10	7	5	1	-4	-2	0	15653
947	2010	154	DAL	STL	0	-5	3	-4	0	4	0	17	0	17132
948	2010	154	PHO	COL	1	2	6	2	-4	2	2	4	-1	12426
949	2010	154	SJ	CANADIENS	1	1	10	18	0	0	0	13	0	17562
950	2010	155	BUF	PHI	1	1	6	5	-2	7	-2	-1	0	18690
951	2010	155	DET	NSH	1	3	10	16	3	4	2	14	1	19608
952	2010	155	CHI	VAN	1	3	1	-4	5	1	-6	-5	1	22235
953	2010	155	CGY	NJ	1	2	0	1	3	5	6	7	-1	19289
954	2010	155	EDM	MIN	1	1	-6	-15	2	4	2	-4	0	16839
955	2010	156	PIT	DAL	1	3	4	-3	4	2	2	7	1	17132
956	2010	156	NYI	BOS	0	-1	5	-14	3	1	-13	-5	0	14587
957	2010	156	OTT	TOR	0	-1	-8	1	1	11	4	6	1	20036
958	2010	156	WSH	NYR	1	2	-2	-8	2	1	-4	-6	1	18277
959	2010	156	FLA	CAR	1	3	-2	9	5	5	4	1	1	16202
960	2010	156	TB	ATLANTA	1	4	-1	-2	1	2	12	-1	1	19926
961	2010	156	PHO	ANA	1	4	-2	5	-2	0	8	-11	1	14965
962	2010	156	COL	STL	1	4	-9	-6	-1	5	0	-4	0	18007
963	2010	156	LA	CANADIENS	0	-2	0	9	-2	4	-6	16	0	18118
964	2010	156	SJ	CBJ	1	1	22	2	3	-3	-8	4	1	17562
965	2010	157	PIT	BOS	1	1	11	-9	1	5	6	7	-1	17132
966	2010	157	NSH	VAN	0	-2	7	-1	-1	6	-2	2	1	16096
967	2010	157	MIN	CGY	0	-3	5	12	6	3	2	-7	-1	18217
968	2010	157	ATLANTA	CAR	0	-4	-6	-9	3	1	8	8	-2	15306
969	2010	157	NYR	BUF	0	-1	4	2	4	2	0	19	1	18200
970	2010	157	PHI	TOR	1	2	-3	-13	2	1	-14	3	1	19632
971	2010	157	CHI	DET	0	-1	7	-5	-2	3	-4	6	-1	22309
972	2010	157	EDM	NJ	1	2	13	-1	3	-5	-14	-4	0	16839
973	2010	157	ANA	CANADIENS	0	-1	-11	-3	3	3	2	-1	1	15883
974	2010	158	WSH	DAL	0	-1	26	0	0	9	-2	1	-1	18277
975	2010	158	LA	CBJ	1	6	24	11	1	0	-17	-9	3	17524
976	2010	159	TOR	BOS	1	1	1	-5	-3	-3	-2	11	-1	19499
977	2010	159	PHI	NYI	1	1	10	2	3	-1	-6	-2	2	19687
978	2010	159	ATLANTA	NSH	0	-1	-1	-3	1	6	0	6	-1	11106
979	2010	159	CANADIENS	TB	1	2	-3	14	7	6	6	-6	0	21273
980	2010	159	DET	CGY	0	-2	-2	3	3	3	-4	3	1	20066
981	2010	159	MIN	FLA	0	-1	-20	-2	0	-5	6	2	1	18191
982	2010	159	COL	VAN	0	-2	-5	-9	8	7	2	-5	0	12861
983	2010	159	EDM	OTT	0	-3	-20	3	-3	16	20	-2	-2	16839
984	2010	159	ANA	CBJ	0	-3	9	12	-3	3	10	-5	-3	13700
985	2010	160	BUF	DAL	1	2	23	0	9	-1	0	0	0	18690
986	2010	160	NJ	NYR	1	3	8	7	3	12	-8	9	1	17625
987	2010	160	WSH	CAR	1	1	8	0	9	7	2	-5	1	18277
988	2010	160	CHI	LA	1	1	13	7	1	7	-2	-6	-1	21850
989	2010	160	PHO	VAN	1	1	-5	1	4	1	2	11	0	15883
990	2010	161	TOR	TB	1	1	5	6	3	-5	0	-2	-1	19110
991	2010	161	NYI	STL	0	-1	-6	9	4	10	2	-2	0	11335
992	2010	161	PHI	BOS	0	-4	-5	1	2	10	10	10	1	19673
993	2010	161	CAR	PIT	1	1	-19	14	1	10	-4	11	0	16426
994	2010	161	CBJ	ATLANTA	1	1	-8	0	1	-2	-4	-2	1	13459
995	2010	161	CANADIENS	EDM	1	1	1	-2	4	-3	-6	-3	-1	21273
996	2010	161	DET	MIN	1	4	8	2	8	4	-2	-1	1	19327
997	2010	161	COL	FLA	1	3	4	-6	12	8	0	-1	1	11458
998	2010	161	CGY	OTT	1	2	-8	-6	2	-4	6	5	0	19289
999	2010	161	SJ	NSH	1	3	-19	-1	9	1	2	1	0	17562
1000	2010	162	NJ	PIT	1	2	-3	-2	0	6	-11	5	0	17625
1001	2010	162	WSH	TB	0	-1	3	10	3	4	-6	1	2	18277
1002	2010	162	BUF	MIN	0	-1	12	9	2	12	-8	3	0	18690
1003	2010	162	ATLANTA	NYR	0	-3	-4	-5	-3	1	4	6	-1	15571
1004	2010	162	DAL	LA	0	-1	2	-7	1	9	0	-3	-1	16651
1005	2010	162	ANA	NSH	0	-1	3	-5	1	3	4	3	-1	15077
1006	2010	163	PHI	CHI	1	1	-7	6	5	1	4	-6	-1	19858
1007	2010	163	TOR	EDM	1	2	18	7	7	5	-14	-6	1	19243
1008	2010	163	CANADIENS	BOS	1	1	4	-6	2	1	0	-11	1	21273
1009	2010	163	NYI	NJ	1	2	-11	-8	0	-5	2	26	1	15583
1010	2010	163	CAR	PHO	0	-4	9	1	1	8	0	10	-1	17690
1011	2010	163	DET	BUF	1	1	11	-1	6	3	-2	10	1	20066
1012	2010	163	CBJ	STL	0	-4	-11	-2	0	3	-4	1	-2	16453
1013	2010	163	VAN	OTT	1	4	21	0	2	0	-8	-3	2	18810
1014	2010	163	SJ	FLA	0	-1	11	10	-3	7	12	-4	1	17562
1015	2010	164	NYR	PHI	1	2	3	0	8	5	-2	3	0	18200
1016	2010	164	DAL	COL	0	-2	29	4	3	7	-4	12	-2	16246
1017	2010	164	LA	NSH	0	-1	-11	-3	2	2	0	-1	1	18118
1018	2010	164	NYI	TOR	1	3	5	3	1	0	0	-1	1	12804
1019	2010	164	ATLANTA	PHO	0	-1	7	9	1	6	-4	0	1	15914
1020	2010	164	TB	PIT	0	-1	-17	10	1	6	4	10	-1	20230
1021	2010	164	MIN	STL	1	2	-18	1	4	3	4	-3	0	18580
1022	2010	164	CHI	WSH	0	-1	-7	4	3	3	-9	-11	0	22289
1023	2010	164	ANA	SJ	1	2	0	-13	0	-2	-4	2	0	16317
1024	2010	164	VAN	CGY	1	2	-5	6	1	2	-2	-11	1	18810
1025	2010	165	NJ	BOS	1	1	-8	-10	-1	6	2	-1	0	15801
1026	2010	165	CBJ	EDM	1	2	-3	7	2	-3	2	-1	0	13603
1027	2010	165	CGY	DET	0	-1	-5	15	8	3	-4	7	-1	19289
1028	2010	166	NYR	CANADIENS	0	-2	-15	1	-1	5	11	4	-1	18200
1029	2010	166	CAR	BOS	0	-3	-5	-10	-1	2	-2	7	1	15832
1030	2010	166	ATLANTA	BUF	1	1	-6	5	1	3	-2	5	-1	12540
1031	2010	166	OTT	TOR	0	-3	1	4	4	7	4	5	0	20405
1032	2010	166	TB	PHO	0	-1	0	4	3	4	-2	1	0	14517
1033	2010	166	FLA	WSH	0	-4	-2	0	5	1	2	17	-2	15123
1034	2010	166	STL	COL	0	-2	13	10	5	-1	-4	-2	0	19150
1035	2010	166	NSH	PHI	1	1	-15	-1	11	2	4	-9	-1	16585
1036	2010	166	MIN	EDM	1	2	-8	6	1	0	4	-4	-1	18474
1037	2010	166	DAL	SJ	1	6	-16	-8	3	3	13	3	1	18532
1038	2010	166	VAN	NYI	0	-3	17	6	1	-4	4	-9	-1	18810
1039	2010	167	NJ	PIT	1	3	-7	-5	3	-1	5	-4	0	17625
1040	2010	167	COL	CGY	0	-1	0	2	-1	6	2	-5	-1	12770
1041	2010	167	ANA	CHI	1	2	-5	-6	0	-5	2	-3	0	15243
1042	2010	168	BOS	PIT	0	-3	-14	3	1	2	10	-1	0	17565
1043	2010	168	NYR	STL	0	-1	13	4	-3	2	-6	-13	0	18200
1044	2010	168	CAR	WSH	1	1	1	-7	4	8	-2	9	0	18144
1045	2010	168	ATLANTA	OTT	1	3	-12	2	3	11	-4	4	2	12718
1046	2010	168	TOR	NJ	1	1	1	-15	-1	3	2	-8	0	19183
1047	2010	168	TB	BUF	0	-4	-3	-7	8	7	-8	-4	0	16868
1048	2010	168	FLA	PHO	0	-1	-22	1	2	4	2	0	0	12282
1049	2010	168	NSH	MIN	1	5	20	11	-5	8	-2	3	1	16615
1050	2010	168	DAL	PHI	0	-1	-2	-4	-3	3	-4	8	1	17529
1051	2010	168	VAN	SJ	1	1	-8	-11	4	3	-2	3	2	18810
1052	2010	168	LA	CHI	0	-3	-20	9	3	10	10	17	0	18118
1053	2010	169	CBJ	MIN	1	2	12	9	0	1	-4	13	0	16419
1054	2010	169	CGY	SJ	1	1	-4	-6	-1	3	0	-3	0	19289
1055	2010	169	EDM	DET	1	1	-9	3	7	14	2	9	0	16839
1056	2010	169	ANA	NYI	1	1	8	9	3	3	2	12	-1	14665
1057	2010	170	PIT	CAR	0	-1	-4	-1	-5	3	4	16	1	17090
1058	2010	170	DAL	OTT	1	1	-4	5	8	4	2	0	-1	17110
1059	2010	170	TOR	CANADIENS	1	1	6	5	8	0	10	-3	0	19538
1060	2010	170	NJ	STL	0	-1	9	4	-2	2	-2	-1	0	17625
1061	2010	170	ATLANTA	PHI	1	3	1	0	3	-1	2	4	0	17024
1062	2010	170	FLA	BUF	0	-2	-4	7	5	4	-2	24	0	18217
1063	2010	170	TB	WSH	0	-2	6	16	1	1	0	4	0	19844
1064	2010	170	NSH	CBJ	1	1	-2	-1	3	6	-2	-1	0	16363
1065	2010	170	PHO	CHI	1	1	-3	-4	-4	1	-2	11	0	17534
1066	2010	170	VAN	DET	0	-1	-22	0	-1	3	0	-1	0	18810
1067	2010	170	LA	NYI	1	1	0	-7	4	8	0	8	0	18118
1068	2010	171	BOS	NYR	1	1	7	17	-2	-2	6	8	0	17565
1069	2010	171	MIN	CGY	1	1	-11	-9	1	5	-2	-7	0	18411
1070	2010	171	CAR	BUF	0	-2	10	7	2	2	-14	14	-1	15311
1071	2010	171	FLA	TB	1	3	9	-7	7	-1	-14	-5	0	14831
1072	2010	171	STL	NSH	0	-1	-14	9	5	3	2	9	1	19150
1073	2010	171	PHI	ATLANTA	0	-2	14	3	2	2	0	2	0	19575
1074	2010	171	DAL	PHO	0	-1	-3	7	-3	5	6	6	-2	16114
1075	2010	171	EDM	SJ	1	4	-3	6	-4	3	4	-11	0	16839
1076	2010	171	ANA	COL	1	3	5	-10	-3	-1	-4	-8	3	15528
1077	2010	172	DET	PIT	1	2	6	8	3	1	-4	-10	0	20066
1078	2010	172	CANADIENS	OTT	0	-2	2	-1	4	3	-6	-3	-1	21273
1079	2010	172	LA	COL	1	1	2	-1	4	12	4	4	2	17845
1080	2010	173	TOR	FLA	0	-3	14	14	-1	6	-6	10	0	19158
1081	2010	173	NJ	CBJ	1	3	8	-6	2	6	4	-20	3	14202
1082	2010	173	ATLANTA	BOS	0	-4	-6	-1	12	12	2	5	0	14042
1083	2010	173	OTT	PHI	1	2	0	3	7	2	-15	-6	0	19209
1084	2010	173	TB	CAR	1	1	-2	2	4	6	-4	8	1	13009
1085	2010	173	NSH	DAL	0	-2	21	9	2	6	-4	-3	0	15501
1086	2010	173	MIN	SJ	0	-3	2	-4	0	4	2	6	1	18551
1087	2010	173	CHI	PHO	1	2	4	6	9	3	0	-4	0	22077
1088	2010	173	CGY	ANA	1	2	5	9	-1	-2	-4	-8	1	19289
1089	2010	173	EDM	VAN	1	1	-11	-10	0	8	2	11	0	16839
1090	2010	174	NYR	NYI	1	5	17	-11	11	1	-16	-4	2	18200
1091	2010	174	WSH	PIT	1	1	-10	2	2	0	8	4	-1	18277
1092	2010	174	BUF	CANADIENS	1	1	14	-2	5	9	-6	-7	0	18690
1093	2010	174	DET	STL	1	2	-8	-2	2	6	4	5	0	19625
1094	2010	174	COL	LA	1	1	0	-6	9	3	-6	-2	0	13667
1095	2010	174	VAN	ANA	1	3	-1	9	5	3	4	-7	1	18810
1096	2010	175	BOS	TB	0	-2	32	-10	4	2	2	10	-2	17565
1097	2010	175	NJ	NYR	0	-1	7	-1	9	8	0	2	-1	17625
1098	2010	175	NYI	CGY	1	1	-1	-12	16	-2	6	1	0	12817
1099	2010	175	PHI	MIN	0	-1	14	5	1	0	-4	-5	-1	19716
1100	2010	175	CAR	WSH	1	1	-12	-6	3	-3	-2	-9	1	18046
1101	2010	175	ATLANTA	TOR	0	-1	-10	-3	6	4	2	-4	1	14148
1102	2010	175	CBJ	CHI	1	5	-9	7	1	0	6	17	0	14573
1103	2010	175	CANADIENS	FLA	1	3	7	-6	9	7	6	4	0	21273
1104	2010	175	STL	LA	1	2	-6	-5	3	0	10	14	-1	19150
1105	2010	175	NSH	PHO	1	1	-4	2	0	1	-2	-4	0	15970
1106	2010	175	SJ	DAL	1	3	14	1	6	8	-18	-3	2	17562
1107	2010	176	BUF	OTT	0	-2	13	5	2	-2	-11	0	-1	18690
1108	2010	176	DET	MIN	1	4	15	3	4	1	-12	-16	1	20066
1109	2010	176	EDM	ANA	0	-1	-4	-8	9	9	4	1	-1	16839
1110	2010	177	BOS	CGY	1	5	4	11	2	3	11	-1	3	17565
1111	2010	177	PIT	PHI	1	3	4	-8	-1	1	-2	-2	1	17132
1112	2010	177	BUF	TB	1	6	3	-13	0	7	-13	-8	3	18690
1113	2010	177	TOR	NYR	1	1	-6	4	2	6	-2	-1	0	19405
1114	2010	177	CANADIENS	NJ	0	-2	1	-1	1	1	-4	-3	-2	21273
1115	2010	177	OTT	FLA	1	1	3	-5	-4	-9	0	3	0	18689
1116	2010	177	CAR	ATLANTA	0	-4	-9	-19	-2	-1	-2	-2	-1	16108
1117	2010	177	CBJ	NYI	0	-1	9	-9	0	0	-8	5	1	16972
1118	2010	177	NSH	DET	0	-1	-5	-3	1	1	-2	14	0	17113
1119	2010	177	PHO	COL	1	4	3	-1	6	1	2	3	1	17188
1120	2010	177	SJ	VAN	1	2	-7	7	4	7	2	15	0	17562
1121	2010	177	LA	DAL	0	-3	4	14	-1	7	0	-7	-3	18118
1122	2010	178	WSH	CGY	0	-2	12	-2	-3	14	-6	12	1	18277
1123	2010	178	PIT	TOR	1	1	16	-2	0	4	2	7	-1	17104
1124	2010	178	STL	EDM	1	1	7	5	4	4	4	7	1	19150
1125	2010	178	PHI	NJ	1	4	-8	-10	3	-3	12	10	1	19769
1126	2010	178	CHI	CBJ	0	-2	15	4	9	5	0	9	0	22043
1127	2010	178	SJ	COL	1	1	-13	-8	5	12	4	-2	0	17562
1128	2010	179	BOS	BUF	0	-1	9	6	1	2	-2	11	0	17565
1129	2010	179	ATLANTA	CAR	0	-3	5	10	-2	13	6	0	1	13440
1130	2010	179	FLA	NSH	0	-1	4	-3	4	4	-4	7	0	13679
1131	2010	179	MIN	LA	1	1	-11	5	1	4	4	11	2	18284
1132	2010	179	ANA	DAL	1	2	15	9	1	-4	-4	0	1	15070
1133	2010	180	TOR	ATLANTA	0	-1	4	-2	-2	2	0	-13	0	19079
1134	2010	180	NJ	BOS	0	-1	-13	-1	-3	3	10	-5	0	16636
1135	2010	180	NYI	NYR	0	-1	1	12	3	1	-2	10	1	16250
1136	2010	180	WSH	OTT	0	-1	-10	12	6	1	-2	-3	-2	18277
1137	2010	180	CBJ	TB	1	1	7	-4	-2	0	-4	16	0	15760
1138	2010	180	DET	EDM	1	1	18	5	4	1	2	-5	0	19343
1139	2010	180	STL	CHI	1	2	-4	2	3	-2	10	4	0	19150
1140	2010	180	NSH	LA	0	-2	3	-6	-9	5	-2	-3	0	14433
1141	2010	180	VAN	PHO	1	3	-4	-1	4	4	15	-2	-1	18810
1142	2010	181	BUF	FLA	1	4	26	0	5	5	-2	-14	1	18690
1143	2010	181	CANADIENS	CAR	0	-1	8	6	0	-5	-2	-2	1	21273
1144	2010	181	PIT	TB	0	-2	10	4	-4	7	-11	15	-1	17132
1145	2010	181	MIN	CHI	0	-4	-14	-4	-3	8	-4	6	0	18933
1146	2010	181	DAL	SJ	1	4	-1	-7	2	5	-2	9	0	17263
1147	2010	181	COL	ANA	0	-3	2	0	6	5	-4	-5	1	13862
1148	2010	181	CGY	PHO	1	1	1	-2	5	1	-4	5	1	19289
1149	2010	182	BOS	FLA	0	-1	16	11	0	0	-4	7	0	17565
1150	2010	182	TOR	BUF	1	2	10	-2	5	1	-8	-3	-1	19090
1151	2010	182	NYI	PHI	1	2	-7	3	20	-1	0	-3	-1	11823
1152	2010	182	WSH	ATLANTA	1	1	4	1	10	-3	4	6	0	18277
1153	2010	182	OTT	CAR	1	1	4	5	1	10	0	4	0	19152
1154	2010	182	DET	CBJ	1	1	10	-2	7	2	-2	-3	0	19259
1155	2010	182	NSH	STL	1	1	-1	5	-6	7	0	2	-1	15242
1156	2010	182	LA	VAN	1	5	-1	-6	2	0	-14	-17	1	18118
1157	2010	183	NJ	CHI	0	-1	7	-11	4	11	0	9	0	17625
1158	2010	183	PHI	CANADIENS	0	-1	12	-1	-5	-3	0	6	0	19801
1159	2010	183	TB	NYR	0	-5	8	8	-1	7	8	6	-1	17909
1160	2010	183	MIN	SJ	0	-1	1	-7	1	-1	-4	15	1	18584
1161	2010	183	DAL	EDM	1	3	7	16	6	8	6	-9	1	17626
1162	2010	183	COL	CGY	0	-1	9	-15	5	10	2	0	0	18007
1163	2010	183	ANA	VAN	0	-1	-6	-5	-3	-2	-6	-5	3	16534
1164	2010	184	PIT	ATLANTA	1	1	11	-3	5	10	-2	-4	1	17047
1165	2010	184	NYI	OTT	1	3	4	3	13	5	-10	-7	0	11942
1166	2010	184	DET	NSH	0	-1	7	-1	1	9	-2	15	1	20066
1167	2010	184	TOR	BOS	0	-1	-2	-7	4	7	0	3	0	19273
1168	2010	184	CANADIENS	BUF	1	3	9	15	3	2	-14	-15	0	21273
1169	2010	184	CAR	NJ	0	-4	-3	-8	-1	3	0	2	-1	16073
1170	2010	184	FLA	NYR	0	-3	-7	4	-1	6	-4	-1	0	18011
1171	2010	184	CBJ	WSH	0	-1	9	-5	6	4	6	7	-1	16957
1172	2010	184	STL	DAL	1	1	-2	-4	-1	0	-4	-2	0	19150
1173	2010	184	PHO	EDM	1	1	17	8	1	-4	-12	-8	0	17143
1174	2010	184	LA	ANA	0	-1	-4	-2	2	4	-4	-8	0	18118
1175	2010	185	PHI	DET	1	1	-9	-2	5	2	2	7	0	19596
1176	2010	185	CHI	CGY	1	3	5	-3	6	12	-4	4	0	21537
1177	2010	185	COL	SJ	1	1	18	-1	7	6	-16	10	1	12893
1178	2010	185	VAN	MIN	1	1	13	1	2	-1	2	-10	1	18810
1179	2010	186	WSH	BOS	1	1	0	-10	5	8	2	11	1	18277
1180	2010	186	STL	CBJ	1	1	6	2	1	2	0	-4	0	17601
1181	2010	186	EDM	MIN	1	3	5	-4	-1	4	-14	-2	1	16839
1182	2010	187	BUF	NYR	1	3	-2	-11	6	4	-4	-16	0	18690
1183	2010	187	TOR	PHI	0	-2	0	5	1	-3	-2	10	-1	19366
1184	2010	187	NYI	CANADIENS	1	1	11	0	-1	-2	-2	1	-1	10263
1185	2010	187	ATLANTA	NJ	0	-3	-8	2	4	-2	0	5	0	12038
1186	2010	187	PIT	WSH	0	-3	1	1	0	7	-6	14	0	17132
1187	2010	187	TB	CAR	0	-3	-4	11	5	6	2	4	-1	12454
1188	2010	187	FLA	OTT	0	-3	6	2	-3	-1	2	6	-1	11790
1189	2010	187	DAL	CHI	0	-3	-10	7	3	8	-4	16	1	17826
1190	2010	187	CGY	SJ	0	-1	13	4	1	3	-4	11	0	19289
1191	2010	187	VAN	COL	0	-1	1	4	0	4	0	1	1	18810
1192	2010	187	ANA	LA	0	-1	-19	-1	1	-3	0	7	1	16278
1193	2010	188	NYR	TOR	1	4	5	-9	4	1	-12	-4	0	18200
1194	2010	188	DET	CBJ	1	1	11	6	4	2	-18	-9	2	20066
1195	2010	188	CHI	STL	1	1	-5	-2	4	7	13	-9	0	22155
1196	2010	188	EDM	COL	1	1	10	0	8	9	2	-6	2	16839
1197	2010	188	PHO	NSH	1	3	5	5	6	-6	0	-5	-1	17136
1198	2010	189	BOS	BUF	1	2	2	4	-1	-1	-4	4	0	17565
1199	2010	189	CAR	CANADIENS	1	3	1	4	6	-1	2	8	1	18680
1200	2010	189	PIT	NYI	1	4	0	0	5	7	15	3	1	17132
1201	2010	189	TB	OTT	1	1	-9	0	1	6	12	10	-1	15876
1202	2010	189	FLA	NJ	1	1	-26	-6	2	4	2	-11	0	15273
1203	2010	189	DAL	ANA	1	1	32	10	3	-1	2	-9	-1	18009
1204	2010	189	CGY	MIN	0	-1	9	-6	2	4	0	-4	-1	19289
1205	2010	189	LA	PHO	0	-1	-3	10	-2	4	10	3	0	18118
1206	2010	189	SJ	VAN	1	2	-1	3	0	3	18	6	0	17562
1207	2010	190	NYR	PHI	1	1	-2	-2	2	-1	-4	-11	1	18200
1208	2010	190	WSH	ATLANTA	1	3	16	8	0	-2	-6	-7	0	18277
1209	2010	190	CBJ	DET	0	-1	-23	10	2	-2	0	16	0	18512
1210	2010	190	STL	ANA	1	3	22	-7	2	6	-14	4	2	19150
1211	2010	190	COL	CHI	0	-3	-5	-6	-2	4	6	4	-1	16327
1212	2010	191	BOS	CAR	1	2	7	13	0	2	-2	-5	0	17565
1213	2010	191	LA	EDM	0	-1	39	16	4	6	-2	9	0	18118
1214	2010	191	CANADIENS	TOR	0	-1	9	-1	8	-4	-8	-21	1	21273
1215	2010	191	OTT	BUF	0	-3	2	5	4	3	-2	1	-1	20500
1216	2010	191	NJ	NYI	1	6	18	9	1	6	-14	-6	1	17625
1217	2010	191	ATLANTA	PIT	1	1	-11	12	3	1	-14	-4	0	18959
1218	2010	191	TB	FLA	1	1	5	10	3	2	2	9	1	17050
1219	2010	191	NSH	STL	1	1	2	-15	-1	-3	-2	2	0	16702
1220	2010	191	MIN	DAL	0	-1	1	5	0	2	2	13	0	19109
1221	2010	191	VAN	CGY	1	4	-12	2	-6	7	-4	-1	0	18810
1222	2010	191	SJ	PHO	1	1	1	-1	7	6	-4	9	0	17562
1223	2010	192	PHI	NYR	1	1	22	-2	-1	5	-4	6	1	19889
1224	2010	192	WSH	BOS	0	-1	-1	-2	6	4	10	4	-1	18277
1225	2010	192	CHI	DET	0	-1	8	8	1	4	-4	-2	1	22428
1226	2010	192	COL	LA	0	-1	-1	-10	4	-6	0	9	0	15674
1227	2010	192	NJ	BUF	1	1	11	-9	1	15	-6	3	1	17625
1228	2010	192	NYI	PIT	0	-1	1	-9	11	-2	14	11	1	16250
1229	2010	192	FLA	TB	0	-2	0	-1	3	0	14	3	0	15884
1230	2010	192	ANA	EDM	1	5	14	-4	-1	3	-2	4	1	16392
