
1	2011	6	TOR	MTL	1	5	52	27	13	23	14	61	0	19646
2	2011	6	PIT	PHI	0	5	58	40	10	20	22	66	2	18289
3	2011	6	MIN	CAR	0	7	60	64	11	22	20	33	4	12355
4	2011	6	COL	CHI	1	7	79	44	28	14	20	37	3	18007
5	2011	6	EDM	CGY	1	4	70	37	17	28	60	49	2	16839
6	2011	7	CBJ	SJ	0	5	60	29	8	9	54	39	3	11324
7	2011	7	NJ	DAL	0	7	58	35	4	8	12	39	1	17625
8	2011	7	CAR	MIN	1	3	79	52	12	21	38	51	1	13465
9	2011	7	DET	ANA	1	4	64	40	23	13	70	47	0	20066
11	2011	7	ATLANTA	WSH	1	6	62	44	30	18	20	45	0	15596
12	2011	8	BOS	PHO	0	7	79	61	8	3	22	44	2	15299
13	2011	8	BUF	NYR	0	9	64	41	8	20	28	48	1	18690
14	2011	8	TOR	OTT	1	6	56	30	16	31	58	67	1	19157
15	2011	8	NYI	DAL	0	9	69	33	32	20	28	63	4	13351
16	2011	8	PIT	MTL	0	5	65	36	7	15	30	74	0	18106
17	2011	8	WSH	NJ	1	9	62	50	10	16	83	35	1	18398
18	2011	8	TB	ATLANTA	1	8	66	38	12	15	24	34	3	19791
19	2011	8	STL	PHI	1	3	55	32	13	11	64	35	1	19150
20	2011	8	NSH	ANA	1	5	86	44	14	8	32	31	1	17113
21	2011	8	CHI	DET	0	5	54	42	16	21	18	59	2	22161
22	2011	8	SJ	CBJ	0	5	60	27	14	7	24	41	3	9537
23	2011	8	VAN	LA	0	3	56	38	19	11	20	61	2	18860
24	2011	9	PHO	BOS	0	3	66	58	8	9	18	36	0	12990
25	2011	9	CGY	LA	1	4	54	39	11	19	16	26	1	19289
26	2011	9	EDM	FLA	1	5	41	37	25	28	14	42	0	16839
27	2011	10	NJ	PIT	0	4	62	39	12	26	16	41	1	12880
28	2011	10	NYI	NYR	1	10	65	48	22	22	28	53	4	11748
29	2011	10	STL	ANA	1	6	67	26	5	11	143	30	2	19150
30	2011	10	BUF	CHI	0	7	65	37	9	18	37	34	1	17896
31	2011	10	PHI	COL	1	6	65	42	11	19	16	33	0	19652
32	2011	10	WSH	OTT	1	5	57	32	15	18	22	38	0	18398
33	2011	10	VAN	FLA	1	3	77	53	12	10	6	36	0	18860
34	2011	11	DET	COL	0	9	66	48	25	20	20	55	1	19651
35	2011	11	LA	ATLANTA	1	4	67	42	12	17	14	74	0	18118
36	2011	12	BUF	NJ	0	1	59	35	8	28	20	24	0	18690
37	2011	12	WSH	NYI	1	3	50	48	16	18	24	28	1	18398
39	2011	12	PIT	TOR	0	7	39	37	9	7	22	67	2	18112
40	2011	12	CHI	NSH	0	5	52	49	17	10	10	32	2	20680
41	2011	12	ANA	VAN	1	7	71	59	11	15	36	51	4	17174
42	2011	13	PHI	TB	0	5	50	38	17	20	30	24	0	19592
44	2011	13	NSH	STL	1	7	57	45	13	14	30	32	4	15103
45	2011	13	MIN	EDM	1	6	50	48	11	14	28	37	5	18449
46	2011	13	DAL	DET	1	5	41	44	16	18	16	54	2	18532
47	2011	13	CGY	FLA	0	3	45	40	11	29	12	25	0	19289
48	2011	14	NJ	COL	0	5	65	46	11	10	41	15	2	12221
49	2011	14	NYR	TOR	0	7	62	34	12	17	38	70	1	18200
50	2011	14	PIT	NYI	1	5	53	40	8	8	47	34	2	18195
51	2011	14	CBJ	CHI	0	7	72	46	17	10	12	36	0	18305
52	2011	14	BUF	MTL	0	3	51	39	6	18	8	39	1	17264
53	2011	14	ANA	ATLANTA	0	9	74	43	11	10	32	49	6	13123
54	2011	14	LA	VAN	1	5	45	44	10	22	40	57	0	18118
56	2011	15	NJ	BOS	0	5	67	29	4	14	14	45	0	13056
57	2011	15	NYI	COL	1	7	55	43	15	16	32	12	1	10127
58	2011	15	PHI	PIT	0	6	62	29	10	15	44	34	3	19684
59	2011	15	FLA	TB	1	6	67	49	8	13	12	45	1	17040
60	2011	15	NSH	WSH	0	5	73	39	19	18	22	40	2	16144
61	2011	15	MIN	CBJ	0	5	48	45	11	13	28	34	1	17336
62	2011	15	DAL	STL	1	5	68	38	11	16	22	77	1	11750
63	2011	15	CHI	BUF	1	7	62	43	13	17	28	64	1	21293
64	2011	15	PHO	DET	0	3	59	32	7	8	28	44	1	17125
65	2011	15	CGY	EDM	1	8	76	47	12	22	20	26	1	19289
66	2011	15	SJ	ATLANTA	0	6	67	53	16	24	26	34	2	17562
67	2011	16	ANA	PHO	1	5	73	52	8	12	14	35	0	13574
68	2011	16	VAN	CAR	1	6	61	44	17	10	28	32	2	18860
69	2011	17	TOR	NYI	0	3	50	46	13	34	22	41	2	19086
70	2011	17	NYR	COL	0	4	66	47	3	7	22	55	2	17711
71	2011	17	PIT	OTT	1	7	63	46	8	7	54	40	3	18101
72	2011	17	TB	DAL	1	9	63	48	13	16	20	30	4	13277
73	2011	17	CHI	STL	1	5	67	47	11	16	18	37	1	20641
74	2011	18	WSH	BOS	0	4	57	42	11	18	38	56	0	18398
75	2011	18	NSH	CGY	0	1	69	50	21	24	12	46	0	15684
76	2011	18	MIN	VAN	1	8	51	52	11	11	42	59	4	16806
77	2011	18	SJ	CAR	0	7	74	46	19	29	22	38	1	17562
78	2011	19	ATLANTA	BUF	0	5	60	32	19	21	20	32	2	8820
79	2011	19	CBJ	ANA	1	4	54	52	9	7	16	30	0	9802
80	2011	19	CHI	VAN	1	3	69	51	26	11	16	57	1	20859
81	2011	19	LA	CAR	1	7	57	47	10	29	14	47	0	17769
82	2011	20	BOS	WSH	1	5	73	43	14	8	14	57	3	17565
83	2011	20	TOR	NYR	0	3	57	43	15	16	24	46	0	19310
84	2011	20	PHI	ANA	0	5	64	54	16	20	28	24	0	19012
85	2011	20	DET	CGY	1	6	66	45	18	17	22	59	1	18399
87	2011	20	TB	NYI	0	5	55	40	9	16	18	32	1	13333
88	2011	20	FLA	DAL	0	5	57	42	8	12	30	42	0	11580
89	2011	20	NSH	PIT	0	7	62	43	23	17	30	50	1	17113
90	2011	20	COL	SJ	0	6	65	47	16	11	30	44	3	12803
91	2011	20	EDM	MIN	0	6	61	48	26	35	36	44	3	16839
92	2011	20	PHO	LA	1	6	57	49	16	9	10	45	0	6706
93	2011	21	CBJ	CGY	0	8	45	45	17	5	28	55	0	10784
94	2011	21	BUF	OTT	0	6	68	50	4	16	14	32	2	18009
95	2011	21	ATLANTA	TB	0	7	63	30	24	14	56	34	3	9138
96	2011	21	STL	CHI	1	6	53	45	21	13	36	37	2	19150
97	2011	21	VAN	MIN	1	6	59	45	12	11	28	43	0	18860
98	2011	22	BOS	NYR	0	5	67	32	13	15	64	61	2	17565
100	2011	22	NJ	BUF	0	7	56	42	9	17	14	35	1	14228
101	2011	22	PHI	TOR	1	7	54	38	11	17	37	43	1	19382
102	2011	22	WSH	ATLANTA	1	7	76	50	16	22	33	44	1	18398
103	2011	22	FLA	NYI	1	7	63	47	10	11	22	46	2	15071
104	2011	22	DET	ANA	1	9	66	52	10	17	8	50	1	19401
105	2011	22	STL	PIT	1	1	55	30	11	14	24	54	0	19150
106	2011	22	DAL	NSH	0	1	54	41	19	23	8	47	0	13583
107	2011	22	CHI	CBJ	0	5	72	43	25	15	15	45	2	21265
108	2011	22	COL	LA	0	10	62	38	15	14	43	34	4	15478
109	2011	22	PHO	CAR	0	7	80	46	10	15	18	28	1	8189
110	2011	22	EDM	SJ	0	7	56	39	27	24	44	37	3	16839
111	2011	23	TB	NSH	0	7	71	53	11	11	12	34	0	14454
112	2011	23	NYR	NJ	1	4	62	39	16	7	22	72	1	18200
113	2011	23	CGY	SJ	1	4	57	41	12	19	26	17	1	19289
114	2011	24	CBJ	PHI	1	3	54	39	3	3	28	45	1	11727
116	2011	24	MIN	LA	0	5	56	53	9	20	35	41	2	17094
117	2011	25	TOR	FLA	1	4	49	31	17	21	10	63	2	19239
118	2011	25	PHI	BUF	1	9	69	44	13	18	26	36	5	19361
120	2011	25	CGY	EDM	1	9	71	45	18	23	60	36	3	19289
121	2011	25	DAL	ANA	0	7	63	40	15	18	29	50	2	12378
122	2011	25	VAN	COL	1	7	70	51	17	10	20	53	1	18860
123	2011	26	NYR	ATLANTA	0	10	54	52	12	9	8	58	1	17900
124	2011	26	CAR	WSH	0	3	62	54	11	7	16	43	0	18680
126	2011	26	TB	PIT	1	8	62	35	10	15	48	41	1	17226
127	2011	26	CHI	LA	1	4	62	47	14	9	10	50	0	20667
128	2011	26	SJ	NJ	1	7	68	44	18	27	58	41	2	17562
129	2011	27	BOS	TOR	1	2	52	36	16	13	36	60	1	17565
130	2011	27	DET	PHO	0	6	81	39	15	18	22	34	2	18165
131	2011	27	CBJ	EDM	1	5	68	42	18	5	28	40	1	9128
133	2011	27	NSH	STL	0	3	58	40	21	22	29	34	1	15506
134	2011	27	MIN	WSH	1	3	39	46	8	16	14	58	1	17352
135	2011	27	DAL	LA	0	7	56	44	13	19	32	66	2	11306
136	2011	27	CGY	COL	0	11	55	43	15	17	38	30	2	19289
137	2011	28	NYI	MTL	0	4	57	46	32	25	30	49	1	11922
138	2011	28	NYR	CAR	0	7	81	54	19	8	22	72	4	17819
139	2011	28	PIT	PHI	0	5	52	54	8	12	40	58	1	18275
140	2011	28	ATLANTA	BUF	1	7	50	46	30	19	24	40	2	10172
141	2011	28	CHI	EDM	0	11	63	43	25	16	10	53	2	21061
142	2011	28	ANA	NJ	0	3	55	40	10	10	16	40	1	14724
143	2011	29	TOR	NYR	0	2	60	41	15	29	18	34	0	19063
146	2011	29	PHI	NYI	1	7	60	43	15	16	118	24	2	19613
147	2011	29	CAR	PIT	0	3	64	33	27	11	22	46	0	18680
148	2011	29	DET	NSH	1	7	53	40	8	16	20	41	1	18711
149	2011	29	STL	ATLANTA	1	7	63	43	10	12	20	29	2	19150
150	2011	29	MIN	CHI	0	4	58	38	10	9	10	59	0	18376
151	2011	29	DAL	BUF	1	4	75	39	22	27	16	68	2	15015
152	2011	29	COL	CBJ	1	6	65	49	26	10	56	28	2	13017
153	2011	29	PHO	TB	0	3	46	49	9	10	48	52	0	8171
154	2011	29	CGY	WSH	0	9	57	46	12	21	28	39	3	19289
155	2011	29	LA	NJ	1	4	63	48	16	31	8	53	1	18118
156	2011	29	SJ	ANA	1	7	65	38	15	19	78	42	4	17562
157	2011	31	NYR	CHI	1	5	58	42	24	4	12	53	2	18200
158	2011	31	PHI	CAR	1	5	65	51	17	21	16	35	1	19038
159	2011	31	VAN	NJ	1	3	53	35	10	11	24	32	0	18860
160	2011	32	TOR	OTT	0	5	59	36	14	38	18	44	3	19409
161	2011	32	CBJ	MTL	1	3	53	41	15	4	12	43	1	10466
162	2011	32	MIN	SJ	1	1	52	31	9	14	32	32	1	16502
163	2011	32	EDM	VAN	0	7	56	57	17	36	14	32	2	16839
164	2011	33	BUF	BOS	0	7	61	35	14	17	58	28	1	18428
165	2011	33	WSH	TOR	1	9	58	54	23	22	26	38	3	18398
166	2011	33	CAR	NYI	1	9	65	46	16	14	26	38	2	13043
167	2011	33	FLA	ATLANTA	0	7	78	61	12	5	14	45	0	11212
168	2011	33	CHI	NJ	0	8	56	43	19	18	22	60	1	21044
169	2011	33	DAL	PIT	1	7	52	44	15	15	66	57	0	15637
170	2011	33	CGY	DET	0	3	50	39	19	24	32	32	1	19289
171	2011	33	PHO	NSH	1	7	59	42	9	7	16	53	3	6761
172	2011	33	ANA	TB	1	5	64	48	5	12	16	45	2	13034
173	2011	34	PHI	NYR	1	5	42	39	14	14	38	36	3	19652
174	2011	34	ATLANTA	CBJ	0	3	67	43	25	17	6	23	0	8461
176	2011	34	STL	SJ	1	2	54	36	11	9	61	36	0	19150
177	2011	34	COL	VAN	0	4	70	60	26	18	22	43	3	12732
178	2011	34	LA	TB	1	1	50	42	3	27	37	65	0	18118
179	2011	35	NJ	NYR	0	3	53	44	17	8	19	18	1	17625
180	2011	35	WSH	BOS	1	8	57	64	17	16	22	45	2	18389
181	2011	35	BUF	MTL	0	5	63	47	6	14	16	37	0	18026
182	2011	35	FLA	CAR	1	11	81	49	10	8	18	35	0	14761
183	2011	35	MIN	CGY	1	3	57	40	7	10	24	56	1	17124
184	2011	35	DAL	PHO	1	9	59	47	18	16	24	50	5	12255
185	2011	35	EDM	DET	0	4	60	39	19	25	62	32	2	16839
186	2011	35	ANA	PIT	1	5	51	31	7	14	20	62	1	17174
187	2011	36	LA	NSH	1	5	57	49	14	22	12	60	0	18118
188	2011	36	BOS	STL	0	3	69	59	9	4	48	62	0	17565
189	2011	36	TOR	BUF	0	5	56	45	19	28	20	51	0	19329
191	2011	36	NYI	PHI	0	3	58	41	19	9	16	49	1	13078
192	2011	36	CAR	FLA	1	5	49	49	15	11	14	52	1	17704
193	2011	36	ATLANTA	CHI	0	9	77	51	21	12	14	33	5	16022
194	2011	36	CBJ	MIN	0	5	61	38	11	7	26	49	2	13457
195	2011	36	COL	DAL	1	5	76	40	13	11	36	44	0	16172
196	2011	36	PHO	PIT	0	7	64	50	8	8	28	54	1	14642
197	2011	36	VAN	DET	1	10	62	40	18	7	26	46	3	18860
198	2011	36	SJ	TB	1	7	74	43	11	16	32	35	2	17562
199	2011	37	WSH	PHI	1	5	64	47	19	21	16	47	2	18398
200	2011	37	NYR	STL	0	2	49	38	17	12	29	72	0	17376
201	2011	37	CHI	EDM	0	3	53	34	37	12	24	45	1	21025
202	2011	37	ANA	NSH	1	9	61	54	6	14	16	37	1	13520
203	2011	38	DET	PHO	1	5	71	52	11	18	14	47	0	19207
204	2011	39	NYR	WSH	0	8	52	58	20	3	30	55	2	18200
205	2011	39	CAR	EDM	1	8	64	40	17	19	32	53	3	11890
208	2011	39	TB	TOR	1	4	53	33	13	16	24	32	1	16791
209	2011	39	COL	CGY	0	6	56	35	10	9	38	47	3	12219
210	2011	39	SJ	ANA	0	5	61	40	16	22	22	34	0	17562
211	2011	40	NJ	BUF	0	9	74	51	24	23	8	30	1	14566
212	2011	40	PIT	BOS	0	11	79	62	10	10	40	52	2	18113
213	2011	40	CBJ	STL	1	9	65	53	9	3	92	53	0	10265
214	2011	40	FLA	TOR	1	5	61	38	16	9	18	50	2	15243
215	2011	40	CHI	PHO	0	3	58	56	31	9	12	49	0	21181
216	2011	40	ANA	NYI	1	1	41	36	6	17	46	54	0	14393
217	2011	41	BOS	MTL	0	4	76	50	7	13	22	48	2	17565
218	2011	41	NYR	BUF	1	5	59	44	21	2	18	63	0	17848
219	2011	41	WSH	TB	1	9	67	61	13	20	20	46	2	18398
220	2011	41	CAR	PHI	0	9	62	59	11	13	22	69	2	14719
221	2011	41	ATLANTA	MIN	1	6	67	46	23	18	10	37	1	10055
222	2011	41	DET	EDM	1	8	59	37	17	12	8	51	2	20066
224	2011	41	STL	NSH	0	5	49	39	9	10	24	40	0	19150
225	2011	41	LA	DAL	1	4	57	38	9	19	91	56	2	18118
226	2011	41	SJ	NYI	1	3	63	58	10	26	12	32	1	17562
227	2011	42	NJ	EDM	1	7	63	61	8	16	30	38	2	14650
228	2011	42	PIT	TB	1	6	36	41	5	8	28	50	1	18275
229	2011	42	CBJ	COL	0	6	58	51	8	2	12	59	0	13594
230	2011	42	FLA	MIN	1	3	50	48	8	11	33	47	1	15043
231	2011	42	PHO	CGY	1	9	61	57	4	8	8	56	1	11117
232	2011	42	ANA	DAL	1	6	66	58	5	13	10	49	1	13831
233	2011	43	BOS	OTT	0	2	64	45	12	9	32	44	0	17565
234	2011	43	BUF	WSH	1	5	52	46	13	26	18	39	1	18690
235	2011	43	TOR	VAN	0	8	64	56	11	22	26	33	3	19534
237	2011	43	PHI	FLA	1	7	78	55	17	17	12	31	2	19616
238	2011	43	ATLANTA	PIT	0	6	61	36	19	21	34	31	1	16710
239	2011	43	DET	COL	1	4	47	33	12	19	16	52	2	20066
240	2011	43	NSH	CHI	1	7	65	38	23	21	36	36	1	17113
241	2011	43	PHO	STL	1	8	65	45	6	6	26	50	4	9412
242	2011	43	SJ	CGY	1	7	66	46	19	20	42	50	2	17562
243	2011	43	LA	NYI	1	6	53	52	13	29	38	58	1	18118
244	2011	44	NYR	EDM	1	10	52	46	15	8	154	66	0	17658
245	2011	44	WSH	ATLANTA	1	10	60	64	14	24	24	43	2	18398
246	2011	44	TB	MIN	0	5	56	54	11	15	16	37	3	14868
247	2011	44	CHI	ANA	1	5	69	42	27	8	10	55	2	21244
248	2011	45	BOS	NJ	1	3	52	30	11	11	30	43	1	17565
249	2011	45	BUF	VAN	1	7	78	49	16	21	18	36	2	18690
250	2011	45	PHI	OTT	1	6	75	57	11	9	22	29	1	19256
251	2011	45	PIT	NYR	0	5	64	48	4	10	34	57	0	18125
252	2011	45	COL	STL	1	9	53	44	16	11	60	52	2	12670
253	2011	45	SJ	LA	1	9	69	57	20	29	14	46	2	17562
254	2011	46	TOR	NSH	1	9	67	41	13	41	20	37	4	19069
256	2011	46	DAL	ANA	1	3	53	31	9	13	46	60	2	13443
257	2011	47	NYI	TB	0	6	76	44	12	14	31	41	2	8025
258	2011	47	NYR	BOS	0	5	56	39	9	10	14	52	1	18200
259	2011	47	PIT	VAN	1	4	59	52	8	16	24	46	0	18252
260	2011	47	WSH	BUF	1	6	62	56	17	11	12	34	2	18398
261	2011	47	CAR	OTT	1	8	52	36	21	11	30	35	3	12938
262	2011	47	ATLANTA	FLA	0	3	73	48	25	13	8	30	0	10168
263	2011	47	DET	STL	1	10	67	43	11	18	20	62	3	20066
264	2011	47	MIN	ANA	1	3	55	45	7	16	14	34	1	16890
265	2011	47	COL	SJ	1	7	65	54	15	12	14	41	1	12436
266	2011	47	CGY	PHO	0	4	71	49	17	20	53	24	1	19289
267	2011	47	EDM	CHI	0	5	65	43	14	34	10	32	1	16839
268	2011	47	LA	CBJ	0	8	62	49	10	22	12	67	1	18118
269	2011	48	BOS	FLA	1	4	81	46	5	6	24	30	0	17565
270	2011	48	TOR	NJ	1	4	57	35	15	12	10	40	2	19271
271	2011	48	PHI	TB	0	15	65	49	18	18	26	30	3	19672
273	2011	48	DAL	SJ	1	9	80	54	16	18	68	54	1	14720
274	2011	49	PIT	CAR	1	9	70	64	8	13	8	55	1	18264
275	2011	49	DET	MIN	0	7	71	49	9	15	14	60	1	20066
276	2011	49	BUF	LA	1	6	62	35	14	8	46	25	2	18418
277	2011	49	ATLANTA	WSH	1	5	65	36	27	16	14	44	0	11115
278	2011	49	STL	OTT	1	7	53	39	12	7	22	36	2	19150
279	2011	49	COL	NYR	1	6	52	48	8	6	32	47	0	16002
280	2011	49	CGY	CHI	1	9	69	55	21	26	24	25	2	19289
281	2011	49	EDM	PHO	0	7	72	53	21	30	35	37	2	16839
282	2011	49	ANA	CBJ	0	7	79	53	6	13	28	44	2	13667
283	2011	50	BOS	LA	0	7	67	49	15	9	20	49	1	17565
284	2011	50	BUF	TB	0	3	52	42	4	22	14	32	0	17833
286	2011	50	NYI	FLA	0	5	71	46	24	18	20	35	0	9157
287	2011	50	WSH	PHI	0	9	72	43	13	16	32	43	4	18398
288	2011	50	CAR	NSH	0	3	49	53	19	18	10	55	0	15384
289	2011	50	STL	NJ	1	5	64	36	6	3	10	52	1	19150
290	2011	50	MIN	NYR	0	7	58	41	10	12	18	66	1	18695
291	2011	50	DAL	COL	0	7	55	47	11	22	20	71	3	17441
292	2011	50	VAN	CHI	0	8	69	47	10	15	24	32	2	18860
293	2011	50	SJ	CBJ	0	3	62	54	17	24	28	39	1	17562
294	2011	51	ATLANTA	NYI	1	3	64	49	15	24	16	35	1	10066
295	2011	51	DET	CGY	1	9	65	53	7	13	30	54	4	19636
296	2011	51	ANA	EDM	0	6	65	36	6	15	14	33	1	14267
297	2011	51	VAN	PHO	0	5	55	46	19	13	6	29	0	18860
298	2011	52	TOR	DAL	1	5	48	56	11	28	16	50	0	19266
299	2011	52	NJ	WSH	1	5	53	41	15	17	24	54	1	14107
300	2011	52	NYR	CGY	1	3	56	47	18	8	32	75	1	17845
301	2011	52	PHI	MTL	1	5	76	46	16	16	14	43	0	19753
302	2011	52	CBJ	NSH	1	2	57	42	7	4	16	55	0	10095
304	2011	52	TB	BOS	1	4	63	37	10	12	6	42	0	16241
305	2011	52	FLA	PIT	0	5	55	42	11	10	16	45	2	16543
306	2011	53	PHO	EDM	1	5	57	55	8	5	8	53	1	9354
307	2011	54	BUF	PIT	0	1	59	48	15	14	22	32	0	18250
308	2011	54	NYI	CBJ	0	7	62	52	19	17	40	31	1	8652
309	2011	54	CAR	WSH	0	5	70	49	17	17	34	48	2	15200
310	2011	54	ATLANTA	DET	1	6	71	53	27	15	14	29	3	15337
313	2011	54	NJ	CGY	1	3	47	56	7	13	10	29	0	13202
314	2011	54	TB	NYR	1	8	54	37	7	21	48	32	4	17806
315	2011	54	FLA	BOS	0	4	69	48	11	5	12	43	1	16712
316	2011	54	NSH	STL	0	3	45	50	16	10	12	46	0	16603
317	2011	54	MIN	PHI	0	7	44	45	14	15	22	57	0	16516
318	2011	54	VAN	COL	1	6	42	41	13	8	18	36	1	18860
319	2011	54	SJ	CHI	1	7	61	41	13	18	30	53	2	17562
320	2011	55	EDM	COL	1	5	61	33	16	41	24	36	1	16839
321	2011	56	BOS	CAR	0	3	58	34	8	8	14	36	3	17565
322	2011	56	NYI	NJ	1	2	49	56	21	21	39	45	0	10897
323	2011	56	PHI	CGY	0	5	66	55	15	15	18	47	0	19872
324	2011	56	PIT	OTT	1	3	84	37	9	3	18	37	2	18299
325	2011	56	MIN	NSH	1	7	57	41	6	10	24	52	2	17814
326	2011	56	ANA	CHI	0	5	61	43	7	17	18	46	1	16146
327	2011	56	WSH	TB	1	6	46	42	7	10	28	35	2	18398
328	2011	56	CBJ	DET	0	3	67	45	12	6	14	40	1	18391
329	2011	56	BUF	TOR	1	4	64	30	12	14	34	30	2	18004
330	2011	56	ATLANTA	MTL	1	3	72	38	25	13	34	31	1	13068
331	2011	56	FLA	NYR	0	3	59	38	6	3	26	55	1	17013
332	2011	56	DAL	STL	1	5	49	44	13	17	28	69	0	16675
333	2011	56	VAN	SJ	1	7	65	54	13	12	4	40	0	18860
334	2011	57	NJ	PHI	1	3	66	48	14	25	10	29	1	17625
335	2011	57	PIT	CGY	1	5	74	43	7	8	26	54	1	18317
338	2011	57	TB	FLA	0	7	64	48	10	18	22	35	1	15854
339	2011	57	STL	DAL	0	3	59	46	9	8	24	46	1	19150
340	2011	57	NSH	NYR	0	3	54	46	19	18	38	50	0	17113
341	2011	57	PHO	ANA	0	10	59	38	10	9	18	42	1	12708
342	2011	57	COL	MIN	1	11	72	64	27	12	26	55	2	18007
343	2011	57	EDM	SJ	0	7	50	40	19	26	12	32	2	16839
344	2011	57	LA	CHI	0	3	45	33	6	31	28	62	1	18118
345	2011	58	WSH	CAR	1	5	68	48	11	11	8	43	0	18398
346	2011	58	ATLANTA	BOS	1	5	67	46	30	8	42	29	1	12085
347	2011	58	DET	CBJ	1	6	71	50	8	21	24	50	1	18860
348	2011	59	NYR	PIT	0	4	53	44	16	3	32	86	0	18200
349	2011	59	CAR	DAL	0	5	61	49	18	7	28	55	0	15382
351	2011	59	CGY	MIN	1	3	63	44	13	25	12	30	1	19289
352	2011	59	ANA	LA	1	2	46	36	7	15	20	40	1	17174
353	2011	60	TOR	TB	0	7	64	43	19	20	16	38	2	19063
354	2011	60	NSH	PHO	1	3	56	41	17	23	20	26	2	14333
355	2011	60	CHI	STL	1	12	50	46	16	13	56	60	3	21140
356	2011	60	COL	ATLANTA	0	5	62	30	25	16	16	45	1	12131
357	2011	60	SJ	DET	0	8	57	46	18	25	12	34	2	17562
359	2011	61	PHI	BOS	0	3	73	45	18	26	26	41	1	19684
360	2011	61	CBJ	NSH	0	7	60	46	9	11	16	37	0	9892
361	2011	61	STL	WSH	0	5	64	53	5	9	10	51	1	19150
362	2011	61	MIN	PHO	0	6	71	35	9	15	14	43	0	17101
363	2011	61	CGY	VAN	0	9	56	35	17	26	49	19	3	19289
364	2011	61	ANA	FLA	1	8	61	35	10	17	14	41	2	12504
365	2011	62	BOS	TB	1	9	70	52	7	7	10	41	1	17565
366	2011	62	TOR	EDM	0	5	52	32	16	20	28	45	0	19465
367	2011	62	NJ	MTL	0	6	60	46	13	8	10	36	1	11434
368	2011	62	NYI	NYR	0	11	58	63	33	30	26	55	1	13742
369	2011	62	PIT	ATLANTA	1	5	50	47	11	6	18	51	1	18223
371	2011	62	DAL	WSH	1	3	59	46	17	24	26	66	2	13943
372	2011	62	LA	FLA	1	5	50	49	1	27	6	71	0	17720
373	2011	63	NYR	NYI	1	2	38	33	18	10	52	56	1	18200
374	2011	63	CAR	COL	1	3	65	49	19	12	10	73	0	16277
375	2011	63	BUF	CBJ	1	5	56	41	10	9	112	33	3	18529
376	2011	63	MIN	CGY	0	5	54	47	7	4	16	32	0	17130
377	2011	63	CHI	VAN	0	3	50	39	21	16	18	55	1	21737
378	2011	63	ANA	DET	0	4	70	33	10	27	8	37	0	15173
379	2011	64	PHI	NJ	1	8	60	54	17	17	20	45	2	19657
381	2011	64	TOR	BOS	1	5	67	43	32	39	26	48	1	19483
383	2011	64	WSH	ATLANTA	0	4	79	36	8	10	24	38	1	18398
384	2011	64	CBJ	PIT	0	9	58	39	6	1	32	42	4	19143
385	2011	64	TB	COL	1	11	63	31	11	15	30	38	3	18212
386	2011	64	NSH	CAR	1	7	69	55	18	26	10	38	0	15016
387	2011	64	DAL	MIN	1	7	64	41	18	29	22	75	2	14344
388	2011	64	PHO	FLA	0	3	78	39	6	13	12	69	1	10334
389	2011	64	EDM	STL	1	3	58	43	20	38	18	36	0	16839
390	2011	64	LA	DET	1	5	54	50	8	35	8	67	0	18118
391	2011	65	NYI	PHI	0	5	57	48	21	12	16	43	1	7773
392	2011	65	NYR	OTT	0	4	51	41	10	10	10	65	0	18200
393	2011	65	CHI	CGY	1	6	58	37	27	11	48	55	6	21112
394	2011	65	ANA	PHO	0	3	65	53	5	16	36	39	1	14062
395	2011	65	VAN	STL	0	5	51	37	15	8	30	45	0	18860
396	2011	66	PIT	NJ	1	3	62	47	8	7	34	50	1	18185
397	2011	66	WSH	TOR	0	9	64	48	12	13	24	45	2	18398
398	2011	66	ATLANTA	NSH	1	5	66	45	30	7	10	28	1	10024
399	2011	66	DET	SJ	0	7	62	31	13	20	20	62	2	19010
400	2011	66	CBJ	DAL	1	5	47	45	9	5	14	59	1	10932
401	2011	67	BOS	BUF	1	5	66	45	20	26	22	35	1	17565
403	2011	67	FLA	COL	1	7	50	49	7	6	6	48	0	12791
404	2011	67	CGY	TB	1	6	43	45	11	27	12	23	1	19289
405	2011	67	EDM	ANA	0	5	68	44	18	38	16	36	1	16839
406	2011	68	PHI	SJ	0	9	68	55	21	8	20	52	1	19801
407	2011	68	PIT	TOR	1	7	51	44	8	9	76	51	1	18158
408	2011	68	DET	NSH	0	5	61	37	14	20	16	42	0	17359
409	2011	68	CHI	DAL	1	8	56	41	14	8	22	71	1	21184
410	2011	68	VAN	ANA	1	9	60	47	19	6	52	52	4	18860
411	2011	69	BOS	NYI	1	7	72	44	5	13	36	42	2	17565
412	2011	69	BUF	SJ	1	9	66	53	7	15	6	32	1	18017
413	2011	69	TOR	PHI	0	5	60	47	16	30	26	26	1	19365
414	2011	69	WSH	FLA	0	3	68	33	9	18	38	33	1	18398
416	2011	69	STL	CBJ	1	5	52	38	8	6	30	41	3	19150
417	2011	69	PHO	MIN	0	5	68	47	9	6	10	50	2	7749
418	2011	69	LA	CGY	1	3	59	42	8	33	26	69	2	18118
419	2011	70	DET	MTL	1	6	70	45	10	19	12	39	1	20066
421	2011	70	ATLANTA	COL	0	6	55	43	27	13	26	40	1	14034
422	2011	70	DAL	CAR	1	3	52	41	26	15	18	64	0	13012
423	2011	70	EDM	TB	1	7	64	55	30	45	24	43	3	16839
424	2011	70	ANA	CGY	1	5	64	50	6	21	20	32	1	13775
425	2011	71	BOS	PHI	0	3	69	47	9	16	19	62	0	17565
426	2011	71	BUF	PIT	0	7	60	36	8	14	40	34	1	18690
427	2011	71	TOR	MTL	1	4	47	54	18	30	16	62	0	19656
428	2011	71	NJ	DET	0	5	57	39	8	15	26	10	1	17625
429	2011	71	NYI	ATLANTA	0	9	0	0	0	0	0	0	0	10056
430	2011	71	WSH	COL	0	5	68	57	21	11	33	50	2	18398
431	2011	71	CBJ	NYR	1	4	56	44	3	5	14	68	2	15780
432	2011	71	STL	CAR	0	3	68	48	7	8	24	42	1	19150
433	2011	71	NSH	FLA	1	3	49	36	12	18	18	35	1	16128
434	2011	71	PHO	DAL	1	7	69	48	8	12	32	40	2	11410
435	2011	71	VAN	TB	0	9	50	46	16	11	12	36	4	18860
436	2011	71	LA	MIN	0	5	47	40	9	38	48	59	2	18118
437	2011	71	SJ	CHI	1	3	59	63	11	12	6	40	0	17562
438	2011	72	NYR	WSH	1	7	51	42	13	3	72	54	1	18200
439	2011	72	EDM	VAN	0	3	44	38	19	35	16	49	1	16839
440	2011	72	ANA	MIN	1	8	58	42	6	26	18	42	3	14338
441	2011	73	DET	LA	0	5	77	52	9	20	10	47	1	17810
443	2011	73	NSH	NYI	1	5	54	40	25	14	14	31	2	14314
444	2011	73	COL	CHI	1	12	64	66	22	12	22	31	2	15924
445	2011	73	CGY	CBJ	1	5	49	39	15	26	8	26	1	19289
446	2011	73	SJ	DAL	0	5	64	46	11	23	8	50	1	17562
447	2011	74	PHI	PIT	1	5	60	47	16	18	24	58	3	19824
448	2011	74	EDM	TOR	0	5	58	33	14	40	44	40	2	16839
449	2011	75	BUF	BOS	1	5	69	47	14	25	30	40	3	18197
450	2011	75	NJ	PHO	1	3	58	35	9	17	16	44	1	13208
451	2011	75	PIT	NYR	0	5	50	42	4	12	22	46	1	18242
452	2011	75	WSH	ANA	0	3	56	43	5	21	8	54	1	18398
453	2011	75	DET	STL	1	7	58	48	16	19	16	55	3	18769
455	2011	75	TB	ATLANTA	1	3	59	51	14	18	12	39	0	14441
456	2011	75	FLA	CAR	0	7	61	39	6	6	12	59	2	14651
457	2011	75	NSH	SJ	1	5	62	39	13	17	16	33	1	14731
458	2011	75	CHI	COL	0	7	61	45	22	6	14	58	2	21121
459	2011	75	VAN	CBJ	1	5	60	49	15	7	16	43	2	18860
460	2011	76	NYI	ANA	1	5	61	47	36	21	40	47	2	7659
461	2011	76	NYR	PHO	1	7	69	57	14	14	18	47	3	17675
462	2011	76	ATLANTA	CAR	0	5	76	50	26	13	32	37	1	11043
464	2011	76	STL	LA	1	10	60	49	7	6	64	47	4	19150
465	2011	76	MIN	OTT	0	4	49	38	12	14	8	47	2	17366
466	2011	76	DAL	SJ	0	7	61	40	15	21	18	86	3	14899
467	2011	76	CGY	TOR	1	7	52	34	24	32	10	44	2	19289
468	2011	76	EDM	CBJ	1	9	76	47	20	29	28	50	2	16839
469	2011	77	NJ	NSH	0	4	36	32	13	17	16	22	3	14137
470	2011	77	FLA	BUF	1	8	69	36	11	7	28	61	2	16894
471	2011	77	CHI	DET	1	5	61	52	23	12	2	70	1	21904
472	2011	77	COL	OTT	1	11	54	40	22	27	16	43	2	15113
473	2011	78	PHI	NYR	1	5	64	47	12	24	26	48	1	19898
474	2011	78	BOS	WSH	1	5	62	54	6	13	12	59	0	17565
475	2011	78	NYI	PHO	0	7	79	52	18	27	40	39	2	8433
476	2011	78	CAR	ANA	1	6	77	61	21	9	36	60	3	16603
477	2011	78	ATLANTA	NJ	1	8	49	50	20	10	24	33	1	17024
478	2011	78	CBJ	DAL	0	3	59	50	10	6	86	55	1	13973
479	2011	78	TB	BUF	1	4	60	39	15	12	18	37	1	17141
480	2011	78	STL	SJ	0	5	56	38	10	7	48	61	1	19150
481	2011	78	NSH	LA	0	7	64	43	24	17	12	46	1	16734
482	2011	78	CGY	MIN	0	4	45	59	15	18	6	27	1	19289
483	2011	78	VAN	TOR	1	5	57	43	12	7	20	61	0	18860
485	2011	79	DET	DAL	0	7	63	47	11	9	30	63	2	20066
486	2011	79	CHI	LA	1	5	52	40	15	16	16	63	0	21523
487	2011	79	COL	MTL	1	5	57	45	17	19	16	37	3	18007
488	2011	80	BOS	ANA	0	3	70	46	12	14	16	40	0	17565
489	2011	80	TOR	ATLANTA	0	9	63	49	13	28	12	35	4	19301
490	2011	80	PHI	FLA	0	5	60	47	12	11	10	42	0	19864
491	2011	80	PIT	PHO	1	7	65	37	14	9	74	40	3	18262
492	2011	80	TB	CAR	1	6	56	42	15	19	30	46	3	17210
493	2011	80	STL	VAN	0	4	45	37	10	6	16	47	1	19150
494	2011	80	MIN	CGY	1	5	58	35	16	10	14	20	2	18315
495	2011	81	BUF	ANA	1	7	65	39	14	19	57	35	4	18690
496	2011	81	WSH	NJ	1	6	64	41	10	26	18	46	1	18398
497	2011	81	ATLANTA	STL	0	6	66	49	24	12	16	34	0	14662
498	2011	81	CBJ	CGY	1	4	67	54	16	3	30	69	1	12443
499	2011	81	DAL	MTL	1	7	46	47	18	25	26	47	1	17805
500	2011	81	COL	LA	0	5	55	50	13	18	16	40	1	15891
501	2011	81	SJ	EDM	1	3	57	41	18	25	12	38	1	17562
502	2011	82	NYI	TB	1	3	63	48	27	33	16	39	1	7324
503	2011	82	PIT	FLA	1	7	71	45	7	10	34	28	0	18238
504	2011	82	DET	VAN	1	9	84	63	17	21	14	62	3	20066
505	2011	82	CHI	NSH	1	5	60	49	20	15	12	72	2	21526
506	2011	83	BOS	ATLANTA	1	5	63	53	10	6	118	42	1	17565
507	2011	83	BUF	FLA	0	7	77	46	3	12	36	34	2	18690
508	2011	83	NJ	NYI	0	6	49	45	5	20	30	39	1	13312
509	2011	83	NYR	TB	0	7	61	49	12	9	4	56	0	18200
510	2011	83	WSH	PIT	0	5	61	51	12	25	26	68	1	18398
511	2011	83	CAR	MTL	0	5	53	45	24	18	15	51	2	16981
512	2011	83	CBJ	VAN	0	10	57	38	7	3	20	58	1	12159
513	2011	83	STL	DET	1	7	63	36	9	7	16	41	2	19150
514	2011	83	NSH	OTT	0	3	56	48	22	26	18	36	1	17113
515	2011	83	DAL	CGY	0	5	49	45	33	30	34	55	2	15520
516	2011	83	COL	MIN	0	4	69	46	22	15	18	46	2	16323
517	2011	83	LA	EDM	1	5	58	52	12	23	22	59	2	18118
518	2011	83	SJ	PHO	1	5	64	32	16	25	22	34	4	17562
520	2011	86	NJ	TOR	0	5	52	29	2	15	30	25	1	5329
521	2011	86	NYI	MTL	1	5	64	41	19	26	35	43	2	3136
522	2011	86	CAR	WSH	0	5	65	35	26	15	25	40	0	10477
523	2011	86	ATLANTA	TB	0	5	62	58	12	8	18	40	1	14610
524	2011	86	CHI	CBJ	1	5	52	38	22	12	28	39	3	21492
525	2011	86	STL	NSH	1	2	58	52	5	16	2	41	0	19150
526	2011	86	MIN	DET	0	5	44	39	11	13	26	28	2	19227
527	2011	86	DAL	PHO	0	1	55	47	19	29	22	47	0	17515
528	2011	86	VAN	EDM	1	5	54	39	15	11	16	46	0	18860
529	2011	86	LA	ANA	1	5	49	31	8	22	30	53	1	18313
530	2011	87	NYR	NYI	1	9	72	44	12	6	24	50	2	18200
531	2011	87	CBJ	MIN	1	7	62	48	10	3	49	57	0	14454
532	2011	87	FLA	BOS	0	5	76	43	11	10	10	68	0	19250
533	2011	87	COL	DET	0	7	79	47	20	15	26	44	5	18007
534	2011	87	CGY	BUF	1	7	60	41	12	21	24	26	1	19289
535	2011	87	SJ	LA	0	4	61	39	15	16	22	44	0	17562
536	2011	88	TOR	CAR	0	7	64	39	17	25	26	43	3	19309
537	2011	88	PIT	ATLANTA	1	9	70	44	8	13	24	29	2	18322
538	2011	88	WSH	MTL	1	3	55	31	13	19	28	31	0	18398
539	2011	88	TB	BOS	0	7	63	51	10	14	28	53	3	20204
540	2011	88	STL	CHI	1	4	69	43	13	7	22	37	0	19150
541	2011	88	NSH	DAL	0	6	71	44	18	25	44	52	1	17113
542	2011	88	EDM	BUF	0	6	52	35	17	31	10	35	0	16839
543	2011	88	PHO	ANA	0	4	56	43	1	6	28	55	1	14032
544	2011	88	VAN	PHI	1	8	86	53	18	10	42	45	2	18860
545	2011	89	NJ	NYR	0	4	70	41	7	14	26	80	0	17625
546	2011	89	NYI	PIT	1	3	64	55	25	23	40	60	0	14345
548	2011	89	MIN	SJ	1	8	56	37	12	7	16	33	3	19131
549	2011	89	DAL	DET	0	10	57	49	9	19	14	62	2	18532
550	2011	89	PHO	LA	1	9	57	60	12	5	24	41	3	15153
551	2011	90	TOR	CBJ	0	5	54	52	6	16	6	55	2	19148
552	2011	90	ATLANTA	BOS	1	5	76	51	20	10	20	36	2	17624
553	2011	90	TB	MTL	1	5	51	28	17	16	16	43	1	20191
554	2011	90	CHI	SJ	0	8	54	33	15	15	20	65	4	22112
555	2011	90	EDM	COL	0	7	62	53	17	32	12	41	0	16839
556	2011	90	LA	PHI	0	11	64	48	5	31	44	57	4	18118
557	2011	91	NJ	ATLANTA	1	4	57	47	7	12	18	50	0	13492
558	2011	91	FLA	MTL	0	5	70	38	10	5	20	58	2	20072
559	2011	91	MIN	NSH	0	5	55	47	14	10	10	36	0	18285
560	2011	91	DET	NYI	0	7	64	56	11	19	14	38	2	20066
561	2011	91	CBJ	OTT	1	7	61	43	16	7	28	55	0	17652
562	2011	91	STL	PHO	1	7	55	48	5	7	10	42	1	19150
563	2011	91	ANA	PHI	1	7	64	45	6	16	18	35	1	17103
564	2011	91	DAL	VAN	0	5	67	41	11	27	42	55	4	17733
565	2011	91	CGY	COL	1	5	44	31	17	20	12	17	0	19289
566	2011	92	PIT	WSH	0	4	65	56	7	8	22	70	1	68111
567	2011	92	BUF	BOS	1	13	75	57	3	13	22	29	1	18690
569	2011	92	CAR	NJ	1	9	53	50	20	14	18	66	3	16107
570	2011	92	TB	NYR	1	3	68	55	21	24	10	47	0	18242
571	2011	92	LA	SJ	0	1	48	41	9	27	10	71	0	18118
572	2011	92	EDM	CGY	0	3	47	48	16	36	10	41	0	16839
574	2011	93	FLA	NYR	1	3	68	39	15	16	10	58	1	16752
575	2011	93	DET	PHI	0	5	59	56	13	17	10	40	1	20066
576	2011	93	STL	DAL	0	6	57	61	6	9	28	43	1	19150
577	2011	93	NSH	CBJ	1	5	46	37	15	23	18	40	1	14593
578	2011	93	MIN	PHO	1	11	73	58	10	6	10	49	1	17240
579	2011	93	COL	VAN	0	3	61	40	12	13	32	30	0	15323
580	2011	93	ANA	CHI	1	3	58	39	7	21	8	44	0	16004
581	2011	94	TOR	BOS	0	3	70	60	18	24	8	31	0	19052
582	2011	94	CAR	FLA	0	7	65	48	26	7	16	65	0	16637
583	2011	94	CGY	NYI	0	7	69	59	19	18	18	24	2	19289
584	2011	94	LA	CHI	0	7	57	44	10	25	16	55	3	17916
585	2011	94	SJ	VAN	0	7	82	47	13	24	30	45	2	17562
586	2011	95	NJ	MIN	0	3	40	43	15	13	14	54	0	13257
587	2011	95	WSH	TB	0	1	72	37	21	22	22	37	0	18398
588	2011	95	COL	BUF	1	7	74	43	25	16	26	29	2	12548
589	2011	95	EDM	DET	0	8	62	48	23	25	10	29	0	16839
590	2011	95	PHO	CBJ	1	6	61	57	14	4	20	36	1	8222
591	2011	96	NYR	CAR	1	3	67	43	13	9	22	51	0	18200
592	2011	96	PIT	TB	1	9	73	56	4	7	24	55	2	18261
593	2011	96	FLA	ATLANTA	0	5	66	41	17	9	19	50	1	12803
594	2011	96	CHI	DAL	0	6	59	45	20	17	12	65	3	21245
595	2011	96	VAN	CGY	1	4	65	47	19	13	10	46	0	18860
596	2011	96	ANA	NSH	0	5	65	42	11	12	22	47	0	12216
597	2011	97	BOS	MIN	0	4	70	45	14	27	12	51	1	17565
598	2011	97	TOR	STL	1	11	75	54	10	11	6	79	0	19283
599	2011	97	NJ	PHI	0	6	40	45	5	13	10	40	0	15098
601	2011	97	COL	PHO	0	2	67	60	17	9	4	25	0	12308
602	2011	97	EDM	NYI	1	3	53	41	21	29	20	26	0	16839
603	2011	97	LA	NSH	0	7	54	55	13	19	20	63	3	17823
604	2011	97	SJ	BUF	0	3	58	41	17	24	28	43	1	17562
605	2011	98	ATLANTA	TOR	0	12	78	39	26	16	36	38	5	14592
606	2011	98	FLA	CAR	0	8	70	42	6	15	8	83	0	14262
607	2011	98	CHI	OTT	1	5	52	49	21	11	2	81	1	21657
608	2011	98	DAL	NYR	0	5	61	41	15	17	24	50	2	14934
609	2011	98	CGY	DET	0	9	66	52	16	22	22	31	2	19289
610	2011	98	VAN	EDM	1	7	58	47	15	15	28	51	2	18860
611	2011	98	ANA	CBJ	1	6	56	41	6	17	60	48	3	12815
612	2011	99	PHI	NJ	1	3	64	53	16	18	18	50	1	19859
613	2011	99	COL	NYI	0	7	64	57	21	15	14	32	3	15171
616	2011	99	PIT	MIN	0	4	63	42	9	10	18	48	0	18263
617	2011	99	WSH	FLA	1	5	54	35	14	15	14	42	1	18398
618	2011	99	STL	NYR	0	3	49	34	9	6	18	44	0	19150
619	2011	99	PHO	BUF	0	3	66	45	11	8	12	53	1	13905
620	2011	99	SJ	NSH	0	3	69	54	22	34	4	39	0	17562
621	2011	99	VAN	DET	0	3	68	54	15	9	20	40	2	18860
622	2011	99	LA	CBJ	1	10	70	45	4	21	30	58	2	18118
623	2011	100	CAR	ATLANTA	1	7	62	47	17	16	16	76	4	17907
624	2011	100	NJ	TB	1	9	62	35	12	12	16	30	2	16197
625	2011	100	MIN	DAL	0	4	54	34	9	17	10	38	0	18082
626	2011	100	CHI	NYI	1	5	74	48	31	19	18	50	1	21205
627	2011	100	ANA	SJ	1	1	65	46	8	17	10	43	0	16172
628	2011	101	PIT	BOS	0	6	57	34	10	15	26	65	3	18245
629	2011	101	STL	PHO	0	7	69	53	8	10	22	42	0	19150
630	2011	101	COL	DET	1	9	56	54	17	12	14	35	2	17535
631	2011	101	LA	TOR	0	5	60	48	10	22	32	71	0	17834
632	2011	102	BOS	OTT	1	6	70	46	7	12	42	34	0	17565
633	2011	102	BUF	PHI	0	7	73	47	10	11	22	18	1	18155
634	2011	102	NYI	VAN	0	7	92	62	25	32	18	62	1	8913
635	2011	102	NYR	MTL	0	3	64	42	15	3	12	67	0	18200
636	2011	102	CAR	CGY	1	11	62	58	15	12	18	73	0	10096
637	2011	102	CBJ	PHO	0	7	68	41	10	4	18	51	1	11109
638	2011	102	FLA	WSH	1	7	74	44	12	8	24	48	3	14790
639	2011	102	NSH	MIN	1	6	56	39	29	26	10	38	0	15311
640	2011	102	DAL	EDM	1	5	61	51	15	14	30	58	0	12463
641	2011	102	SJ	TOR	0	6	68	49	17	21	16	41	1	17562
643	2011	103	TB	WSH	1	3	61	46	14	21	22	44	0	18135
644	2011	103	CHI	COL	1	4	55	43	23	7	14	61	0	21356
645	2011	103	ANA	STL	1	11	58	42	4	20	78	48	4	12499
646	2011	104	BOS	PHI	1	12	72	60	10	9	20	41	1	17565
647	2011	104	BUF	CAR	1	5	64	52	12	28	20	31	2	18276
648	2011	104	NYI	OTT	0	10	62	57	34	24	14	48	0	8670
649	2011	104	NYR	VAN	1	1	66	37	17	3	12	69	1	18200
650	2011	104	FLA	NSH	1	5	63	51	16	7	12	69	0	12228
651	2011	104	PHO	TOR	1	6	50	43	7	6	32	49	2	11205
652	2011	104	LA	STL	0	4	46	52	11	18	6	67	0	17932
653	2011	104	SJ	EDM	0	7	72	45	16	19	32	48	2	17562
654	2011	105	WSH	VAN	0	6	62	50	15	18	10	48	1	18398
655	2011	105	CBJ	DET	1	5	60	45	11	9	16	62	1	18684
657	2011	105	ATLANTA	PHI	0	7	65	44	39	14	10	32	1	15081
658	2011	105	TB	NJ	0	7	57	38	14	21	18	38	1	18736
659	2011	105	MIN	COL	0	5	51	44	10	11	10	46	1	18218
660	2011	106	BOS	PIT	0	5	82	45	4	21	20	54	0	17565
661	2011	106	TOR	CGY	0	3	66	53	17	25	12	52	1	19462
663	2011	106	NYI	BUF	1	8	80	42	27	23	16	52	3	12223
664	2011	106	CAR	TB	1	10	65	50	24	13	30	62	4	18680
665	2011	106	FLA	NJ	1	5	57	37	13	4	14	68	2	17825
666	2011	106	DET	CBJ	1	11	64	52	18	16	6	45	1	20066
667	2011	106	NSH	CHI	1	5	59	57	24	26	8	38	1	17113
668	2011	106	DAL	ATLANTA	1	7	57	44	15	9	46	61	4	17702
669	2011	106	PHO	ANA	1	8	62	30	9	3	26	48	1	10951
670	2011	106	LA	EDM	1	7	49	42	11	27	16	57	0	18118
671	2011	106	SJ	STL	1	6	59	41	19	22	38	61	2	17562
672	2011	107	WSH	OTT	1	4	49	57	11	11	8	50	1	18398
673	2011	107	MIN	VAN	1	4	57	40	11	15	34	42	1	18458
674	2011	107	NYR	PHI	0	5	63	50	14	7	32	66	0	18200
675	2011	107	CHI	NSH	1	9	57	52	18	12	20	43	3	21387
676	2011	107	ANA	EDM	1	5	56	39	9	21	20	27	2	15764
677	2011	108	BOS	CAR	1	7	69	40	3	4	40	39	2	17565
678	2011	108	NYI	NJ	0	7	56	41	29	26	26	60	1	13119
679	2011	108	PHO	SJ	0	6	72	52	11	4	14	43	1	9672
681	2011	108	FLA	ATLANTA	0	5	70	49	14	4	12	66	2	11477
682	2011	108	DAL	LA	1	3	51	45	14	8	14	65	2	14163
683	2011	109	BUF	MTL	1	3	69	43	11	6	22	24	3	18225
684	2011	109	PHI	WSH	1	5	55	50	14	17	12	42	0	19824
685	2011	109	PIT	DET	1	5	66	50	9	10	14	40	0	18284
686	2011	109	CAR	BOS	0	5	73	46	29	10	22	62	3	17419
688	2011	109	TB	CBJ	1	5	52	45	22	22	14	48	1	13291
689	2011	109	STL	LA	1	3	53	41	8	7	28	46	1	19150
690	2011	109	COL	VAN	1	7	73	58	19	14	16	38	5	12791
691	2011	109	EDM	MIN	0	5	58	39	22	31	84	38	2	16839
692	2011	109	PHO	NSH	0	7	55	44	9	9	14	46	1	8236
693	2011	110	NYR	TOR	1	7	50	39	16	11	71	70	2	18200
694	2011	110	FLA	CBJ	0	5	69	56	18	4	24	64	1	11629
695	2011	110	CGY	MIN	0	6	61	59	12	16	13	21	1	19289
696	2011	111	BOS	BUF	0	6	73	43	3	18	14	44	1	17565
697	2011	111	TOR	ANA	1	7	65	40	15	31	18	54	0	19399
698	2011	111	NJ	PIT	1	2	43	40	14	7	20	33	0	14890
699	2011	111	NYI	WSH	0	3	49	40	28	18	16	43	0	9119
700	2011	111	PHI	OTT	1	8	50	43	14	11	126	46	2	19721
701	2011	111	CAR	NYR	1	5	79	53	19	20	48	68	1	15861
702	2011	111	ATLANTA	TB	0	5	60	53	31	17	12	37	1	12314
703	2011	111	STL	DET	0	7	58	44	9	10	6	33	0	19150
704	2011	111	COL	NSH	0	6	61	43	26	6	14	29	0	12638
705	2011	111	EDM	DAL	0	6	56	37	22	32	14	54	1	16839
706	2011	111	VAN	SJ	0	3	83	54	19	11	24	43	0	18860
707	2011	111	LA	PHO	0	2	51	31	7	29	18	60	1	18118
708	2011	112	BUF	NYI	0	7	67	57	8	18	10	31	1	18690
710	2011	112	FLA	TB	0	3	51	44	13	9	18	60	0	17328
711	2011	112	CGY	DAL	1	11	40	57	13	28	22	45	1	19289
712	2011	113	PHI	NJ	0	4	49	32	18	24	14	35	1	19847
713	2011	113	DET	CHI	0	5	70	58	13	20	10	48	2	20066
714	2011	113	COL	BOS	0	8	74	48	13	7	38	48	1	18007
715	2011	113	TOR	WSH	0	5	67	49	18	19	18	60	0	19554
717	2011	113	PIT	CAR	1	5	57	48	4	7	46	63	1	18305
718	2011	113	ATLANTA	NYR	0	5	53	40	32	6	20	38	0	17061
719	2011	113	STL	CBJ	0	7	51	43	10	6	64	55	2	19150
720	2011	113	PHO	LA	0	7	59	59	6	9	10	74	1	13210
721	2011	113	VAN	CGY	0	7	77	50	13	11	30	39	1	18860
722	2011	113	SJ	MIN	1	7	68	42	19	24	18	38	3	17562
723	2011	114	NJ	FLA	1	7	49	48	7	12	8	28	2	15109
724	2011	114	NYI	BUF	0	8	57	42	24	18	16	47	2	10120
725	2011	114	CHI	PHI	0	5	65	52	16	16	28	63	0	21660
726	2011	114	TB	ATLANTA	1	8	61	45	14	18	12	41	1	13916
727	2011	114	EDM	NSH	0	5	52	40	22	37	18	33	1	16839
728	2011	115	WSH	NYR	0	3	52	47	23	13	12	53	0	18398
729	2011	115	CAR	TOR	1	10	58	32	18	16	57	41	3	16201
730	2011	115	CGY	NSH	1	4	51	33	12	17	20	21	2	19289
731	2011	115	COL	STL	1	7	56	47	23	16	26	42	2	12338
732	2011	115	VAN	DAL	1	8	62	48	11	12	58	53	3	18860
733	2011	115	LA	BOS	1	2	68	51	8	30	22	62	1	18118
734	2011	116	NYR	FLA	0	7	52	51	8	9	10	54	1	18200
735	2011	116	PHI	MTL	1	7	66	55	17	19	40	39	3	19878
736	2011	116	PIT	NYI	1	1	60	38	8	8	32	50	0	18225
737	2011	116	CBJ	ANA	0	5	59	44	9	5	25	56	4	11700
739	2011	116	TB	TOR	1	2	57	49	18	18	38	39	1	14335
740	2011	116	CHI	MIN	0	6	55	51	19	11	10	66	1	21247
741	2011	116	PHO	EDM	0	7	62	45	6	5	12	43	2	10057
742	2011	117	BOS	FLA	1	3	70	53	19	22	4	52	0	17565
743	2011	117	NYI	CAR	0	6	56	45	28	29	30	33	0	4976
744	2011	117	ATLANTA	WSH	1	1	60	44	27	15	10	30	0	14513
745	2011	117	DET	NJ	1	4	53	45	15	16	12	38	0	20066
746	2011	117	DAL	EDM	1	4	56	41	12	8	100	65	2	13875
747	2011	117	COL	PHO	0	7	68	49	24	7	30	28	1	13740
748	2011	117	CGY	STL	1	5	49	50	10	20	10	41	2	19289
749	2011	117	VAN	NSH	1	3	62	40	10	8	18	37	0	18860
750	2011	117	LA	SJ	1	5	44	35	12	37	6	63	0	18118
751	2011	123	TOR	FLA	1	7	58	42	12	27	16	54	3	19018
752	2011	123	NJ	OTT	1	3	49	34	20	10	8	17	1	7218
753	2011	123	NYR	PIT	0	7	55	44	17	7	34	73	2	18200
754	2011	123	WSH	MTL	0	5	67	44	16	14	18	36	1	18398
755	2011	123	CAR	BOS	0	5	59	55	15	8	18	55	1	18126
756	2011	123	ATLANTA	NYI	0	5	59	59	35	18	4	33	1	11176
757	2011	123	CBJ	CHI	0	11	60	44	7	3	28	57	1	12568
758	2011	123	TB	PHI	1	4	60	61	10	21	12	47	0	16635
759	2011	144	STL	COL	0	7	72	47	10	1	14	39	2	19150
760	2011	123	NSH	CGY	0	5	55	29	14	29	18	38	1	14360
761	2011	123	MIN	LA	1	1	52	48	6	13	8	24	0	17504
762	2011	123	DAL	VAN	0	5	52	56	15	13	16	66	2	12884
763	2011	123	SJ	PHO	1	8	74	49	18	25	22	31	2	17562
765	2011	124	PIT	NYI	1	3	43	45	7	11	104	48	1	18142
767	2011	124	PHO	VAN	0	6	56	45	11	9	16	56	0	13157
768	2011	124	EDM	LA	0	4	59	39	17	27	22	32	2	16839
769	2011	124	ANA	SJ	0	7	58	33	6	15	12	43	2	14486
770	2011	125	BOS	DAL	1	9	68	47	11	12	89	49	0	17565
771	2011	125	TOR	CAR	1	3	68	47	12	28	24	40	0	19220
772	2011	125	NYR	NJ	0	5	45	47	20	6	28	46	1	18200
773	2011	125	PHI	NSH	1	5	57	47	14	10	18	40	2	19702
774	2011	125	ATLANTA	CGY	0	6	48	33	13	21	10	37	0	12984
775	2011	125	COL	MIN	0	7	66	40	23	11	22	53	0	13818
776	2011	126	NJ	FLA	0	7	60	50	18	11	10	23	1	13557
777	2011	126	PIT	BUF	1	5	68	45	4	13	30	93	0	18315
778	2011	126	DET	CBJ	0	3	58	34	20	19	18	43	0	20066
779	2011	126	TB	WSH	0	7	61	51	14	21	40	48	2	20216
780	2011	126	STL	EDM	1	8	58	48	20	6	26	48	1	19150
781	2011	126	VAN	CHI	1	7	77	41	12	13	22	38	2	18860
782	2011	127	BOS	SJ	0	2	44	34	11	14	20	58	1	17565
784	2011	127	COL	ANA	0	3	54	31	24	9	18	41	1	16785
785	2011	127	BUF	TOR	1	8	68	54	12	23	28	39	2	18264
786	2011	127	NYI	OTT	1	8	61	51	23	12	42	46	1	10415
787	2011	127	PHI	DAL	1	4	63	46	10	13	12	45	0	19881
788	2011	127	CAR	ATLANTA	1	7	74	50	9	13	30	43	1	16874
789	2011	127	CBJ	EDM	1	7	60	37	12	4	20	46	0	18370
790	2011	127	NSH	DET	1	3	64	38	19	17	22	27	1	17113
791	2011	127	PHO	MIN	1	1	66	49	6	7	14	59	0	14587
792	2011	127	CGY	LA	0	7	68	54	7	20	16	35	2	19289
793	2011	128	WSH	PIT	1	3	46	37	15	12	22	56	0	18398
795	2011	128	TB	STL	1	7	72	40	19	16	18	48	2	14896
796	2011	129	TOR	ATLANTA	1	9	66	42	15	25	24	50	3	19104
797	2011	129	DET	NYR	1	5	82	48	8	18	14	52	0	20066
798	2011	129	NSH	EDM	0	4	59	38	10	25	14	34	0	14388
799	2011	129	CGY	CHI	1	4	51	36	9	20	16	28	1	19289
800	2011	129	PHO	COL	1	3	52	41	6	6	32	57	1	9508
801	2011	129	VAN	OTT	1	6	63	32	12	6	34	42	0	18860
802	2011	130	NJ	CAR	1	5	56	59	5	6	16	16	2	12126
803	2011	130	NYI	TOR	0	8	60	32	29	10	18	50	1	7249
804	2011	130	PIT	CBJ	0	5	58	49	3	9	43	66	1	18147
805	2011	130	WSH	SJ	0	2	61	54	20	15	6	42	0	18398
806	2011	130	TB	BUF	0	11	62	52	16	19	42	47	2	14444
807	2011	130	FLA	STL	0	3	59	32	12	7	28	68	1	12228
808	2011	131	BOS	MTL	1	14	67	46	4	4	182	48	5	17565
809	2011	131	DET	NSH	0	5	65	48	14	13	10	51	1	20066
810	2011	131	CBJ	SJ	0	5	76	44	10	4	14	57	2	11906
811	2011	131	MIN	COL	1	5	49	39	15	4	24	57	1	18194
812	2011	131	DAL	PHO	0	5	53	42	12	14	20	62	2	11488
813	2011	131	CGY	OTT	1	7	61	35	15	21	30	32	3	19289
814	2011	131	EDM	CHI	0	5	50	34	13	23	34	26	1	16839
815	2011	131	VAN	ANA	0	7	62	50	21	8	6	45	1	18860
816	2011	132	TOR	NJ	0	3	71	53	15	27	34	37	0	19260
817	2011	132	PHI	CAR	1	3	57	33	13	14	22	44	2	19726
818	2011	132	PIT	LA	1	3	59	43	7	11	30	69	0	18208
820	2011	132	FLA	BUF	0	5	53	52	13	3	16	92	1	14559
821	2011	133	BOS	DET	0	7	60	53	5	12	20	33	3	17565
822	2011	133	NJ	SJ	1	3	55	45	10	22	12	38	1	17102
823	2011	133	NYI	PIT	1	12	74	44	13	12	342	40	5	12888
824	2011	133	CBJ	COL	1	4	64	47	15	1	36	53	0	16408
825	2011	133	ATLANTA	NYR	1	5	64	43	15	13	30	45	2	15093
826	2011	133	STL	MIN	0	9	62	46	14	5	18	55	0	19150
827	2011	133	DAL	CHI	1	7	61	36	21	31	26	55	2	17569
828	2011	133	CGY	ANA	0	9	55	41	18	17	8	33	1	19289
829	2011	134	WSH	LA	0	5	51	31	14	13	20	61	0	18398
830	2011	134	EDM	OTT	0	8	43	36	19	47	46	29	1	16839
832	2011	134	TB	CAR	1	7	75	42	17	13	30	40	2	19910
833	2011	134	NSH	COL	1	8	57	53	12	18	10	37	1	17113
834	2011	134	PHO	CHI	1	5	58	47	10	5	14	42	2	17283
835	2011	134	MIN	STL	1	4	56	44	10	5	74	56	2	19322
836	2011	134	VAN	CGY	1	6	59	42	14	8	12	58	2	18860
837	2011	135	BUF	NYI	0	13	54	48	11	10	28	27	2	18690
838	2011	135	NYR	PIT	1	8	60	27	13	4	24	64	4	18200
839	2011	135	DAL	CBJ	0	3	69	45	13	20	14	67	1	16377
840	2011	135	ATLANTA	CAR	0	5	60	45	32	13	10	36	0	13032
841	2011	135	FLA	SJ	1	5	52	43	14	7	32	65	0	16217
842	2011	135	DET	BOS	1	6	61	50	16	9	12	45	1	20066
843	2011	135	PHI	LA	0	1	65	47	13	17	28	43	0	19724
844	2011	135	EDM	ANA	0	4	34	41	22	30	46	44	0	16839
845	2011	136	STL	VAN	1	5	59	43	9	7	12	42	2	19150
846	2011	136	COL	CGY	0	10	56	54	19	8	25	31	2	14035
847	2011	136	PHO	WSH	1	5	49	50	9	7	16	51	1	13856
848	2011	137	BOS	TOR	0	7	63	48	8	13	14	44	3	17565
851	2011	137	TB	PHI	0	7	56	59	15	21	28	54	2	16950
852	2011	137	NSH	SJ	0	3	81	54	20	23	12	38	1	14132
853	2011	137	MIN	VAN	0	5	43	44	7	22	14	34	2	18106
854	2011	137	EDM	DAL	1	5	55	37	22	29	16	41	3	16839
855	2011	138	BUF	TOR	0	3	54	35	15	11	16	35	0	18414
856	2011	138	NJ	CAR	1	5	49	52	9	10	20	16	0	14445
857	2011	138	CBJ	LA	0	7	53	55	9	3	10	68	0	12442
858	2011	138	FLA	PHI	0	6	70	55	17	15	14	53	1	17077
859	2011	138	CHI	MIN	1	4	71	40	13	10	16	65	3	21535
860	2011	138	COL	PIT	0	5	67	39	21	9	24	57	1	17357
861	2011	138	CGY	DAL	1	6	55	45	23	22	10	29	1	19289
862	2011	138	ANA	WSH	0	13	52	54	7	16	36	51	1	15579
863	2011	139	NYI	BOS	0	9	71	48	16	17	24	25	1	12478
864	2011	139	NYR	LA	1	7	65	43	19	10	16	80	1	18200
865	2011	139	TB	DET	0	8	71	46	12	20	16	43	2	20849
866	2011	139	NSH	VAN	1	4	62	50	16	28	12	34	1	15337
867	2011	139	EDM	MTL	1	5	65	48	32	29	46	34	0	16839
868	2011	139	PHO	ATLANTA	1	7	68	49	10	12	8	55	2	10576
869	2011	139	SJ	WSH	1	5	53	47	20	22	6	35	2	17562
870	2011	140	NJ	NYR	1	1	44	38	20	23	6	27	0	17625
871	2011	140	CAR	PHI	1	5	52	34	21	19	20	72	0	18726
872	2011	140	BUF	STL	0	3	49	46	9	13	14	29	1	18493
874	2011	140	FLA	DET	0	7	62	52	17	12	14	51	1	19947
875	2011	140	MIN	ANA	1	6	56	44	9	5	18	41	2	18967
876	2011	140	CHI	CBJ	0	7	76	52	16	7	14	61	2	21708
877	2011	141	EDM	ATLANTA	1	8	57	45	17	31	36	37	3	16839
878	2011	141	TOR	OTT	0	1	69	60	17	24	46	60	0	19460
879	2011	141	NYI	LA	1	3	58	47	18	25	28	39	0	13119
880	2011	141	CAR	NJ	0	5	50	38	16	13	30	49	0	17890
881	2011	141	TB	FLA	0	5	62	30	22	18	18	52	2	18710
882	2011	141	STL	ANA	1	12	48	43	14	8	56	44	3	19150
883	2011	141	NSH	PHO	0	5	58	43	25	20	18	51	1	17113
884	2011	141	VAN	DAL	1	7	62	50	12	11	24	49	0	18860
885	2011	141	SJ	COL	1	4	58	41	11	18	26	36	2	17562
886	2011	142	BUF	WSH	0	3	68	38	8	13	14	27	2	18690
887	2011	142	NYR	PHI	0	6	63	50	18	6	6	59	1	18200
888	2011	142	CHI	PIT	1	5	57	55	18	15	14	81	0	22195
889	2011	142	MIN	DET	0	3	65	56	11	21	10	36	0	18912
890	2011	142	CGY	MTL	1	4	76	52	26	28	10	27	2	41022
891	2011	143	NYI	FLA	1	6	58	31	26	14	51	33	2	13729
892	2011	143	STL	CHI	0	8	60	52	13	2	6	37	2	19150
893	2011	143	PIT	WSH	0	1	63	56	8	8	26	64	1	18263
894	2011	144	TOR	NYI	1	3	54	39	16	23	62	56	1	19459
895	2011	144	PHI	PHO	0	5	68	36	14	15	28	23	1	19875
896	2011	144	CAR	NYR	0	7	79	58	14	8	14	57	1	17932
897	2011	144	DET	SJ	0	7	81	53	13	11	12	45	2	20066
898	2011	144	CBJ	NSH	1	4	50	48	6	4	28	49	2	12457
899	2011	144	MIN	EDM	1	5	44	46	9	16	42	34	1	17321
900	2011	144	DAL	NJ	0	1	42	34	16	21	14	39	1	13652
901	2011	144	VAN	MTL	0	5	64	40	17	9	18	43	2	18860
902	2011	145	BUF	ATLANTA	1	5	80	53	20	13	34	41	1	18690
904	2011	145	PIT	SJ	0	5	64	48	5	7	12	53	1	18253
905	2011	145	TB	PHO	1	11	67	53	12	16	16	54	3	15104
906	2011	144	CGY	BOS	0	4	58	44	24	25	8	29	1	19289
907	2011	145	COL	EDM	0	6	70	49	21	12	14	33	3	14801
908	2011	145	ANA	LA	0	5	45	37	12	19	16	55	0	17174
909	2011	146	PHI	NYI	1	7	78	50	18	23	4	49	0	19776
910	2011	146	DET	DAL	0	5	64	37	11	12	60	47	1	20066
912	2011	146	NSH	CHI	0	3	56	60	26	26	4	52	0	17113
913	2011	146	VAN	STL	1	5	57	52	18	14	20	39	1	18860
914	2011	146	LA	MIN	1	6	57	38	7	18	18	70	2	18118
915	2011	147	WSH	NYR	0	6	63	45	10	24	26	43	2	18398
916	2011	147	CAR	PIT	1	5	55	38	8	14	14	54	1	18719
917	2011	147	CBJ	PHO	1	8	62	57	6	2	40	51	3	16771
918	2011	147	BUF	OTT	1	6	70	31	7	18	12	33	0	18690
919	2011	147	ATLANTA	FLA	0	3	78	57	27	12	14	45	0	14046
920	2011	147	TB	NJ	1	3	50	53	11	14	6	53	0	19563
921	2011	147	CGY	SJ	0	7	57	51	15	12	30	57	0	19289
922	2011	147	EDM	STL	0	5	61	45	19	29	42	38	2	16839
923	2011	147	ANA	MIN	0	5	79	53	8	20	18	47	0	13617
924	2011	148	DAL	NSH	1	5	52	51	20	17	16	71	1	15860
925	2011	148	LA	COL	1	7	59	47	5	30	44	45	3	18118
926	2011	148	BUF	DET	0	5	69	53	12	15	6	34	1	18690
927	2011	148	TOR	PIT	0	11	71	52	21	30	28	59	3	19551
930	2011	148	NYI	WSH	0	5	53	44	29	11	22	36	0	16250
931	2011	148	VAN	BOS	0	4	53	44	9	13	10	54	0	18860
932	2011	149	NYR	TB	0	3	42	33	18	9	20	57	1	18200
933	2011	149	NSH	CBJ	1	5	55	34	16	17	22	50	3	16340
934	2011	149	ATLANTA	TOR	1	5	67	34	22	9	16	43	1	13147
935	2011	149	FLA	NJ	0	3	52	35	16	4	8	56	1	16592
936	2011	149	CHI	PHO	1	7	70	55	20	19	14	35	4	21473
937	2011	149	CGY	STL	1	1	47	40	27	23	14	40	0	19289
938	2011	149	EDM	BOS	0	5	57	52	19	41	36	61	0	16839
939	2011	149	ANA	COL	1	5	56	46	10	17	46	40	1	14510
940	2011	150	MIN	CHI	0	6	60	40	12	15	34	30	0	19155
941	2011	150	LA	DET	0	11	66	47	8	32	16	38	3	18118
942	2011	151	NYR	BUF	0	5	57	39	11	17	16	47	3	18200
943	2011	151	WSH	NYI	1	3	71	49	21	17	10	38	0	18398
944	2011	151	CAR	FLA	1	3	64	51	15	18	16	41	1	16252
945	2011	151	ATLANTA	MTL	0	4	64	38	20	15	22	32	1	11156
947	2011	151	STL	CGY	0	6	54	43	16	8	22	43	2	19150
948	2011	151	EDM	NSH	1	3	61	46	20	45	12	54	0	16839
949	2011	151	PHO	DAL	0	5	57	49	6	8	34	55	1	15751
950	2011	151	VAN	CBJ	1	3	57	53	9	16	18	53	0	18860
951	2011	151	SJ	COL	1	3	54	47	20	24	12	45	1	17562
952	2011	152	TOR	PIT	1	5	49	49	20	23	14	55	0	19473
953	2011	152	NJ	TB	1	3	43	43	26	5	8	27	1	12857
954	2011	152	NYI	MIN	1	5	75	46	18	15	57	30	2	7098
955	2011	152	CHI	CGY	1	10	55	45	20	9	22	52	2	20896
956	2011	152	ANA	DET	1	3	57	34	14	24	24	54	1	15098
957	2011	153	BOS	TB	1	3	56	37	4	11	44	44	0	17565
958	2011	153	NYR	MIN	0	4	60	36	4	6	12	57	1	18200
959	2011	153	PHI	TOR	0	5	63	42	10	16	40	46	0	19811
960	2011	153	WSH	STL	1	5	57	50	18	10	18	49	0	18398
961	2011	153	CAR	BUF	1	5	53	50	20	6	18	45	0	15213
962	2011	153	ATLANTA	OTT	0	4	70	39	20	8	8	30	0	10461
963	2011	153	FLA	MTL	0	4	61	45	11	13	8	57	0	19722
964	2011	153	EDM	CBJ	1	6	66	48	32	35	42	36	1	16839
965	2011	153	VAN	NSH	0	3	58	54	10	11	8	34	0	18860
966	2011	153	LA	PHO	1	1	43	52	11	30	10	67	1	18118
967	2011	153	SJ	DET	1	4	55	48	21	21	20	42	2	17562
968	2011	154	NJ	PIT	1	3	56	38	10	17	26	37	1	17625
970	2011	154	CHI	CAR	1	7	49	60	18	14	18	42	0	21830
971	2011	154	CGY	CBJ	1	7	68	54	13	25	18	35	2	19289
972	2011	154	ANA	DAL	1	7	55	47	8	16	20	53	3	12883
973	2011	155	NYI	STL	1	7	45	38	32	17	26	46	1	10354
974	2011	155	PHI	BUF	0	8	71	46	14	13	20	47	1	19901
975	2011	155	LA	VAN	0	4	58	38	9	30	42	54	0	18118
976	2011	155	BOS	PIT	0	5	70	50	22	10	24	51	0	17565
977	2011	155	TOR	CHI	0	8	58	46	12	23	16	65	0	19646
978	2011	155	ATLANTA	FLA	1	7	70	51	24	16	28	43	2	15799
979	2011	155	TB	MTL	0	6	68	58	13	28	22	39	3	20274
980	2011	155	PHO	DET	1	9	62	50	14	13	16	50	1	17382
981	2011	155	COL	EDM	0	6	65	52	17	7	60	29	2	15869
982	2011	155	SJ	DAL	0	5	59	47	21	24	20	51	0	17562
983	2011	156	NYI	NJ	0	5	51	43	13	17	12	52	2	15893
984	2011	156	NYR	PHI	1	7	60	44	15	7	54	61	2	18200
985	2011	156	FLA	WSH	0	5	59	50	14	14	24	47	1	15685
986	2011	156	MIN	BUF	0	5	59	33	10	11	18	32	1	18091
987	2011	156	CGY	NSH	1	5	59	47	20	18	10	36	1	19289
988	2011	156	ANA	VAN	0	3	42	34	2	19	26	48	1	16356
989	2011	157	TB	WSH	0	3	58	60	17	26	16	50	1	16835
990	2011	157	STL	CBJ	1	9	64	56	6	8	44	60	3	19150
991	2011	157	LA	DAL	0	7	45	36	7	21	33	59	0	18118
992	2011	158	NJ	OTT	0	3	53	33	23	11	14	26	0	15978
993	2011	158	NYI	TOR	1	7	67	58	37	13	10	50	0	9217
994	2011	158	PHI	EDM	1	5	52	39	12	23	15	49	1	19730
995	2011	158	PIT	BUF	1	4	61	45	8	4	20	39	0	18314
997	2011	158	FLA	CHI	1	5	54	29	18	11	6	65	0	16132
998	2011	158	MIN	COL	1	7	55	45	6	11	32	22	2	18441
999	2011	158	PHO	VAN	0	7	73	54	9	8	10	64	2	12843
1000	2011	158	SJ	NSH	1	5	58	50	20	32	8	43	3	17562
1001	2011	159	WSH	EDM	1	5	58	39	18	22	18	37	2	18398
1002	2011	159	CAR	ATLANTA	0	5	66	45	14	14	10	38	1	16126
1003	2011	159	DET	LA	0	3	55	39	14	18	10	51	1	20066
1004	2011	159	CBJ	STL	0	7	48	36	4	10	12	58	1	11508
1005	2011	159	TB	CHI	1	7	61	54	13	18	6	57	0	19912
1006	2011	159	DAL	CGY	0	7	68	61	13	16	8	55	1	14476
1007	2011	159	ANA	NYR	1	7	65	41	9	22	10	57	1	14251
1008	2011	160	BOS	BUF	0	7	74	52	10	11	52	47	2	17565
1009	2011	160	TOR	PHI	0	5	62	47	8	17	35	39	2	19475
1010	2011	160	FLA	OTT	0	3	73	46	11	7	29	46	1	12310
1011	2011	160	STL	MTL	1	5	55	51	8	7	26	40	0	19150
1012	2011	160	NSH	MIN	1	4	50	52	25	17	12	41	0	15343
1013	2011	160	PHO	CGY	1	3	71	48	9	6	10	49	0	13003
1014	2011	160	SJ	VAN	0	9	76	38	10	30	38	43	3	17562
1015	2011	161	NYI	BOS	1	6	69	50	30	17	14	35	2	12119
1016	2011	161	WSH	CAR	1	3	67	50	20	20	14	37	0	18398
1017	2011	161	DET	EDM	1	3	71	46	13	15	20	51	0	20066
1018	2011	161	CBJ	LA	0	6	56	44	5	4	30	53	1	15605
1019	2011	161	ATLANTA	NJ	0	5	56	37	19	19	18	31	4	16073
1020	2011	161	TB	OTT	0	3	57	31	11	22	22	34	2	18777
1021	2011	161	DAL	MIN	1	4	45	44	12	20	10	42	0	14545
1022	2011	161	COL	ANA	0	8	59	49	32	13	34	38	1	16244
1023	2011	162	PIT	MTL	0	3	46	40	3	13	24	32	0	18310
1024	2011	162	TOR	BUF	1	7	71	48	14	34	6	72	1	19347
1025	2011	162	NJ	NYI	1	5	50	46	17	12	32	23	0	17625
1026	2011	162	PHI	ATLANTA	0	9	65	48	13	14	14	36	3	19892
1027	2011	162	CAR	CBJ	0	5	59	29	19	11	32	47	0	18680
1028	2011	162	FLA	TB	1	7	65	43	6	12	20	47	3	16607
1029	2011	162	STL	DET	0	8	56	45	16	11	12	32	1	19150
1030	2011	162	NSH	COL	1	6	67	41	26	18	30	45	0	17113
1031	2011	162	CGY	VAN	0	7	55	49	17	24	8	44	2	19289
1032	2011	162	SJ	NYR	0	5	55	45	21	33	22	63	1	17562
1033	2011	163	PIT	EDM	1	6	62	41	3	2	20	35	1	18197
1034	2011	163	WSH	CHI	1	7	72	40	15	18	22	54	2	18398
1035	2011	163	DAL	LA	0	5	53	40	9	14	16	61	1	15627
1036	2011	163	BUF	OTT	1	10	71	56	7	16	16	27	1	18690
1037	2011	163	ANA	PHO	0	7	69	54	13	23	16	47	1	14326
1038	2011	164	TOR	TB	0	8	68	62	13	13	14	76	0	19410
1039	2011	164	CHI	SJ	1	9	70	40	13	11	18	47	3	22094
1040	2011	164	VAN	MIN	1	6	57	35	16	12	16	38	2	18860
1041	2011	165	BUF	CAR	0	1	73	47	10	22	20	36	0	18690
1042	2011	165	NJ	ATLANTA	1	6	44	41	3	15	6	20	0	16188
1043	2011	165	NYR	NYI	1	9	75	43	10	12	42	62	4	18200
1044	2011	165	CBJ	BOS	0	5	65	42	17	7	12	59	0	12282
1047	2011	165	FLA	PHI	0	5	53	47	12	7	28	61	0	17377
1048	2011	165	NSH	LA	0	6	50	50	19	27	6	39	0	15761
1049	2011	165	DAL	SJ	0	9	76	48	16	23	34	61	2	16724
1050	2011	165	CGY	PHO	0	7	52	44	20	25	10	30	1	19289
1051	2011	166	CAR	TOR	0	4	56	48	20	14	16	45	3	15220
1052	2011	166	DET	WSH	1	5	63	40	13	23	12	46	1	20066
1053	2011	166	VAN	COL	1	6	69	71	13	9	4	40	1	18860
1054	2011	166	ANA	STL	1	3	55	35	12	18	10	56	1	12604
1055	2011	167	ATLANTA	PHI	1	7	49	47	28	9	24	27	0	16502
1056	2011	167	CBJ	DET	0	2	64	38	11	8	32	47	1	14444
1059	2011	167	FLA	TOR	1	4	50	34	23	11	34	57	2	16970
1060	2011	167	NSH	BOS	1	7	69	55	8	26	27	32	1	16839
1061	2011	167	DAL	CHI	1	5	50	43	18	15	38	47	0	14830
1062	2011	167	CGY	COL	1	7	57	39	20	15	22	44	3	19289
1063	2011	167	EDM	PHO	0	4	53	33	23	35	28	38	2	16839
1064	2011	167	LA	STL	0	4	56	44	12	25	28	61	0	18118
1065	2011	167	SJ	MIN	1	5	80	51	29	25	26	47	1	17562
1066	2011	168	NJ	WSH	0	3	45	49	11	17	8	34	0	17625
1067	2011	168	NYR	MTL	1	9	56	44	19	7	36	64	2	18200
1068	2011	168	CAR	NYI	1	5	72	50	46	28	12	43	0	17686
1069	2011	168	VAN	PHO	0	4	76	43	21	11	37	20	2	18860
1070	2011	169	MIN	CBJ	0	9	69	66	12	14	34	32	0	18305
1071	2011	169	BUF	ATLANTA	1	10	59	46	10	25	44	33	3	18690
1072	2011	169	TOR	BOS	1	7	66	49	15	32	18	51	0	19512
1074	2011	169	FLA	NYI	0	7	53	35	14	6	30	56	0	16502
1075	2011	169	NSH	DET	1	4	79	57	15	20	10	39	2	17113
1076	2011	169	DAL	PHI	0	5	60	54	16	17	14	74	0	17652
1077	2011	169	EDM	COL	0	5	60	41	20	26	24	45	1	16839
1078	2011	169	LA	ANA	0	3	57	32	8	30	18	45	0	18118
1079	2011	169	SJ	STL	1	8	79	57	33	32	12	55	2	17562
1080	2011	170	PIT	NYR	0	7	67	37	6	2	27	63	2	18278
1081	2011	170	BUF	NSH	0	7	64	53	16	23	4	17	1	18690
1082	2011	170	CBJ	NJ	0	3	44	36	14	5	8	55	0	13043
1083	2011	170	MIN	MTL	0	9	63	46	7	10	50	23	2	18595
1084	2011	170	PHO	CHI	0	3	51	48	13	9	6	57	2	17328
1085	2011	170	ANA	CGY	1	9	74	65	9	25	14	45	3	15177
1086	2011	171	DET	PIT	0	9	66	50	18	18	14	66	2	20066
1087	2011	171	LA	CGY	1	3	55	45	6	31	22	62	0	18118
1088	2011	172	BOS	NJ	1	5	61	37	11	8	14	37	2	17565
1089	2011	172	NYR	FLA	1	1	55	49	7	3	2	65	0	18200
1090	2011	172	PHI	WSH	0	9	56	49	18	16	10	46	1	19893
1091	2011	172	CAR	OTT	1	7	63	52	19	13	16	39	0	16189
1093	2011	172	TB	NYI	0	7	66	39	15	21	28	46	2	17400
1094	2011	172	NSH	EDM	1	4	50	34	21	29	12	43	2	15745
1095	2011	172	MIN	TOR	0	3	46	44	9	13	30	36	1	18761
1096	2011	172	COL	CBJ	1	9	65	59	25	11	12	41	1	12301
1097	2011	172	PHO	STL	1	3	53	49	7	5	30	54	0	10977
1098	2011	173	DET	VAN	0	3	73	43	12	17	16	57	2	20066
1099	2011	173	CHI	FLA	1	4	54	55	26	16	10	52	1	21713
1100	2011	173	DAL	ANA	0	7	52	50	21	26	14	66	2	16021
1101	2011	173	SJ	CGY	1	9	63	71	25	24	16	55	2	17562
1102	2011	174	BOS	MTL	1	7	65	44	23	18	36	36	1	17565
1103	2011	174	NYI	ATLANTA	0	3	49	45	20	28	28	29	1	11874
1104	2011	174	NYR	OTT	0	3	60	55	16	9	30	49	0	18200
1105	2011	174	PHI	PIT	0	3	51	42	28	13	10	64	1	19902
1106	2011	174	STL	EDM	1	4	42	43	11	10	54	46	2	19150
1107	2011	174	NSH	ANA	1	9	66	45	23	14	18	40	2	17113
1108	2011	174	COL	TOR	0	7	55	50	19	8	20	36	2	14364
1109	2011	174	PHO	CBJ	1	3	51	49	9	14	28	39	1	11172
1110	2011	174	LA	SJ	1	7	66	48	6	20	16	67	3	18118
1111	2011	175	PIT	NJ	1	1	47	29	4	13	12	44	0	18329
1112	2011	175	BUF	FLA	1	6	56	47	17	14	12	44	1	18690
1114	2011	175	ATLANTA	VAN	0	4	57	36	31	17	10	41	0	16237
1115	2011	175	TB	CAR	0	7	60	47	12	17	36	35	4	16656
1116	2011	176	BOS	NYR	0	1	49	36	16	21	20	45	0	17565
1117	2011	176	LA	COL	1	5	46	38	7	21	10	57	1	18118
1118	2011	176	BUF	NJ	1	2	58	32	10	13	8	23	0	18690
1120	2011	176	NYI	PHI	0	5	59	42	26	24	50	39	1	15458
1121	2011	176	CAR	TB	0	6	67	55	16	14	28	51	2	17264
1122	2011	176	DET	TOR	1	6	53	51	16	21	22	64	2	20066
1123	2011	176	NSH	DAL	1	6	62	54	33	20	12	37	1	16892
1124	2011	176	MIN	STL	0	9	63	50	6	13	12	24	1	18112
1125	2011	176	CHI	ANA	0	3	53	53	10	13	8	55	0	22115
1126	2011	176	PHO	SJ	0	5	59	50	6	8	16	54	0	16394
1127	2011	176	EDM	CGY	0	9	52	58	22	32	12	57	2	16839
1128	2011	177	PIT	FLA	1	3	66	54	4	8	8	68	0	18270
1129	2011	177	ATLANTA	OTT	1	9	75	53	22	17	20	32	0	16392
1130	2011	177	CBJ	VAN	0	5	64	36	10	6	18	47	2	14469
1131	2011	177	PHI	BOS	0	3	64	54	16	26	8	52	2	19927
1132	2011	178	DET	CHI	0	5	76	46	18	12	35	35	3	20066
1133	2011	178	ANA	COL	1	9	77	56	9	22	28	56	3	14336
1134	2011	179	BOS	CHI	1	3	66	58	10	17	4	40	0	17565
1135	2011	179	TOR	BUF	1	7	66	52	19	27	22	28	0	19483
1136	2011	179	PIT	PHI	0	7	51	40	12	8	14	56	1	18335
1137	2011	179	WSH	CAR	0	5	66	34	16	19	20	47	1	18398
1138	2011	179	CBJ	FLA	1	5	63	50	13	5	12	66	1	11670
1140	2011	179	TB	OTT	1	7	64	43	17	13	32	42	0	16626
1141	2011	179	STL	MIN	0	5	57	43	12	14	24	42	1	19150
1142	2011	179	NSH	VAN	0	4	49	37	20	15	18	25	0	15960
1143	2011	179	EDM	LA	0	2	65	49	14	23	12	56	0	16839
1144	2011	179	PHO	DAL	1	3	72	54	13	5	6	58	1	12541
1145	2011	180	BUF	NYR	1	1	58	52	13	20	20	44	1	18690
1146	2011	180	NJ	NYI	1	5	49	31	4	8	38	13	0	16252
1147	2011	180	CAR	MTL	1	8	75	43	13	12	44	37	3	18701
1148	2011	180	DET	STL	0	13	91	56	15	20	16	48	3	20066
1149	2011	180	CGY	ANA	0	6	47	32	18	21	26	34	3	19289
1150	2011	181	BOS	TOR	0	7	69	47	17	20	34	39	1	17565
1151	2011	181	NYI	NYR	1	8	60	44	29	27	112	49	0	16250
1152	2011	181	PHI	ATLANTA	0	1	65	31	18	18	24	49	0	19879
1153	2011	181	WSH	CBJ	1	7	56	54	15	16	16	52	0	18398
1154	2011	181	TB	PIT	1	3	61	47	19	12	26	60	0	20126
1155	2011	181	FLA	OTT	0	5	61	46	8	5	22	68	0	15672
1156	2011	181	MIN	EDM	1	6	57	46	8	8	28	28	3	18120
1157	2011	181	COL	NSH	0	5	63	46	20	10	10	19	1	13239
1158	2011	181	VAN	LA	1	4	54	28	9	5	29	44	1	18860
1159	2011	181	SJ	DAL	1	6	81	45	18	36	10	44	1	17562
1160	2011	182	NJ	PHI	1	6	60	43	6	10	24	26	0	17625
1161	2011	182	CBJ	CHI	0	7	63	38	12	9	26	55	2	16217
1162	2011	182	STL	CGY	0	5	52	32	4	11	22	38	1	19150
1163	2011	182	PHO	COL	0	7	58	43	17	12	18	54	1	15739
1164	2011	183	BOS	ATLANTA	1	5	54	53	16	22	8	30	1	17565
1165	2011	183	MIN	TB	0	4	53	49	10	5	16	46	0	18591
1166	2011	183	NSH	DET	0	7	75	45	25	19	46	52	2	17113
1167	2011	183	LA	DAL	1	4	57	55	4	23	4	66	0	18118
1169	2011	183	NJ	MTL	0	4	50	45	8	19	10	27	1	17625
1170	2011	183	NYI	CAR	0	6	57	40	27	21	16	38	0	16250
1171	2011	183	WSH	BUF	1	9	73	69	23	19	6	58	3	18398
1172	2011	183	FLA	PIT	0	6	64	42	10	5	10	69	0	18178
1173	2011	183	VAN	EDM	0	5	75	36	12	7	24	53	2	18860
1174	2011	183	SJ	ANA	1	6	55	43	31	26	40	69	2	17562
1175	2011	184	PHI	NYR	0	5	68	51	16	17	36	72	1	19788
1176	2011	184	CAR	BUF	0	3	67	32	15	10	18	55	0	18740
1177	2011	184	DET	MIN	1	6	63	44	12	14	18	56	1	20066
1178	2011	184	CBJ	STL	0	7	57	47	9	8	52	68	2	13538
1179	2011	184	CHI	TB	0	2	46	45	15	5	20	36	1	21587
1180	2011	184	COL	CGY	0	3	71	55	25	13	8	32	0	13896
1181	2011	184	ANA	DAL	0	7	58	47	10	21	18	43	1	16424
1182	2011	185	NYR	BOS	1	8	56	37	13	11	10	59	0	18200
1183	2011	185	SJ	LA	1	7	67	40	25	19	46	56	0	17562
1184	2011	186	BUF	TB	1	6	49	46	15	9	20	23	1	18690
1185	2011	186	TOR	WSH	0	5	62	65	11	29	20	75	2	19509
1186	2011	186	PIT	NJ	1	6	51	34	9	5	10	41	1	18331
1189	2011	186	STL	COL	1	4	56	45	10	12	132	45	1	19150
1190	2011	186	NSH	ATLANTA	1	9	60	54	20	14	34	26	1	16756
1191	2011	186	DAL	CBJ	1	3	53	27	17	17	18	64	1	16012
1192	2011	186	EDM	VAN	1	2	48	32	12	31	47	31	2	16839
1193	2011	187	BOS	NYI	1	5	65	38	18	11	18	32	1	17565
1194	2011	187	NJ	TOR	1	6	57	37	7	10	10	30	2	14207
1195	2011	187	WSH	FLA	1	7	58	46	14	17	20	52	3	18398
1196	2011	187	CAR	DET	1	3	74	52	18	15	14	37	1	17602
1197	2011	187	CHI	STL	1	7	63	46	13	8	10	36	1	21435
1198	2011	187	CGY	EDM	1	7	70	49	16	21	16	33	3	19289
1199	2011	187	ANA	SJ	1	8	72	38	12	17	44	42	4	15649
1200	2011	187	LA	PHO	1	5	68	43	6	19	10	50	0	18118
1201	2011	188	NYR	ATLANTA	0	3	55	48	12	13	12	56	0	18200
1203	2011	188	DAL	COL	1	6	60	42	17	18	12	66	1	15105
1204	2011	188	VAN	MIN	1	5	57	43	15	8	24	34	1	18860
1205	2011	189	NYI	PIT	0	7	76	38	31	15	76	52	2	16250
1206	2011	189	DET	CHI	0	6	57	54	18	17	6	55	1	20066
1207	2011	189	BUF	PHI	1	7	56	45	19	16	10	41	0	18690
1208	2011	189	ATLANTA	CAR	0	7	51	46	14	7	30	33	2	14652
1209	2011	189	TB	FLA	1	6	58	51	15	12	18	41	2	20444
1210	2011	189	NSH	CBJ	1	5	70	45	15	9	18	44	0	17113
1211	2011	189	COL	DAL	0	5	45	39	14	9	6	30	0	14037
1212	2011	189	EDM	MIN	0	4	56	27	32	27	122	40	1	16839
1213	2011	189	PHO	SJ	1	7	53	43	7	9	20	48	1	17125
1214	2011	189	ANA	LA	1	3	52	44	13	19	34	52	0	17587
1215	2011	190	NYR	NJ	1	7	55	49	12	13	4	62	0	18200
1216	2011	190	BOS	OTT	1	4	61	48	13	17	24	27	1	17565
1217	2011	190	TOR	MTL	0	5	62	42	16	41	26	49	2	19676
1218	2011	190	PHI	NYI	1	11	75	54	15	13	66	48	3	19909
1219	2011	190	CAR	TB	0	8	79	49	15	11	16	21	1	17805
1220	2011	190	FLA	WSH	1	1	51	43	13	6	6	53	0	18371
1221	2011	190	CBJ	BUF	0	9	66	39	11	7	29	40	3	18717
1222	2011	190	STL	NSH	1	2	49	37	12	10	4	24	0	19150
1223	2011	190	CGY	VAN	0	5	75	41	27	24	30	26	3	19289
1224	2011	190	LA	ANA	0	4	64	44	9	21	58	65	3	18203
1225	2011	190	SJ	PHO	1	4	73	56	18	31	22	43	2	17562
1226	2011	191	NJ	BOS	1	5	58	40	2	7	6	15	0	17625
1227	2011	191	ATLANTA	PIT	0	7	59	39	8	6	16	24	3	16085
1228	2011	191	COL	EDM	1	7	53	37	21	9	24	33	4	17566
1229	2011	191	CHI	DET	0	7	67	56	25	16	10	50	0	22046
1230	2011	191	MIN	DAL	1	8	52	37	10	3	14	45	3	18504