
1	2011	6	TOR	MTL	1	1	-4	-7	-1	9	-6	-7	0	19646
2	2011	6	PIT	PHI	0	-1	4	10	8	2	-2	-2	0	18289
3	2011	6	MIN	CAR	0	-1	-2	14	5	0	0	5	0	12355
4	2011	6	COL	CHI	1	1	3	0	-4	8	8	-1	-1	18007
5	2011	6	EDM	CGY	1	4	-4	1	5	4	-4	5	2	16839
6	2011	7	CBJ	SJ	0	-1	4	5	0	-3	-2	11	-1	11324
7	2011	7	NJ	DAL	0	-1	2	-9	-2	0	0	-7	1	17625
8	2011	7	CAR	MIN	1	1	-5	-20	-4	-3	0	-3	-1	13465
9	2011	7	DET	ANA	1	4	22	10	-3	3	-18	-5	0	20066
11	2011	7	ATLANTA	WSH	1	2	0	4	6	10	0	-5	0	15596
12	2011	8	BOS	PHO	0	-3	5	-13	-4	-1	-4	2	0	15299
13	2011	8	BUF	NYR	0	-3	8	7	2	10	8	12	1	18690
14	2011	8	TOR	OTT	1	4	20	-6	4	13	8	7	1	19157
15	2011	8	NYI	DAL	0	-1	25	-3	2	2	-4	21	2	13351
16	2011	8	PIT	MTL	0	-1	11	-4	3	3	0	20	0	18106
17	2011	8	WSH	NJ	1	5	-4	0	4	0	-7	1	1	18398
18	2011	8	TB	ATLANTA	1	2	6	10	2	-1	4	2	1	19791
19	2011	8	STL	PHI	1	1	-5	0	1	-1	-18	9	1	19150
20	2011	8	NSH	ANA	1	3	12	0	4	2	-6	-5	1	17113
21	2011	8	CHI	DET	0	-1	2	0	10	9	-2	5	0	22161
22	2011	8	SJ	CBJ	0	-1	10	7	-8	1	-8	-19	1	9537
23	2011	8	VAN	LA	0	-1	-8	-2	11	7	0	7	0	18860
24	2011	9	PHO	BOS	0	-3	-8	-2	-2	-1	6	-2	0	12990
25	2011	9	CGY	LA	1	2	10	-7	-1	5	-4	2	1	19289
26	2011	9	EDM	FLA	1	1	-15	-9	-5	14	6	8	0	16839
27	2011	10	NJ	PIT	0	-2	0	1	0	6	8	7	-1	12880
28	2011	10	NYI	NYR	1	2	-1	-10	8	4	-6	3	0	11748
29	2011	10	STL	ANA	1	4	39	2	3	3	-13	-4	0	19150
30	2011	10	BUF	CHI	0	-1	5	11	7	8	-15	6	-1	17896
31	2011	10	PHI	COL	1	2	11	0	5	-1	-4	7	0	19652
32	2011	10	WSH	OTT	1	1	-5	-4	3	10	-2	6	0	18398
33	2011	10	VAN	FLA	1	1	-7	11	0	0	6	10	0	18860
34	2011	11	DET	COL	0	-1	-10	4	13	12	6	3	1	19651
35	2011	11	LA	ATLANTA	1	2	3	-6	4	7	6	18	0	18118
36	2011	12	BUF	NJ	0	-1	-11	-3	2	-6	2	-14	0	18690
37	2011	12	WSH	NYI	1	1	2	-14	10	8	-2	2	1	18398
39	2011	12	PIT	TOR	0	-1	11	1	3	1	0	3	0	18112
40	2011	12	CHI	NSH	0	-1	-2	-3	3	4	2	-6	0	20680
41	2011	12	ANA	VAN	1	1	-7	-15	3	5	-14	-1	0	17174
42	2011	13	PHI	TB	0	-1	2	-6	-3	-4	4	8	0	19592
44	2011	13	NSH	STL	1	1	-13	5	7	8	4	8	0	15103
45	2011	13	MIN	EDM	1	2	-2	-2	3	6	4	9	3	18449
46	2011	13	DAL	DET	1	3	-11	-2	8	0	4	6	0	18532
47	2011	13	CGY	FLA	0	-3	9	-4	-1	3	0	13	0	19289
48	2011	14	NJ	COL	0	-1	21	12	3	6	-11	3	0	12221
49	2011	14	NYR	TOR	0	-1	-14	-10	2	5	4	12	-1	18200
50	2011	14	PIT	NYI	1	1	5	-2	2	6	9	2	0	18195
51	2011	14	CBJ	CHI	0	-3	-8	6	-1	2	-4	12	0	18305
52	2011	14	BUF	MTL	0	-1	-5	-1	2	10	4	5	-1	17264
53	2011	14	ANA	ATLANTA	0	-1	8	-11	3	2	-6	13	0	13123
54	2011	14	LA	VAN	1	3	-7	-8	2	10	-10	-3	0	18118
56	2011	15	NJ	BOS	0	-3	-3	-1	0	8	-2	-3	0	13056
57	2011	15	NYI	COL	1	3	-5	15	3	0	-6	0	1	10127
58	2011	15	PHI	PIT	0	-4	-2	5	0	3	6	-2	-1	19684
59	2011	15	FLA	TB	1	6	9	5	0	3	-4	-7	1	17040
60	2011	15	NSH	WSH	0	-1	5	9	3	2	-2	4	-2	16144
61	2011	15	MIN	CBJ	0	-1	-2	-3	-1	9	-2	2	1	17336
62	2011	15	DAL	STL	1	1	-18	4	1	6	2	21	-1	11750
63	2011	15	CHI	BUF	1	1	-20	17	5	7	4	12	1	21293
64	2011	15	PHO	DET	0	-1	-7	4	3	-2	8	4	-1	17125
65	2011	15	CGY	EDM	1	2	16	21	2	2	0	-2	1	19289
66	2011	15	SJ	ATLANTA	0	-2	11	13	6	10	0	4	0	17562
67	2011	16	ANA	PHO	1	1	-3	-10	0	2	-2	7	0	13574
68	2011	16	VAN	CAR	1	4	-5	10	3	4	0	-4	2	18860
69	2011	17	TOR	NYI	0	-1	10	-12	7	6	0	5	0	19086
70	2011	17	NYR	COL	0	-2	-2	-9	1	1	-6	9	-2	17711
71	2011	17	PIT	OTT	1	3	-5	0	2	5	-10	-6	1	18101
72	2011	17	TB	DAL	1	1	25	2	5	6	0	-2	4	13277
73	2011	17	CHI	STL	1	1	-1	-1	7	12	-4	-3	1	20641
74	2011	18	WSH	BOS	0	-2	15	0	9	-2	-2	10	0	18398
75	2011	18	NSH	CGY	0	-1	-1	4	1	12	-8	0	0	15684
76	2011	18	MIN	VAN	1	4	-3	-14	1	3	-4	-3	2	16806
77	2011	18	SJ	CAR	0	-3	12	16	3	1	-2	6	1	17562
78	2011	19	ATLANTA	BUF	0	-3	-24	0	3	7	4	10	0	8820
79	2011	19	CBJ	ANA	1	2	-10	-2	9	7	4	8	0	9802
80	2011	19	CHI	VAN	1	1	-5	3	6	5	0	-9	-1	20859
81	2011	19	LA	CAR	1	1	-3	11	0	7	-2	-7	0	17769
82	2011	20	BOS	WSH	1	3	-5	5	4	0	2	11	3	17565
83	2011	20	TOR	NYR	0	-1	-7	1	3	6	-6	-4	0	19310
84	2011	20	PHI	ANA	0	-1	20	-8	8	-2	-2	2	0	19012
85	2011	20	DET	CGY	1	2	-6	15	10	9	2	-5	1	18399
87	2011	20	TB	NYI	0	-1	5	-4	1	2	2	0	-1	13333
88	2011	20	FLA	DAL	0	-3	-1	0	2	0	-12	-2	0	11580
89	2011	20	NSH	PIT	0	-1	-14	1	3	1	4	-2	1	17113
90	2011	20	COL	SJ	0	-2	-3	-13	0	-1	14	2	-1	12803
91	2011	20	EDM	MIN	0	-2	11	16	-4	5	-4	8	1	16839
92	2011	20	PHO	LA	1	2	-3	-1	-6	1	-2	-5	0	6706
93	2011	21	CBJ	CGY	0	-4	-1	13	3	3	2	-5	0	10784
94	2011	21	BUF	OTT	0	-2	4	-4	0	6	6	4	-2	18009
95	2011	21	ATLANTA	TB	0	-3	-3	2	4	4	-4	12	-1	9138
96	2011	21	STL	CHI	1	2	3	-1	9	-3	0	7	0	19150
97	2011	21	VAN	MIN	1	4	11	-1	6	-1	-2	7	0	18860
98	2011	22	BOS	NYR	0	-1	7	2	-9	5	-10	5	0	17565
100	2011	22	NJ	BUF	0	-5	-2	8	-1	1	2	15	-1	14228
101	2011	22	PHI	TOR	1	3	26	4	1	1	-7	-9	1	19382
102	2011	22	WSH	ATLANTA	1	1	12	10	6	10	-5	14	-1	18398
103	2011	22	FLA	NYI	1	1	-3	7	0	5	-2	-4	-2	15071
104	2011	22	DET	ANA	1	1	16	6	2	-3	-4	-14	1	19401
105	2011	22	STL	PIT	1	1	-7	0	3	-2	2	-6	0	19150
106	2011	22	DAL	NSH	0	-1	6	7	5	3	0	-3	0	13583
107	2011	22	CHI	CBJ	0	-1	-8	1	9	7	3	-11	0	21265
108	2011	22	COL	LA	0	-2	2	-4	-3	12	-13	-4	0	15478
109	2011	22	PHO	CAR	0	-1	-2	16	4	9	4	-6	-1	8189
110	2011	22	EDM	SJ	0	-5	-12	-9	-9	0	-10	-3	-3	16839
111	2011	23	TB	NSH	0	-1	19	3	1	5	-8	-8	0	14454
112	2011	23	NYR	NJ	1	2	6	1	6	-1	-6	-2	1	18200
113	2011	23	CGY	SJ	1	4	3	-1	2	3	-8	9	1	19289
114	2011	24	CBJ	PHI	1	1	-4	7	1	1	-16	1	1	11727
116	2011	24	MIN	LA	0	-1	-12	1	-1	2	-7	1	-2	17094
117	2011	25	TOR	FLA	1	2	5	11	1	3	2	7	0	19239
118	2011	25	PHI	BUF	1	3	-1	4	-1	2	-4	12	1	19361
120	2011	25	CGY	EDM	1	1	7	5	10	-3	-14	2	1	19289
121	2011	25	DAL	ANA	0	-3	11	2	3	8	9	-4	0	12378
122	2011	25	VAN	COL	1	1	-8	3	5	2	-2	1	1	18860
123	2011	26	NYR	ATLANTA	0	-2	2	8	-2	3	4	12	-1	17900
124	2011	26	CAR	WSH	0	-3	-4	2	1	-1	-4	3	0	18680
126	2011	26	TB	PIT	1	2	0	3	6	-5	-4	-7	1	17226
127	2011	26	CHI	LA	1	2	-6	-1	4	5	-2	-4	0	20667
128	2011	26	SJ	NJ	1	3	10	16	0	3	-14	5	0	17562
129	2011	27	BOS	TOR	1	2	12	-2	4	5	14	0	1	17565
130	2011	27	DET	PHO	0	-2	9	3	5	4	-2	6	0	18165
131	2011	27	CBJ	EDM	1	1	14	10	0	1	-4	2	-1	9128
133	2011	27	NSH	STL	0	-3	-10	6	-1	4	13	4	-1	15506
134	2011	27	MIN	WSH	1	1	-5	6	4	2	-6	0	1	17352
135	2011	27	DAL	LA	0	-3	8	-4	3	5	-6	10	0	11306
136	2011	27	CGY	COL	0	-1	-17	-5	-1	3	6	8	0	19289
137	2011	28	NYI	MTL	0	-2	5	-12	16	3	-8	5	-1	11922
138	2011	28	NYR	CAR	0	-1	5	8	1	0	-2	-2	0	17819
139	2011	28	PIT	PHI	0	-1	4	8	-8	6	-4	6	-1	18275
140	2011	28	ATLANTA	BUF	1	1	-6	4	-2	-3	-4	0	2	10172
141	2011	28	CHI	EDM	0	-3	19	3	3	4	-6	1	2	21061
142	2011	28	ANA	NJ	0	-1	1	0	2	4	0	6	1	14724
143	2011	29	TOR	NYR	0	-2	12	3	-1	-1	-4	-2	0	19063
146	2011	29	PHI	NYI	1	5	-2	5	1	0	-24	-6	2	19613
147	2011	29	CAR	PIT	0	-3	2	-13	1	5	-10	-4	0	18680
148	2011	29	DET	NSH	1	3	3	8	0	0	0	9	1	18711
149	2011	29	STL	ATLANTA	1	1	7	-1	2	2	8	-1	-2	19150
150	2011	29	MIN	CHI	0	-2	-6	2	4	3	-2	-3	0	18376
151	2011	29	DAL	BUF	1	4	7	7	10	-1	-8	-8	2	15015
152	2011	29	COL	CBJ	1	4	-3	-5	10	8	-6	-2	0	13017
153	2011	29	PHO	TB	0	-3	0	-1	3	2	18	4	0	8171
154	2011	29	CGY	WSH	0	-5	1	-4	2	-7	-6	3	-3	19289
155	2011	29	LA	NJ	1	2	-17	-10	10	9	0	-3	1	18118
156	2011	29	SJ	ANA	1	3	17	-6	3	9	-6	-6	0	17562
157	2011	31	NYR	CHI	1	1	-12	-4	-2	4	0	17	0	18200
158	2011	31	PHI	CAR	1	1	9	11	7	3	-4	-1	1	19038
159	2011	31	VAN	NJ	1	3	-7	11	4	5	-2	-4	0	18860
160	2011	32	TOR	OTT	0	-1	11	6	-2	-4	-2	4	-1	19409
161	2011	32	CBJ	MTL	1	3	-5	15	7	0	0	7	1	10466
162	2011	32	MIN	SJ	1	1	-20	-7	-1	-2	-8	0	1	16502
163	2011	32	EDM	VAN	0	-1	-4	-5	1	6	2	-2	-2	16839
164	2011	33	BUF	BOS	0	-3	9	17	4	7	16	6	1	18428
165	2011	33	WSH	TOR	1	1	2	-2	1	4	0	0	1	18398
166	2011	33	CAR	NYI	1	5	-1	-6	8	2	0	-6	0	13043
167	2011	33	FLA	ATLANTA	0	-1	32	3	6	5	0	-15	0	11212
168	2011	33	CHI	NJ	0	-2	8	11	3	6	-4	16	1	21044
169	2011	33	DAL	PIT	1	3	6	-2	7	-1	-2	-11	0	15637
170	2011	33	CGY	DET	0	-1	-16	7	-1	8	0	6	1	19289
171	2011	33	PHO	NSH	1	1	-3	8	-1	3	4	1	1	6761
172	2011	33	ANA	TB	1	1	-4	-4	-1	2	0	9	0	13034
173	2011	34	PHI	NYR	1	3	0	5	-2	0	-2	-6	1	19652
174	2011	34	ATLANTA	CBJ	0	-3	-17	-1	9	5	-2	5	0	8461
176	2011	34	STL	SJ	1	2	4	-10	1	3	-21	-18	0	19150
177	2011	34	COL	VAN	0	-2	-2	4	4	12	4	-3	-3	12732
178	2011	34	LA	TB	1	1	2	2	-3	3	-15	-7	0	18118
179	2011	35	NJ	NYR	0	-3	13	16	3	8	7	2	-1	17625
180	2011	35	WSH	BOS	1	2	21	-4	11	0	0	-3	-2	18389
181	2011	35	BUF	MTL	0	-1	-1	5	4	-2	0	5	0	18026
182	2011	35	FLA	CAR	1	3	19	17	-2	0	10	-5	0	14761
183	2011	35	MIN	CGY	1	1	-11	-6	-1	6	2	6	-1	17124
184	2011	35	DAL	PHO	1	3	3	-1	8	-4	0	-10	3	12255
185	2011	35	EDM	DET	0	-2	0	1	-5	-1	-2	6	0	16839
186	2011	35	ANA	PIT	1	1	-13	-7	3	-4	2	-4	-1	17174
187	2011	36	LA	NSH	1	3	5	-1	4	12	0	-8	0	18118
188	2011	36	BOS	STL	0	-1	-1	-13	5	0	12	8	0	17565
189	2011	36	TOR	BUF	0	-1	-6	3	1	6	2	7	0	19329
191	2011	36	NYI	PHI	0	-1	6	17	-7	1	-8	-1	1	13078
192	2011	36	CAR	FLA	1	1	9	-7	9	1	-6	8	1	17704
193	2011	36	ATLANTA	CHI	0	-1	-3	5	7	-4	-6	3	1	16022
194	2011	36	CBJ	MIN	0	-1	13	-6	-1	-1	0	7	-2	13457
195	2011	36	COL	DAL	1	5	14	4	-1	1	2	-2	0	16172
196	2011	36	PHO	PIT	0	-1	-8	0	0	4	2	-12	-1	14642
197	2011	36	VAN	DET	1	2	6	6	6	-1	-4	10	1	18860
198	2011	36	SJ	TB	1	3	4	-1	3	2	-6	5	0	17562
199	2011	37	WSH	PHI	1	1	14	1	1	7	-8	-13	2	18398
200	2011	37	NYR	STL	0	-2	5	-14	5	2	-3	8	0	17376
201	2011	37	CHI	EDM	0	-1	1	0	11	4	2	-5	-1	21025
202	2011	37	ANA	NSH	1	1	13	0	-2	4	0	-1	1	13520
203	2011	38	DET	PHO	1	1	9	4	-1	2	-2	9	0	19207
204	2011	39	NYR	WSH	0	-2	4	-10	0	-1	0	11	0	18200
205	2011	39	CAR	EDM	1	6	20	2	5	-1	-16	-5	3	11890
208	2011	39	TB	TOR	1	4	-3	1	7	0	6	-6	1	16791
209	2011	39	COL	CGY	0	-2	6	-7	4	5	-4	-3	1	12219
210	2011	39	SJ	ANA	0	-1	21	6	0	12	-4	-4	0	17562
211	2011	40	NJ	BUF	0	-1	-10	15	8	9	0	12	1	14566
212	2011	40	PIT	BOS	0	-3	13	-4	-4	6	2	18	0	18113
213	2011	40	CBJ	STL	1	7	5	9	9	1	0	5	0	10265
214	2011	40	FLA	TOR	1	3	-5	4	2	1	-2	-12	2	15243
215	2011	40	CHI	PHO	0	-1	14	0	3	-1	-2	-9	0	21181
216	2011	40	ANA	NYI	1	1	-13	6	2	-3	-12	4	0	14393
217	2011	41	BOS	MTL	0	-2	-6	4	-7	3	2	2	-2	17565
218	2011	41	NYR	BUF	1	1	-3	-8	3	2	-6	5	0	17848
219	2011	41	WSH	TB	1	3	-15	3	3	6	6	10	0	18398
220	2011	41	CAR	PHI	0	-7	10	-11	5	3	-4	-9	-2	14719
221	2011	41	ATLANTA	MIN	1	4	1	-6	-1	6	2	-9	-1	10055
222	2011	41	DET	EDM	1	4	9	3	11	6	4	5	0	20066
224	2011	41	STL	NSH	0	-1	-3	7	-3	-4	0	6	0	19150
225	2011	41	LA	DAL	1	2	1	-6	5	-1	-7	-2	2	18118
226	2011	41	SJ	NYI	1	1	13	0	-2	10	-8	-4	1	17562
227	2011	42	NJ	EDM	1	1	15	5	0	0	8	0	2	14650
228	2011	42	PIT	TB	1	4	4	-5	-3	4	4	12	-1	18275
229	2011	42	CBJ	COL	0	-4	0	3	4	2	-4	15	0	13594
230	2011	42	FLA	MIN	1	1	4	10	8	3	-17	-7	-1	15043
231	2011	42	PHO	CGY	1	1	-9	13	0	4	8	4	-1	11117
232	2011	42	ANA	DAL	1	2	8	4	1	1	-2	1	1	13831
233	2011	43	BOS	OTT	0	-2	-2	-5	-6	-1	0	12	0	17565
234	2011	43	BUF	WSH	1	1	2	-6	-1	4	-10	-3	1	18690
235	2011	43	TOR	VAN	0	-2	0	2	-1	2	0	-3	-1	19534
237	2011	43	PHI	FLA	1	3	6	1	3	-1	-4	7	2	19616
238	2011	43	ATLANTA	PIT	0	-2	5	12	5	7	0	-7	-1	16710
239	2011	43	DET	COL	1	2	3	1	6	9	0	-6	0	20066
240	2011	43	NSH	CHI	1	1	1	-4	1	5	2	2	1	17113
241	2011	43	PHO	STL	1	2	-11	1	2	0	-8	10	2	9412
242	2011	43	SJ	CGY	1	1	4	-6	7	0	16	8	0	17562
243	2011	43	LA	NYI	1	4	15	-20	5	1	2	-4	1	18118
244	2011	44	NYR	EDM	1	6	10	4	5	-4	-8	-2	0	17658
245	2011	44	WSH	ATLANTA	1	2	6	2	6	2	-2	5	0	18398
246	2011	44	TB	MIN	0	-3	20	-4	1	1	0	-9	-1	14868
247	2011	44	CHI	ANA	1	1	17	0	13	2	-2	-1	2	21244
248	2011	45	BOS	NJ	1	3	-4	2	-1	-1	-8	-3	1	17565
249	2011	45	BUF	VAN	1	1	0	-11	-2	-1	-2	-6	-2	18690
250	2011	45	PHI	OTT	1	4	17	-3	-3	1	-8	5	1	19256
251	2011	45	PIT	NYR	0	-1	14	10	0	6	-12	-1	0	18125
252	2011	45	COL	STL	1	3	-7	8	8	5	-14	2	0	12670
253	2011	45	SJ	LA	1	3	-1	-13	2	3	-2	8	2	17562
254	2011	46	TOR	NSH	1	1	-1	-3	1	5	-12	-1	4	19069
256	2011	46	DAL	ANA	1	1	-1	-3	7	3	2	0	0	13443
257	2011	47	NYI	TB	0	-2	-4	-2	-2	2	9	13	-2	8025
258	2011	47	NYR	BOS	0	-1	16	-9	-1	-2	-6	16	1	18200
259	2011	47	PIT	VAN	1	2	-1	-6	6	2	6	8	0	18252
260	2011	47	WSH	BUF	1	2	-4	4	-7	9	4	12	0	18398
261	2011	47	CAR	OTT	1	6	4	-14	1	3	-6	-3	1	12938
262	2011	47	ATLANTA	FLA	0	-1	5	-4	-1	3	4	2	0	10168
263	2011	47	DET	STL	1	4	-5	-1	3	8	-4	-2	1	20066
264	2011	47	MIN	ANA	1	1	-1	1	-1	0	0	-4	-1	16890
265	2011	47	COL	SJ	1	1	-21	-14	1	2	6	5	1	12436
266	2011	47	CGY	PHO	0	-2	9	-9	3	6	19	10	-1	19289
267	2011	47	EDM	CHI	0	-5	-29	3	-2	4	2	6	-1	16839
268	2011	47	LA	CBJ	0	-2	10	3	0	6	4	-5	1	18118
269	2011	48	BOS	FLA	1	4	-1	-6	-1	0	6	0	0	17565
270	2011	48	TOR	NJ	1	2	-3	1	-5	-2	-2	-12	2	19271
271	2011	48	PHI	TB	0	-1	-1	-5	4	0	10	6	-3	19672
273	2011	48	DAL	SJ	1	1	2	-8	6	10	2	8	1	14720
274	2011	49	PIT	CAR	1	1	2	-6	-4	7	0	1	1	18264
275	2011	49	DET	MIN	0	-1	17	-3	3	1	-2	8	1	20066
276	2011	49	BUF	LA	1	2	-10	-7	6	4	-2	-3	2	18418
277	2011	49	ATLANTA	WSH	1	5	7	4	1	0	2	-2	0	11115
278	2011	49	STL	OTT	1	3	13	-1	4	3	-6	10	2	19150
279	2011	49	COL	NYR	1	4	0	12	2	4	8	1	0	16002
280	2011	49	CGY	CHI	1	5	3	-9	5	2	-6	19	2	19289
281	2011	49	EDM	PHO	0	-1	-12	-5	-3	4	11	-1	0	16839
282	2011	49	ANA	CBJ	0	-1	21	3	0	-5	-2	-6	0	13667
283	2011	50	BOS	LA	0	-1	15	11	1	1	0	5	1	17565
284	2011	50	BUF	TB	0	-1	8	10	0	0	2	12	0	17833
286	2011	50	NYI	FLA	0	-3	9	2	4	6	4	17	0	9157
287	2011	50	WSH	PHI	0	-1	2	5	3	4	4	7	2	18398
288	2011	50	CAR	NSH	0	-1	-5	-9	3	2	2	13	0	15384
289	2011	50	STL	NJ	1	1	-10	-4	2	1	-2	10	1	19150
290	2011	50	MIN	NYR	0	-3	-2	7	4	4	2	4	-1	18695
291	2011	50	DAL	COL	0	-1	3	1	1	4	0	9	-1	17441
292	2011	50	VAN	CHI	0	-6	-13	15	4	3	8	6	0	18860
293	2011	50	SJ	CBJ	0	-3	8	10	-3	8	-2	1	-1	17562
294	2011	51	ATLANTA	NYI	1	1	6	-3	3	2	0	-3	1	10066
295	2011	51	DET	CGY	1	1	11	9	3	3	-10	-4	2	19636
296	2011	51	ANA	EDM	0	-2	15	2	2	-3	-2	1	1	14267
297	2011	51	VAN	PHO	0	-1	-1	0	9	1	6	1	0	18860
298	2011	52	TOR	DAL	1	3	4	2	3	-4	2	-8	0	19266
299	2011	52	NJ	WSH	1	5	-7	3	3	3	2	-2	1	14107
300	2011	52	NYR	CGY	1	1	-8	1	10	4	0	13	1	17845
301	2011	52	PHI	MTL	1	1	14	8	2	4	2	-1	0	19753
302	2011	52	CBJ	NSH	1	2	3	-10	1	0	0	11	0	10095
304	2011	52	TB	BOS	1	2	9	9	2	-4	-2	0	0	16241
305	2011	52	FLA	PIT	0	-1	3	10	7	8	-4	-1	-2	16543
306	2011	53	PHO	EDM	1	5	11	1	2	1	0	-3	1	9354
307	2011	54	BUF	PIT	0	-1	1	-4	7	2	2	8	0	18250
308	2011	54	NYI	CBJ	0	-1	-14	0	-5	5	14	3	-1	8652
309	2011	54	CAR	WSH	0	-1	-6	-7	5	7	0	-6	0	15200
310	2011	54	ATLANTA	DET	1	4	5	-7	13	3	2	7	1	15337
313	2011	54	NJ	CGY	1	1	-5	4	5	11	-2	3	0	13202
314	2011	54	TB	NYR	1	2	14	5	3	1	-14	-12	2	17806
315	2011	54	FLA	BOS	0	-2	-5	0	5	-1	4	-5	-1	16712
316	2011	54	NSH	STL	0	-1	15	8	2	0	0	6	0	16603
317	2011	54	MIN	PHI	0	-5	-12	15	2	7	0	15	0	16516
318	2011	54	VAN	COL	1	2	-4	19	5	-2	2	2	-1	18860
319	2011	54	SJ	CHI	1	3	-3	1	3	0	-4	11	2	17562
320	2011	55	EDM	COL	1	1	-13	-9	-2	9	-12	-4	-1	16839
321	2011	56	BOS	CAR	0	-3	16	4	-2	4	-2	-2	-3	17565
322	2011	56	NYI	NJ	1	2	-9	-8	5	-3	11	17	0	10897
323	2011	56	PHI	CGY	0	-1	6	9	7	5	-6	-11	0	19872
324	2011	56	PIT	OTT	1	1	-4	3	-3	1	-2	1	2	18299
325	2011	56	MIN	NSH	1	3	-11	-7	0	0	6	-2	-2	17814
326	2011	56	ANA	CHI	0	-3	-7	5	-1	1	-6	2	1	16146
327	2011	56	WSH	TB	1	6	12	4	5	4	2	9	2	18398
328	2011	56	CBJ	DET	0	-1	3	-1	4	-2	-2	14	-1	18391
329	2011	56	BUF	TOR	1	2	-8	-12	8	-4	4	0	2	18004
330	2011	56	ATLANTA	MTL	1	3	22	10	9	5	-8	-9	1	13068
331	2011	56	FLA	NYR	0	-3	21	6	2	3	-4	-13	-1	17013
332	2011	56	DAL	STL	1	1	-5	0	7	3	-4	7	0	16675
333	2011	56	VAN	SJ	1	5	-1	10	-1	2	0	0	0	18860
334	2011	57	NJ	PHI	1	1	-16	-6	2	17	-2	3	-1	17625
335	2011	57	PIT	CGY	1	3	12	-7	3	-2	4	0	1	18317
338	2011	57	TB	FLA	0	-1	10	-12	0	10	-6	3	1	15854
339	2011	57	STL	DAL	0	-1	13	8	3	4	2	12	-1	19150
340	2011	57	NSH	NYR	0	-1	6	6	5	4	2	0	0	17113
341	2011	57	PHO	ANA	0	-2	9	2	6	9	-6	8	1	12708
342	2011	57	COL	MIN	1	3	8	8	-3	-2	-4	-15	0	18007
343	2011	57	EDM	SJ	0	-1	0	-2	-1	12	4	8	0	16839
344	2011	57	LA	CHI	0	-1	-1	-5	0	13	-6	0	1	18118
345	2011	58	WSH	CAR	1	1	12	6	-1	1	4	3	0	18398
346	2011	58	ATLANTA	BOS	1	3	-15	4	6	4	2	-5	1	12085
347	2011	58	DET	CBJ	1	2	13	10	4	5	4	0	-1	18860
348	2011	59	NYR	PIT	0	-2	-1	0	8	1	-4	-8	0	18200
349	2011	59	CAR	DAL	0	-3	-5	-3	0	7	-4	15	0	15382
351	2011	59	CGY	MIN	1	3	-1	8	7	3	0	2	1	19289
352	2011	59	ANA	LA	1	2	-8	-2	-1	1	2	10	1	17174
353	2011	60	TOR	TB	0	-1	-14	-9	3	2	4	4	0	19063
354	2011	60	NSH	PHO	1	3	-10	5	-3	3	-8	0	2	14333
355	2011	60	CHI	STL	1	2	-2	8	10	1	-2	-10	3	21140
356	2011	60	COL	ATLANTA	0	-1	0	-2	1	2	0	13	1	12131
357	2011	60	SJ	DET	0	-2	-1	-2	8	9	4	10	0	17562
359	2011	61	PHI	BOS	0	-3	9	1	-4	10	-4	-1	-1	19684
360	2011	61	CBJ	NSH	0	-1	2	10	3	1	4	-3	0	9892
361	2011	61	STL	WSH	0	-3	12	-1	-1	1	-6	-9	-1	19150
362	2011	61	MIN	PHO	0	-2	-1	3	7	9	-2	-1	0	17101
363	2011	61	CGY	VAN	0	-5	-16	-5	3	4	23	7	-3	19289
364	2011	61	ANA	FLA	1	2	-3	-9	4	-3	4	-1	-2	12504
365	2011	62	BOS	TB	1	7	-6	4	-1	3	-6	5	1	17565
366	2011	62	TOR	EDM	0	-5	14	2	4	8	-2	-1	0	19465
367	2011	62	NJ	MTL	0	-4	-4	10	-3	6	-2	4	-1	11434
368	2011	62	NYI	NYR	0	-1	6	-1	9	20	2	1	-1	13742
369	2011	62	PIT	ATLANTA	1	1	6	1	5	2	0	21	-1	18223
371	2011	62	DAL	WSH	1	1	-17	6	3	2	-4	0	0	13943
372	2011	62	LA	FLA	1	1	-2	3	-1	3	-2	11	0	17720
373	2011	63	NYR	NYI	1	2	4	7	10	0	-6	0	1	18200
374	2011	63	CAR	COL	1	1	-5	-13	1	4	2	19	0	16277
375	2011	63	BUF	CBJ	1	5	18	1	2	3	14	-7	3	18529
376	2011	63	MIN	CGY	0	-1	-10	-3	1	0	0	10	0	17130
377	2011	63	CHI	VAN	0	-3	14	-3	7	10	2	3	-1	21737
378	2011	63	ANA	DET	0	-4	12	7	0	5	-4	5	0	15173
379	2011	64	PHI	NJ	1	2	8	-2	-7	-3	0	-3	-2	19657
381	2011	64	TOR	BOS	1	1	13	-5	4	1	-4	4	1	19483
383	2011	64	WSH	ATLANTA	0	-2	13	0	4	2	-6	-4	-1	18398
384	2011	64	CBJ	PIT	0	-5	-12	-5	0	1	-2	4	-2	19143
385	2011	64	TB	COL	1	1	15	7	-1	3	-14	-12	1	18212
386	2011	64	NSH	CAR	1	3	9	-11	10	4	6	-4	0	15016
387	2011	64	DAL	MIN	1	1	2	-3	4	9	-6	3	2	14344
388	2011	64	PHO	FLA	0	-1	4	-5	0	11	0	7	1	10334
389	2011	64	EDM	STL	1	1	-6	-3	6	4	0	4	0	16839
390	2011	64	LA	DET	1	1	-4	14	4	-1	0	9	0	18118
391	2011	65	NYI	PHI	0	-1	3	-10	-1	-2	0	-3	-1	7773
392	2011	65	NYR	OTT	0	-2	1	-11	2	10	-6	17	0	18200
393	2011	65	CHI	CGY	1	2	6	9	5	5	-2	-3	2	21112
394	2011	65	ANA	PHO	0	-3	-13	-9	1	0	6	11	-1	14062
395	2011	65	VAN	STL	0	-1	-5	15	-3	4	0	1	0	18860
396	2011	66	PIT	NJ	1	1	6	-5	6	5	-4	-10	-1	18185
397	2011	66	WSH	TOR	0	-1	8	4	6	5	2	-7	0	18398
398	2011	66	ATLANTA	NSH	1	1	8	15	12	5	-6	2	1	10024
399	2011	66	DET	SJ	0	-3	-8	3	1	4	-4	8	2	19010
400	2011	66	CBJ	DAL	1	1	11	-3	-1	3	2	23	1	10932
401	2011	67	BOS	BUF	1	1	6	5	8	0	-8	-3	1	17565
403	2011	67	FLA	COL	1	1	0	-5	7	4	-2	-4	0	12791
404	2011	67	CGY	TB	1	2	-5	-7	5	1	-4	3	1	19289
405	2011	67	EDM	ANA	0	-1	4	-2	6	6	0	2	1	16839
406	2011	68	PHI	SJ	0	-1	2	-19	3	2	4	4	-1	19801
407	2011	68	PIT	TOR	1	3	1	28	4	1	20	-11	-1	18158
408	2011	68	DET	NSH	0	-1	13	-5	2	8	0	2	0	17359
409	2011	68	CHI	DAL	1	2	-6	3	4	2	-12	-1	1	21184
410	2011	68	VAN	ANA	1	1	20	1	-1	0	-16	0	0	18860
411	2011	69	BOS	NYI	1	3	2	2	-1	-3	-4	-4	2	17565
412	2011	69	BUF	SJ	1	3	8	7	1	3	2	8	-1	18017
413	2011	69	TOR	PHI	0	-3	4	-17	0	-4	-10	8	-1	19365
414	2011	69	WSH	FLA	0	-3	4	-3	5	-8	-4	9	-1	18398
416	2011	69	STL	CBJ	1	3	-4	-2	-2	2	8	11	3	19150
417	2011	69	PHO	MIN	0	-1	2	-1	3	-2	2	-6	0	7749
418	2011	69	LA	CGY	1	1	5	4	6	-7	-4	-13	0	18118
419	2011	70	DET	MTL	1	2	-6	7	0	1	-8	1	1	20066
421	2011	70	ATLANTA	COL	0	-2	-3	7	9	3	10	6	-1	14034
422	2011	70	DAL	CAR	1	1	6	1	6	1	2	-2	0	13012
423	2011	70	EDM	TB	1	1	-18	-11	2	5	2	19	1	16839
424	2011	70	ANA	CGY	1	1	-14	0	2	-5	0	8	-1	13775
425	2011	71	BOS	PHI	0	-1	3	9	-1	2	-15	-2	0	17565
426	2011	71	BUF	PIT	0	-3	12	-16	2	-4	-2	-2	1	18690
427	2011	71	TOR	MTL	1	2	1	2	8	2	-4	-4	0	19656
428	2011	71	NJ	DET	0	-3	11	-1	0	9	-4	4	1	17625
429	2011	71	NYI	ATLANTA	0	-1	0	0	0	0	0	0	0	10056
430	2011	71	WSH	COL	0	-1	16	-3	5	1	11	0	0	18398
431	2011	71	CBJ	NYR	1	2	-10	8	-3	3	6	26	0	15780
432	2011	71	STL	CAR	0	-1	10	0	7	0	-6	4	1	19150
433	2011	71	NSH	FLA	1	3	5	-6	2	4	-6	-1	1	16128
434	2011	71	PHO	DAL	1	3	-1	6	6	2	6	2	0	11410
435	2011	71	VAN	TB	0	-1	4	8	2	1	0	10	0	18860
436	2011	71	LA	MIN	0	-1	5	2	-1	10	-8	-5	0	18118
437	2011	71	SJ	CHI	1	1	1	-13	-1	4	-2	-6	0	17562
438	2011	72	NYR	WSH	1	7	-11	-6	-3	1	2	-2	1	18200
439	2011	72	EDM	VAN	0	-1	-20	-6	3	9	0	3	1	16839
440	2011	72	ANA	MIN	1	4	14	-6	0	-6	-2	-12	1	14338
441	2011	73	DET	LA	0	-5	25	10	-1	0	-2	1	-1	17810
443	2011	73	NSH	NYI	1	5	-2	-4	3	-4	-2	-5	2	14314
444	2011	73	COL	CHI	1	2	-4	2	6	8	4	-1	-2	15924
445	2011	73	CGY	CBJ	1	1	1	3	-3	0	-4	0	-1	19289
446	2011	73	SJ	DAL	0	-1	2	-4	3	7	4	18	-1	17562
447	2011	74	PHI	PIT	1	1	14	1	-2	2	-4	0	-1	19824
448	2011	74	EDM	TOR	0	-3	-10	-7	2	6	2	4	-2	16839
449	2011	75	BUF	BOS	1	1	1	1	4	11	-2	-2	1	18197
450	2011	75	NJ	PHO	1	3	0	-5	3	3	-4	0	1	13208
451	2011	75	PIT	NYR	0	-3	6	10	0	4	0	2	-1	18242
452	2011	75	WSH	ANA	0	-1	8	3	1	11	0	-4	-1	18398
453	2011	75	DET	STL	1	3	16	0	2	7	-4	3	1	18769
455	2011	75	TB	ATLANTA	1	1	3	9	4	8	4	5	0	14441
456	2011	75	FLA	CAR	0	-1	-7	9	2	6	0	-17	0	14651
457	2011	75	NSH	SJ	1	1	8	1	5	3	0	7	-1	14731
458	2011	75	CHI	COL	0	-1	15	3	10	0	2	6	-2	21121
459	2011	75	VAN	CBJ	1	1	0	5	3	3	-4	1	0	18860
460	2011	76	NYI	ANA	1	1	-3	5	12	-1	4	5	0	7659
461	2011	76	NYR	PHO	1	1	3	-3	0	6	-2	-5	-1	17675
462	2011	76	ATLANTA	CAR	0	-1	18	10	2	-1	6	-13	1	11043
464	2011	76	STL	LA	1	2	2	9	1	0	-6	9	0	19150
465	2011	76	MIN	OTT	0	-2	-1	2	4	6	-4	7	-2	17366
466	2011	76	DAL	SJ	0	-1	-25	8	-3	7	10	8	1	14899
467	2011	76	CGY	TOR	1	3	14	8	12	0	-6	2	2	19289
468	2011	76	EDM	CBJ	1	3	-4	-3	2	3	-2	-14	0	16839
469	2011	77	NJ	NSH	0	-2	-4	-10	1	11	4	6	-1	14137
470	2011	77	FLA	BUF	1	4	-17	-6	3	-1	0	-1	0	16894
471	2011	77	CHI	DET	1	3	1	2	5	6	-2	-2	1	21904
472	2011	77	COL	OTT	1	1	-4	6	6	5	4	-7	0	15113
473	2011	78	PHI	NYR	1	3	14	-1	2	4	0	4	1	19898
474	2011	78	BOS	WSH	1	1	-20	-4	0	-9	2	-1	0	17565
475	2011	78	NYI	PHO	0	-1	9	-2	4	3	-2	3	0	8433
476	2011	78	CAR	ANA	1	2	-13	9	5	-3	-4	14	1	16603
477	2011	78	ATLANTA	NJ	1	6	-5	-2	6	2	2	-9	-1	17024
478	2011	78	CBJ	DAL	0	-1	13	0	-4	4	10	11	-1	13973
479	2011	78	TB	BUF	1	2	14	1	5	-4	2	1	1	17141
480	2011	78	STL	SJ	0	-3	-12	-2	0	5	6	13	-1	19150
481	2011	78	NSH	LA	0	-5	-4	-5	-2	5	0	8	-1	16734
482	2011	78	CGY	MIN	0	-2	13	1	1	12	2	3	-1	19289
483	2011	78	VAN	TOR	1	3	1	11	4	-5	-4	-5	0	18860
485	2011	79	DET	DAL	0	-1	-1	-3	-3	1	4	19	0	20066
486	2011	79	CHI	LA	1	1	-4	6	5	6	-2	7	0	21523
487	2011	79	COL	MTL	1	1	-1	-5	9	7	4	-1	-1	18007
488	2011	80	BOS	ANA	0	-3	20	4	-8	0	-2	-4	0	17565
489	2011	80	TOR	ATLANTA	0	-3	17	-1	3	-12	-8	9	2	19301
490	2011	80	PHI	FLA	0	-5	-8	-5	-4	1	6	10	0	19864
491	2011	80	PIT	PHO	1	5	11	-5	-2	-3	-4	-4	3	18262
492	2011	80	TB	CAR	1	4	12	4	5	1	4	-8	1	17210
493	2011	80	STL	VAN	0	-2	-13	-5	-2	0	4	17	-1	19150
494	2011	80	MIN	CGY	1	3	-12	1	4	0	2	2	2	18315
495	2011	81	BUF	ANA	1	3	19	1	-2	5	-11	3	0	18690
496	2011	81	WSH	NJ	1	4	-8	5	4	-2	-2	-2	-1	18398
497	2011	81	ATLANTA	STL	0	-2	12	-5	2	0	0	-6	0	14662
498	2011	81	CBJ	CGY	1	2	7	0	8	3	2	19	-1	12443
499	2011	81	DAL	MTL	1	3	-12	-11	6	-3	4	9	1	17805
500	2011	81	COL	LA	0	-5	-9	-8	1	6	0	6	-1	15891
501	2011	81	SJ	EDM	1	1	3	11	8	13	-4	-8	1	17562
502	2011	82	NYI	TB	1	1	-7	-4	1	-9	8	13	-1	7324
503	2011	82	PIT	FLA	1	3	-3	-1	1	10	-2	-2	0	18238
504	2011	82	DET	VAN	1	1	6	-1	1	1	-2	4	-1	20066
505	2011	82	CHI	NSH	1	3	10	1	6	3	0	6	0	21526
506	2011	83	BOS	ATLANTA	1	3	9	5	-2	-2	14	-12	1	17565
507	2011	83	BUF	FLA	0	-1	19	-2	-1	2	8	10	0	18690
508	2011	83	NJ	NYI	0	-4	21	1	1	8	-6	7	-1	13312
509	2011	83	NYR	TB	0	-1	13	11	2	-1	0	0	0	18200
510	2011	83	WSH	PIT	0	-1	7	-7	2	3	-2	2	1	18398
511	2011	83	CAR	MTL	0	-1	-5	-9	10	4	3	13	-2	16981
512	2011	83	CBJ	VAN	0	-4	-3	-8	-3	1	8	22	-1	12159
513	2011	83	STL	DET	1	1	-13	-4	5	-1	0	13	0	19150
514	2011	83	NSH	OTT	0	-1	-4	0	-4	0	2	0	-1	17113
515	2011	83	DAL	CGY	0	-1	-17	-5	11	2	2	15	0	15520
516	2011	83	COL	MIN	0	-2	5	-6	-4	5	0	8	0	16323
517	2011	83	LA	EDM	1	1	0	0	4	3	-4	1	0	18118
518	2011	83	SJ	PHO	1	3	14	0	6	-5	-10	-6	2	17562
520	2011	86	NJ	TOR	0	-3	8	5	0	9	0	7	1	5329
521	2011	86	NYI	MTL	1	3	-14	9	11	0	-23	1	2	3136
522	2011	86	CAR	WSH	0	-1	5	-1	2	11	9	2	0	10477
523	2011	86	ATLANTA	TB	0	-1	-6	2	4	-2	6	8	-1	14610
524	2011	86	CHI	CBJ	1	3	-2	-6	2	4	-2	-7	1	21492
525	2011	86	STL	NSH	1	2	-6	-6	-1	6	-2	-1	0	19150
526	2011	86	MIN	DET	0	-3	-10	-3	1	3	-2	2	0	19227
527	2011	86	DAL	PHO	0	-1	5	-11	9	5	4	7	0	17515
528	2011	86	VAN	EDM	1	1	12	1	1	-3	0	4	0	18860
529	2011	86	LA	ANA	1	3	11	9	2	10	-6	-1	1	18313
530	2011	87	NYR	NYI	1	5	32	10	0	0	-4	-10	2	18200
531	2011	87	CBJ	MIN	1	1	-18	-2	2	-1	13	11	0	14454
532	2011	87	FLA	BOS	0	-1	-8	-1	1	4	-2	0	0	19250
533	2011	87	COL	DET	0	-1	19	-1	-2	3	-2	0	-3	18007
534	2011	87	CGY	BUF	1	3	6	15	2	-1	0	8	1	19289
535	2011	87	SJ	LA	0	-4	-13	-5	5	4	0	16	0	17562
536	2011	88	TOR	CAR	0	-1	10	-5	-5	13	-6	-5	1	19309
537	2011	88	PIT	ATLANTA	1	3	2	0	4	5	12	5	0	18322
538	2011	88	WSH	MTL	1	3	5	13	-1	-1	-4	-3	0	18398
539	2011	88	TB	BOS	0	-1	5	11	2	2	0	-5	-1	20204
540	2011	88	STL	CHI	1	2	17	15	-1	-3	-4	9	0	19150
541	2011	88	NSH	DAL	0	-2	21	-2	6	-1	-4	4	1	17113
542	2011	88	EDM	BUF	0	-2	10	-1	5	3	-6	-1	0	16839
543	2011	88	PHO	ANA	0	-2	8	15	-1	6	-6	5	1	14032
544	2011	88	VAN	PHI	1	4	12	13	-2	0	-4	5	0	18860
545	2011	89	NJ	NYR	0	-2	18	3	3	2	0	-2	0	17625
546	2011	89	NYI	PIT	1	1	-12	3	1	-3	6	2	0	14345
548	2011	89	MIN	SJ	1	2	-8	-3	0	1	-4	-5	-1	19131
549	2011	89	DAL	DET	0	-4	5	-13	-5	-7	-2	8	-2	18532
550	2011	89	PHO	LA	1	3	5	12	2	1	-6	-7	1	15153
551	2011	90	TOR	CBJ	0	-1	-10	-4	-6	4	2	9	0	19148
552	2011	90	ATLANTA	BOS	1	1	-12	-5	10	4	-4	6	2	17624
553	2011	90	TB	MTL	1	3	-5	4	5	0	0	-1	1	20191
554	2011	90	CHI	SJ	0	-2	4	-1	5	1	0	19	0	22112
555	2011	90	EDM	COL	0	-1	8	-17	-3	-2	-4	1	0	16839
556	2011	90	LA	PHI	0	-3	8	10	5	5	16	1	0	18118
557	2011	91	NJ	ATLANTA	1	2	-1	7	3	-4	0	8	0	13492
558	2011	91	FLA	MTL	0	-1	-26	0	0	-1	-4	-8	-2	20072
559	2011	91	MIN	NSH	0	-3	-9	5	8	2	-6	10	0	18285
560	2011	91	DET	NYI	0	-1	18	2	-1	11	-6	0	-2	20066
561	2011	91	CBJ	OTT	1	1	-15	7	2	1	-2	1	0	17652
562	2011	91	STL	PHO	1	1	-11	0	3	-1	2	8	1	19150
563	2011	91	ANA	PHI	1	3	-10	-1	0	2	0	-1	1	17103
564	2011	91	DAL	VAN	0	-3	23	13	1	-5	2	-7	-2	17733
565	2011	91	CGY	COL	1	1	2	1	3	6	-4	3	0	19289
566	2011	92	PIT	WSH	0	-2	1	0	3	6	-4	18	-1	68111
567	2011	92	BUF	BOS	1	1	-5	-9	-1	1	-4	13	1	18690
569	2011	92	CAR	NJ	1	3	-3	-4	-2	2	-10	8	3	16107
570	2011	92	TB	NYR	1	1	-2	5	3	0	-2	-3	0	18242
571	2011	92	LA	SJ	0	-1	10	-7	1	5	-2	9	0	18118
572	2011	92	EDM	CGY	0	-1	-13	-4	4	6	2	1	0	16839
574	2011	93	FLA	NYR	1	3	4	9	5	0	-2	-10	1	16752
575	2011	93	DET	PHI	0	-1	-5	8	-1	3	-2	-4	1	20066
576	2011	93	STL	DAL	0	-2	3	-11	0	1	0	3	-1	19150
577	2011	93	NSH	CBJ	1	3	6	9	-1	5	-2	2	1	14593
578	2011	93	MIN	PHO	1	1	-15	-2	2	-2	2	9	1	17240
579	2011	93	COL	VAN	0	-1	3	8	0	3	-4	-2	0	15323
580	2011	93	ANA	CHI	1	1	-22	9	1	1	-4	14	0	16004
581	2011	94	TOR	BOS	0	-1	4	8	2	-2	0	17	0	19052
582	2011	94	CAR	FLA	0	-1	9	-2	8	3	-4	27	0	16637
583	2011	94	CGY	NYI	0	-3	17	1	-3	2	0	2	-2	19289
584	2011	94	LA	CHI	0	-1	1	-2	2	-1	0	1	-1	17916
585	2011	94	SJ	VAN	0	-1	-12	1	1	6	2	-5	0	17562
586	2011	95	NJ	MIN	0	-1	4	-5	-1	3	-6	2	0	13257
587	2011	95	WSH	TB	0	-1	-4	7	7	12	0	-3	0	18398
588	2011	95	COL	BUF	1	1	-6	1	9	4	2	1	0	12548
589	2011	95	EDM	DET	0	-2	-12	-12	5	-5	-2	1	0	16839
590	2011	95	PHO	CBJ	1	2	5	-3	0	2	-4	-2	-1	8222
591	2011	96	NYR	CAR	1	1	3	3	1	3	0	-9	0	18200
592	2011	96	PIT	TB	1	7	9	0	4	3	-4	9	2	18261
593	2011	96	FLA	ATLANTA	0	-1	4	-7	3	9	11	12	-1	12803
594	2011	96	CHI	DAL	0	-2	15	-3	-6	7	0	13	-3	21245
595	2011	96	VAN	CGY	1	2	-23	-1	-3	1	2	2	0	18860
596	2011	96	ANA	NSH	0	-3	17	2	1	0	-4	1	0	12216
597	2011	97	BOS	MIN	0	-2	2	3	-4	9	-4	-1	-1	17565
598	2011	97	TOR	STL	1	1	-13	6	0	3	-2	-29	0	19283
599	2011	97	NJ	PHI	0	-2	0	3	5	9	6	10	0	15098
601	2011	97	COL	PHO	0	-2	1	2	-1	1	0	-3	0	12308
602	2011	97	EDM	NYI	1	1	-9	-13	-5	-3	12	2	0	16839
603	2011	97	LA	NSH	0	-3	-2	-9	5	5	2	5	-1	17823
604	2011	97	SJ	BUF	0	-3	14	9	1	4	-2	15	-1	17562
605	2011	98	ATLANTA	TOR	0	-6	10	-5	12	2	6	0	-5	14592
606	2011	98	FLA	CAR	0	-2	0	6	-2	1	0	-31	0	14262
607	2011	98	CHI	OTT	1	1	0	1	3	1	2	7	-1	21657
608	2011	98	DAL	NYR	0	-1	-1	9	-1	9	-2	-2	0	14934
609	2011	98	CGY	DET	0	-1	12	2	2	6	2	9	0	19289
610	2011	98	VAN	EDM	1	5	10	13	7	1	0	15	2	18860
611	2011	98	ANA	CBJ	1	6	2	-1	-2	-3	8	2	3	12815
612	2011	99	PHI	NJ	1	1	-6	11	-4	2	-2	-10	1	19859
613	2011	99	COL	NYI	0	-1	10	1	-9	3	2	4	-3	15171
616	2011	99	PIT	MIN	0	-4	-11	-10	-1	4	2	10	0	18263
617	2011	99	WSH	FLA	1	1	0	7	6	9	2	8	1	18398
618	2011	99	STL	NYR	0	-1	1	6	7	4	-2	0	0	19150
619	2011	99	PHO	BUF	0	-1	2	7	1	2	-4	15	-1	13905
620	2011	99	SJ	NSH	0	-1	17	4	-4	6	-4	-13	0	17562
621	2011	99	VAN	DET	0	-1	2	2	7	5	0	8	0	18860
622	2011	99	LA	CBJ	1	2	2	-1	2	7	0	-6	2	18118
623	2011	100	CAR	ATLANTA	1	1	6	1	15	0	0	16	0	17907
624	2011	100	NJ	TB	1	3	-10	3	0	4	0	8	0	16197
625	2011	100	MIN	DAL	0	-4	-2	-8	-1	3	2	0	0	18082
626	2011	100	CHI	NYI	1	5	16	6	-1	1	-6	-24	1	21205
627	2011	100	ANA	SJ	1	1	-9	2	-2	-3	2	13	0	16172
628	2011	101	PIT	BOS	0	-2	-7	2	2	7	-2	13	-1	18245
629	2011	101	STL	PHO	0	-1	3	5	-2	-2	0	-2	0	19150
630	2011	101	COL	DET	1	1	-4	-4	3	0	-6	1	-2	17535
631	2011	101	LA	TOR	0	-1	4	4	0	-4	6	-19	0	17834
632	2011	102	BOS	OTT	1	6	8	6	1	-2	0	-6	0	17565
633	2011	102	BUF	PHI	0	-3	7	-5	6	3	0	-2	-1	18155
634	2011	102	NYI	VAN	0	-1	-10	-2	5	2	0	-14	1	8913
635	2011	102	NYR	MTL	0	-1	-12	-2	3	-1	0	11	0	18200
636	2011	102	CAR	CGY	1	1	-2	0	-11	0	-6	5	0	10096
637	2011	102	CBJ	PHO	0	-1	12	-5	2	0	-2	1	1	11109
638	2011	102	FLA	WSH	1	1	8	-6	8	4	0	6	3	14790
639	2011	102	NSH	MIN	1	4	4	-3	-5	0	2	2	0	15311
640	2011	102	DAL	EDM	1	1	-21	13	1	4	0	6	0	12463
641	2011	102	SJ	TOR	0	-2	16	-1	5	9	0	-1	-1	17562
643	2011	103	TB	WSH	1	3	15	2	8	-1	-6	-6	0	18135
644	2011	103	CHI	COL	1	4	7	-1	5	1	2	-9	0	21356
645	2011	103	ANA	STL	1	3	-10	6	-2	2	2	-6	2	12499
646	2011	104	BOS	PHI	1	2	2	6	-2	-3	-10	-7	1	17565
647	2011	104	BUF	CAR	1	1	6	10	2	8	2	-9	0	18276
648	2011	104	NYI	OTT	0	-2	-14	21	6	-4	2	-2	0	8670
649	2011	104	NYR	VAN	1	1	4	-1	13	1	0	7	1	18200
650	2011	104	FLA	NSH	1	1	5	-3	2	3	0	-11	0	12228
651	2011	104	PHO	TOR	1	4	-8	7	-1	-2	0	1	2	11205
652	2011	104	LA	STL	0	-2	4	-6	-1	6	-2	-3	0	17932
653	2011	104	SJ	EDM	0	-3	14	15	8	3	-2	2	2	17562
654	2011	105	WSH	VAN	0	-2	-8	14	-3	2	-2	-2	-1	18398
655	2011	105	CBJ	DET	1	1	4	-7	3	-5	-4	24	1	18684
657	2011	105	ATLANTA	PHI	0	-3	-7	-6	13	2	-2	-6	1	15081
658	2011	105	TB	NJ	0	-3	7	8	0	1	-4	10	1	18736
659	2011	105	MIN	COL	0	-3	15	-2	0	3	-2	8	-1	18218
660	2011	106	BOS	PIT	0	-1	10	7	-4	11	-6	-4	0	17565
661	2011	106	TOR	CGY	0	-1	0	7	3	5	0	10	1	19462
663	2011	106	NYI	BUF	1	2	-6	10	9	-5	4	12	-1	12223
664	2011	106	CAR	TB	1	2	-3	2	10	1	-10	18	4	18680
665	2011	106	FLA	NJ	1	1	-13	3	7	0	-2	4	2	17825
666	2011	106	DET	CBJ	1	1	4	0	6	0	2	3	-1	20066
667	2011	106	NSH	CHI	1	1	-7	3	2	-2	0	4	-1	17113
668	2011	106	DAL	ATLANTA	1	5	-3	10	1	-1	-14	9	4	17702
669	2011	106	PHO	ANA	1	4	6	0	1	1	-4	-8	-1	10951
670	2011	106	LA	EDM	1	3	-3	2	9	1	4	-5	0	18118
671	2011	106	SJ	STL	1	2	-1	11	3	4	-6	-1	2	17562
672	2011	107	WSH	OTT	1	2	3	19	1	7	0	2	1	18398
673	2011	107	MIN	VAN	1	4	-7	4	9	3	2	0	1	18458
674	2011	107	NYR	PHI	0	-1	9	-4	0	1	2	0	0	18200
675	2011	107	CHI	NSH	1	3	11	0	4	6	4	-9	-1	21387
676	2011	107	ANA	EDM	1	1	0	1	1	3	0	1	2	15764
677	2011	108	BOS	CAR	1	7	7	10	-1	2	10	-7	2	17565
678	2011	108	NYI	NJ	0	-3	2	-1	11	6	2	6	-1	13119
679	2011	108	PHO	SJ	0	-2	0	8	1	0	-2	11	-1	9672
681	2011	108	FLA	ATLANTA	0	-1	10	-1	8	2	-4	-6	2	11477
682	2011	108	DAL	LA	1	1	3	-3	6	-4	-6	9	2	14163
683	2011	109	BUF	MTL	1	1	9	-7	1	0	-2	6	1	18225
684	2011	109	PHI	WSH	1	1	5	12	4	5	-2	-2	0	19824
685	2011	109	PIT	DET	1	3	-8	-6	7	-4	6	4	0	18284
686	2011	109	CAR	BOS	0	-1	17	-2	11	2	2	24	-1	17419
688	2011	109	TB	CBJ	1	1	-8	-1	-2	2	-2	0	1	13291
689	2011	109	STL	LA	1	1	-1	-3	6	3	-2	-4	1	19150
690	2011	109	COL	VAN	1	1	-13	-8	-3	8	-4	8	1	12791
691	2011	109	EDM	MIN	0	-3	6	1	-8	-5	-8	6	0	16839
692	2011	109	PHO	NSH	0	-3	13	4	-5	9	-6	2	1	8236
693	2011	110	NYR	TOR	1	7	6	7	10	1	-15	-8	2	18200
694	2011	110	FLA	CBJ	0	-1	-7	0	8	4	-2	-10	-1	11629
695	2011	110	CGY	MIN	0	-6	13	3	2	4	5	3	-1	19289
696	2011	111	BOS	BUF	0	-2	7	7	-1	10	-2	10	-1	17565
697	2011	111	TOR	ANA	1	3	9	8	3	9	0	8	0	19399
698	2011	111	NJ	PIT	1	2	-3	-2	4	3	-6	-13	0	14890
699	2011	111	NYI	WSH	0	-1	1	-12	-6	0	-8	5	0	9119
700	2011	111	PHI	OTT	1	4	-4	5	0	5	-12	12	2	19721
701	2011	111	CAR	NYR	1	3	-1	-9	1	0	0	16	1	15861
702	2011	111	ATLANTA	TB	0	-1	-2	7	21	9	0	3	1	12314
703	2011	111	STL	DET	0	-1	0	14	-1	0	-2	7	0	19150
704	2011	111	COL	NSH	0	-4	5	-5	-4	2	6	19	0	12638
705	2011	111	EDM	DAL	0	-2	8	-3	-4	6	-2	8	-1	16839
706	2011	111	VAN	SJ	0	-1	-9	4	3	5	-6	-5	0	18860
707	2011	111	LA	PHO	0	-2	21	1	-5	-13	-6	-8	-1	18118
708	2011	112	BUF	NYI	0	-3	9	-15	0	4	-2	3	-1	18690
710	2011	112	FLA	TB	0	-1	9	2	-1	-3	-10	2	0	17328
711	2011	112	CGY	DAL	1	3	-2	-7	-1	2	0	1	1	19289
712	2011	113	PHI	NJ	0	-2	5	6	-2	-2	2	7	-1	19847
713	2011	113	DET	CHI	0	-3	4	12	-3	4	2	-6	-2	20066
714	2011	113	COL	BOS	0	-4	-6	-2	-1	5	8	18	-1	18007
715	2011	113	TOR	WSH	0	-3	5	9	4	5	-4	-6	0	19554
717	2011	113	PIT	CAR	1	1	5	-2	2	-1	2	9	1	18305
718	2011	113	ATLANTA	NYR	0	-1	-9	12	8	-2	-2	-2	0	17061
719	2011	113	STL	CBJ	0	-3	-9	3	0	-2	14	-9	0	19150
720	2011	113	PHO	LA	0	-1	-7	-5	4	3	2	10	1	13210
721	2011	113	VAN	CGY	0	-1	11	10	1	3	4	-9	-1	18860
722	2011	113	SJ	MIN	1	1	16	-4	3	2	2	6	-1	17562
723	2011	114	NJ	FLA	1	3	-3	2	3	4	-4	10	2	15109
724	2011	114	NYI	BUF	0	-2	11	2	-8	2	-4	7	0	10120
725	2011	114	CHI	PHI	0	-3	-3	-8	4	4	0	-3	0	21660
726	2011	114	TB	ATLANTA	1	6	17	5	2	4	0	-3	1	13916
727	2011	114	EDM	NSH	0	-1	-4	-6	6	-3	2	3	-1	16839
728	2011	115	WSH	NYR	0	-1	-6	7	3	5	0	7	0	18398
729	2011	115	CAR	TOR	1	2	-2	-4	2	2	7	19	1	16201
730	2011	115	CGY	NSH	1	2	3	3	-4	5	0	-3	2	19289
731	2011	115	COL	STL	1	1	8	3	1	0	-4	12	2	12338
732	2011	115	VAN	DAL	1	6	10	6	5	6	-6	-7	3	18860
733	2011	115	LA	BOS	1	2	0	3	4	8	0	-8	1	18118
734	2011	116	NYR	FLA	0	-1	18	-3	2	3	-6	4	1	18200
735	2011	116	PHI	MTL	1	3	4	-9	5	-3	16	1	3	19878
736	2011	116	PIT	NYI	1	1	2	8	2	2	0	8	0	18225
737	2011	116	CBJ	ANA	0	-1	15	4	1	1	-5	18	0	11700
739	2011	116	TB	TOR	1	2	5	5	6	4	4	-1	1	14335
740	2011	116	CHI	MIN	0	-2	11	-1	5	5	2	-10	1	21247
741	2011	116	PHO	EDM	0	-1	-8	15	-2	1	0	5	0	10057
742	2011	117	BOS	FLA	1	1	0	5	-3	0	0	-6	0	17565
743	2011	117	NYI	CAR	0	-2	-6	3	-4	9	0	-5	0	4976
744	2011	117	ATLANTA	WSH	1	1	-12	-2	7	-3	2	4	0	14513
745	2011	117	DET	NJ	1	2	5	9	5	0	0	6	0	20066
746	2011	117	DAL	EDM	1	2	-14	13	8	2	8	-3	0	13875
747	2011	117	COL	PHO	0	-3	-6	17	-4	-1	10	-2	-1	13740
748	2011	117	CGY	STL	1	3	-9	-8	-2	10	-2	1	2	19289
749	2011	117	VAN	NSH	1	1	8	-4	0	0	2	-5	0	18860
750	2011	117	LA	SJ	1	1	-4	7	0	9	6	3	0	18118
751	2011	123	TOR	FLA	1	1	-8	0	-2	7	0	8	-1	19018
752	2011	123	NJ	OTT	1	1	17	0	6	8	4	5	-1	7218
753	2011	123	NYR	PIT	0	-1	3	4	5	5	-12	1	0	18200
754	2011	123	WSH	MTL	0	-1	-9	-8	-2	0	6	4	1	18398
755	2011	123	CAR	BOS	0	-1	-7	-11	7	2	-8	9	1	18126
756	2011	123	ATLANTA	NYI	0	-3	-7	-3	3	8	0	9	-1	11176
757	2011	123	CBJ	CHI	0	-3	6	2	1	-1	-2	7	-1	12568
758	2011	123	TB	PHI	1	4	-16	5	2	-3	4	-5	0	16635
759	2011	144	STL	COL	0	-1	18	-7	-4	1	6	-1	0	19150
760	2011	123	NSH	CGY	0	-1	-1	3	2	-3	2	4	1	14360
761	2011	123	MIN	LA	1	1	-2	-12	4	-1	0	6	0	17504
762	2011	123	DAL	VAN	0	-3	0	10	-1	1	-4	30	-2	12884
763	2011	123	SJ	PHO	1	2	2	1	0	-1	10	-5	0	17562
765	2011	124	PIT	NYI	1	3	3	7	5	-3	-12	6	1	18142
767	2011	124	PHO	VAN	0	-6	-10	-1	5	1	8	8	0	13157
768	2011	124	EDM	LA	0	-2	7	3	-5	-1	-2	6	-2	16839
769	2011	124	ANA	SJ	0	-1	2	-13	0	1	-4	9	0	14486
770	2011	125	BOS	DAL	1	3	2	-11	-3	-2	13	-5	0	17565
771	2011	125	TOR	CAR	1	3	14	7	6	4	2	-8	0	19220
772	2011	125	NYR	NJ	0	-1	9	-15	4	-2	-6	0	1	18200
773	2011	125	PHI	NSH	1	1	1	7	0	4	0	-6	0	19702
774	2011	125	ATLANTA	CGY	0	-2	0	9	5	5	2	5	0	12984
775	2011	125	COL	MIN	0	-1	16	-4	15	3	0	1	0	13818
776	2011	126	NJ	FLA	0	-1	2	-4	0	1	-2	1	-1	13557
777	2011	126	PIT	BUF	1	1	10	-3	2	-1	2	15	0	18315
778	2011	126	DET	CBJ	0	-3	10	0	4	5	-6	-5	0	20066
779	2011	126	TB	WSH	0	-3	-11	-9	-2	3	0	10	0	20216
780	2011	126	STL	EDM	1	2	-6	-4	8	-2	0	8	1	19150
781	2011	126	VAN	CHI	1	1	-13	9	2	3	2	-4	2	18860
782	2011	127	BOS	SJ	0	-2	8	2	-7	-2	-6	0	-1	17565
784	2011	127	COL	ANA	0	-3	-4	-3	10	-1	6	3	-1	16785
785	2011	127	BUF	TOR	1	4	18	-2	6	-5	-2	1	2	18264
786	2011	127	NYI	OTT	1	2	15	-7	1	2	4	12	1	10415
787	2011	127	PHI	DAL	1	2	1	4	-2	3	0	3	0	19881
788	2011	127	CAR	ATLANTA	1	1	0	16	-1	-3	2	9	1	16874
789	2011	127	CBJ	EDM	1	1	8	11	0	4	4	12	0	18370
790	2011	127	NSH	DET	1	3	-6	10	7	-1	2	5	1	17113
791	2011	127	PHO	MIN	1	1	16	5	-2	-1	2	-1	0	14587
792	2011	127	CGY	LA	0	-1	2	4	1	8	0	3	0	19289
793	2011	128	WSH	PIT	1	3	2	7	-1	8	-4	4	0	18398
795	2011	128	TB	STL	1	1	8	-4	9	8	-2	10	0	14896
796	2011	129	TOR	ATLANTA	1	1	-2	6	5	5	4	2	-1	19104
797	2011	129	DET	NYR	1	1	-12	4	6	2	6	-2	0	20066
798	2011	129	NSH	EDM	0	-4	15	14	2	3	-6	-6	0	14388
799	2011	129	CGY	CHI	1	2	5	8	-3	14	0	-4	1	19289
800	2011	129	PHO	COL	1	3	0	-9	0	-2	2	-7	1	9508
801	2011	129	VAN	OTT	1	2	-3	6	2	2	12	6	0	18860
802	2011	130	NJ	CAR	1	1	12	5	1	4	6	0	-2	12126
803	2011	130	NYI	TOR	0	-2	8	-4	3	4	2	-2	1	7249
804	2011	130	PIT	CBJ	0	-3	8	9	-1	-3	1	6	1	18147
805	2011	130	WSH	SJ	0	-2	-11	-6	8	-1	-2	0	0	18398
806	2011	130	TB	BUF	0	-3	6	2	2	9	10	11	0	14444
807	2011	130	FLA	STL	0	-1	3	8	2	3	2	-12	1	12228
808	2011	131	BOS	MTL	1	2	1	4	4	2	2	6	-3	17565
809	2011	131	DET	NSH	0	-3	5	10	0	5	-2	7	-1	20066
810	2011	131	CBJ	SJ	0	-1	12	-16	2	2	-2	23	2	11906
811	2011	131	MIN	COL	1	1	-1	-1	11	2	0	17	1	18194
812	2011	131	DAL	PHO	0	-1	-17	0	0	0	4	0	-2	11488
813	2011	131	CGY	OTT	1	3	9	11	-1	3	-14	10	3	19289
814	2011	131	EDM	CHI	0	-3	-2	4	-5	-5	26	6	-1	16839
815	2011	131	VAN	ANA	0	-1	14	10	9	2	2	-7	1	18860
816	2011	132	TOR	NJ	0	-1	-7	-1	-3	7	-4	7	0	19260
817	2011	132	PHI	CAR	1	1	-7	1	-3	6	-2	-4	2	19726
818	2011	132	PIT	LA	1	1	-7	11	-1	1	2	1	0	18208
820	2011	132	FLA	BUF	0	-1	-1	-2	5	-1	2	10	1	14559
821	2011	133	BOS	DET	0	-5	-8	7	-1	4	8	15	-1	17565
822	2011	133	NJ	SJ	1	1	-9	5	4	8	-4	-2	1	17102
823	2011	133	NYI	PIT	1	6	-2	4	1	-4	20	4	-1	12888
824	2011	133	CBJ	COL	1	2	0	1	-1	-1	-2	1	0	16408
825	2011	133	ATLANTA	NYR	1	1	6	3	3	1	-4	-7	0	15093
826	2011	133	STL	MIN	0	-1	8	4	-4	1	-4	-3	0	19150
827	2011	133	DAL	CHI	1	1	9	2	3	1	2	23	0	17569
828	2011	133	CGY	ANA	0	-1	-5	-5	-10	7	-4	7	-1	19289
829	2011	134	WSH	LA	0	-3	-5	-11	0	1	-6	1	0	18398
830	2011	134	EDM	OTT	0	-2	-7	-4	-1	9	2	7	-1	16839
832	2011	134	TB	CAR	1	1	7	2	1	5	2	8	0	19910
833	2011	134	NSH	COL	1	2	21	5	4	10	-2	-1	1	17113
834	2011	134	PHO	CHI	1	1	-8	5	0	-1	2	2	-2	17283
835	2011	134	MIN	STL	1	2	6	-10	4	3	-4	16	0	19322
836	2011	134	VAN	CGY	1	2	7	4	4	6	0	0	2	18860
837	2011	135	BUF	NYI	0	-1	2	-6	7	-2	-4	1	-2	18690
838	2011	135	NYR	PIT	1	2	2	5	3	2	0	-4	2	18200
839	2011	135	DAL	CBJ	0	-1	-9	-7	-7	4	-10	5	1	16377
840	2011	135	ATLANTA	CAR	0	-1	26	1	0	-1	2	0	0	13032
841	2011	135	FLA	SJ	1	1	-8	-9	-2	7	6	7	0	16217
842	2011	135	DET	BOS	1	2	11	10	4	7	0	-5	-1	20066
843	2011	135	PHI	LA	0	-1	15	17	-1	3	0	3	0	19724
844	2011	135	EDM	ANA	0	-4	-10	-1	-2	6	4	10	0	16839
845	2011	136	STL	VAN	1	1	9	-5	5	1	-8	14	2	19150
846	2011	136	COL	CGY	0	-8	-10	0	3	8	13	15	0	14035
847	2011	136	PHO	WSH	1	1	-13	0	-1	1	4	5	1	13856
848	2011	137	BOS	TOR	0	-1	7	4	-4	7	-2	-6	-1	17565
851	2011	137	TB	PHI	0	-1	-2	3	5	3	-2	-6	0	16950
852	2011	137	NSH	SJ	0	-1	-19	0	0	9	4	10	1	14132
853	2011	137	MIN	VAN	0	-3	15	4	1	12	-6	6	0	18106
854	2011	137	EDM	DAL	1	3	5	-9	-2	9	-4	9	1	16839
855	2011	138	BUF	TOR	0	-1	-6	-5	3	3	0	-5	0	18414
856	2011	138	NJ	CAR	1	1	-5	6	5	4	2	0	0	14445
857	2011	138	CBJ	LA	0	-1	-5	1	7	-1	2	26	0	12442
858	2011	138	FLA	PHI	0	-2	0	7	7	3	2	3	1	17077
859	2011	138	CHI	MIN	1	2	3	6	5	0	-8	1	1	21535
860	2011	138	COL	PIT	0	-1	-5	1	1	-1	6	7	-1	17357
861	2011	138	CGY	DAL	1	2	7	-5	-3	6	-2	9	1	19289
862	2011	138	ANA	WSH	0	-1	-10	-10	-1	2	-10	3	1	15579
863	2011	139	NYI	BOS	0	-3	3	-18	8	7	10	17	-1	12478
864	2011	139	NYR	LA	1	1	9	13	1	2	0	20	-1	18200
865	2011	139	TB	DET	0	-4	9	8	2	6	-4	7	-2	20849
866	2011	139	NSH	VAN	1	2	-10	-2	10	-6	4	0	-1	15337
867	2011	139	EDM	MTL	1	3	-9	-6	-10	-5	-2	2	0	16839
868	2011	139	PHO	ATLANTA	1	1	-4	-11	2	4	4	3	-2	10576
869	2011	139	SJ	WSH	1	1	3	3	4	6	-2	-3	0	17562
870	2011	140	NJ	NYR	1	1	12	-4	4	15	2	-1	0	17625
871	2011	140	CAR	PHI	1	1	6	-6	5	-3	-8	-2	0	18726
872	2011	140	BUF	STL	0	-3	1	4	-1	3	2	1	-1	18493
874	2011	140	FLA	DET	0	-1	2	12	3	0	-2	3	1	19947
875	2011	140	MIN	ANA	1	4	-4	-4	7	-3	2	17	2	18967
876	2011	140	CHI	CBJ	0	-1	4	12	10	-1	2	-25	-2	21708
877	2011	141	EDM	ATLANTA	1	2	-5	9	-3	11	-6	1	3	16839
878	2011	141	TOR	OTT	0	-1	25	-2	-5	4	-8	12	0	19460
879	2011	141	NYI	LA	1	3	-12	-1	6	-1	2	3	0	13119
880	2011	141	CAR	NJ	0	-3	0	-8	0	7	0	15	0	17890
881	2011	141	TB	FLA	0	-1	10	4	-2	6	-6	-4	-2	18710
882	2011	141	STL	ANA	1	6	-2	-1	8	2	-20	-6	3	19150
883	2011	141	NSH	PHO	0	-1	6	7	-3	0	-2	11	1	17113
884	2011	141	VAN	DAL	1	3	14	-4	0	1	2	7	0	18860
885	2011	141	SJ	COL	1	4	8	-5	1	2	0	0	2	17562
886	2011	142	BUF	WSH	0	-1	-10	0	-6	1	6	7	0	18690
887	2011	142	NYR	PHI	0	-2	15	-4	0	-2	6	3	-1	18200
888	2011	142	CHI	PIT	1	1	5	9	0	3	2	-19	0	22195
889	2011	142	MIN	DET	0	-1	-13	-6	3	11	-2	2	0	18912
890	2011	142	CGY	MTL	1	4	-2	0	2	10	-6	-9	2	41022
891	2011	143	NYI	FLA	1	4	16	-1	8	4	-1	7	0	13729
892	2011	143	STL	CHI	0	-2	8	4	-1	0	-2	7	0	19150
893	2011	143	PIT	WSH	0	-1	15	6	2	2	0	10	-1	18263
894	2011	144	TOR	NYI	1	1	-4	11	8	1	2	0	-1	19459
895	2011	144	PHI	PHO	0	-1	10	-2	0	7	-2	-5	-1	19875
896	2011	144	CAR	NYR	0	-1	-13	-8	6	2	2	-7	-1	17932
897	2011	144	DET	SJ	0	-1	-5	-1	-7	5	4	11	0	20066
898	2011	144	CBJ	NSH	1	4	10	10	2	0	-6	7	2	12457
899	2011	144	MIN	EDM	1	3	2	2	9	-2	2	0	1	17321
900	2011	144	DAL	NJ	0	-1	-4	2	-2	-1	2	11	-1	13652
901	2011	144	VAN	MTL	0	-1	14	8	-1	3	-6	-7	2	18860
902	2011	145	BUF	ATLANTA	1	3	-2	11	-2	5	2	7	-1	18690
904	2011	145	PIT	SJ	0	-1	-12	16	3	3	4	11	-1	18253
905	2011	145	TB	PHO	1	5	11	1	2	-4	-4	-4	3	15104
906	2011	144	CGY	BOS	0	-2	0	-8	0	-1	0	-1	1	19289
907	2011	145	COL	EDM	0	-4	8	3	7	4	-2	-3	-1	14801
908	2011	145	ANA	LA	0	-1	9	-1	-2	-1	-2	13	0	17174
909	2011	146	PHI	NYI	1	1	8	0	0	-1	0	3	0	19776
910	2011	146	DET	DAL	0	-3	14	3	1	8	-6	1	1	20066
912	2011	146	NSH	CHI	0	-3	6	10	6	14	0	20	0	17113
913	2011	146	VAN	STL	1	1	-3	0	4	2	6	-1	-1	18860
914	2011	146	LA	MIN	1	2	3	12	5	0	2	-10	0	18118
915	2011	147	WSH	NYR	0	-6	7	3	0	6	0	9	-2	18398
916	2011	147	CAR	PIT	1	3	-13	-2	4	-4	-2	2	1	18719
917	2011	147	CBJ	PHO	1	2	6	-9	2	0	-6	-1	3	16771
918	2011	147	BUF	OTT	1	2	8	1	3	-4	4	15	0	18690
919	2011	147	ATLANTA	FLA	0	-1	14	15	5	0	6	3	0	14046
920	2011	147	TB	NJ	1	1	10	13	-1	4	-2	11	0	19563
921	2011	147	CGY	SJ	0	-1	-9	1	5	4	-2	11	0	19289
922	2011	147	EDM	STL	0	-5	17	9	-1	1	16	2	-2	16839
923	2011	147	ANA	MIN	0	-1	17	-11	0	6	-2	-5	0	13617
924	2011	148	DAL	NSH	1	1	-2	5	0	3	-4	3	1	15860
925	2011	148	LA	COL	1	1	25	11	-1	2	-10	-3	1	18118
926	2011	148	BUF	DET	0	-1	-5	5	4	-1	2	4	-1	18690
927	2011	148	TOR	PIT	0	-1	-9	-2	-3	6	-6	11	1	19551
930	2011	148	NYI	WSH	0	-1	9	0	7	-1	-4	0	0	16250
931	2011	148	VAN	BOS	0	-2	3	2	1	5	-2	10	0	18860
932	2011	149	NYR	TB	0	-1	4	11	12	1	4	7	-1	18200
933	2011	149	NSH	CBJ	1	1	1	-2	6	3	10	2	-1	16340
934	2011	149	ATLANTA	TOR	1	1	19	-6	4	-1	0	5	1	13147
935	2011	149	FLA	NJ	0	-1	0	7	0	2	4	10	-1	16592
936	2011	149	CHI	PHO	1	1	12	1	0	-1	2	-7	0	21473
937	2011	149	CGY	STL	1	1	-7	6	-1	5	-2	4	0	19289
938	2011	149	EDM	BOS	0	-1	-23	-4	3	7	2	13	0	16839
939	2011	149	ANA	COL	1	1	8	-10	-4	3	-8	6	1	14510
940	2011	150	MIN	CHI	0	-2	-8	-2	2	9	-12	4	0	19155
941	2011	150	LA	DET	0	-3	12	-1	2	6	0	-4	-1	18118
942	2011	151	NYR	BUF	0	-1	5	-7	5	3	0	3	-1	18200
943	2011	151	WSH	NYI	1	1	13	-11	-1	7	6	14	0	18398
944	2011	151	CAR	FLA	1	1	-20	-5	3	4	-2	11	1	16252
945	2011	151	ATLANTA	MTL	0	-2	18	-8	4	1	2	0	-1	11156
947	2011	151	STL	CGY	0	-6	-4	3	6	-2	4	15	-2	19150
948	2011	151	EDM	NSH	1	1	-9	-8	-6	-3	0	12	0	16839
949	2011	151	PHO	DAL	0	-1	-3	3	0	8	26	7	-1	15751
950	2011	151	VAN	CBJ	1	1	-5	-9	1	6	2	-9	0	18860
951	2011	151	SJ	COL	1	1	16	-3	-2	6	-4	-9	-1	17562
952	2011	152	TOR	PIT	1	1	-9	1	-8	1	-2	5	0	19473
953	2011	152	NJ	TB	1	1	11	-1	-2	3	0	5	-1	12857
954	2011	152	NYI	MIN	1	3	7	-2	10	11	11	-2	2	7098
955	2011	152	CHI	CGY	1	2	5	11	8	3	-4	6	0	20896
956	2011	152	ANA	DET	1	1	-1	6	-4	-2	8	20	-1	15098
957	2011	153	BOS	TB	1	1	0	3	2	-1	2	10	0	17565
958	2011	153	NYR	MIN	0	-2	22	-4	0	6	-8	1	-1	18200
959	2011	153	PHI	TOR	0	-1	-3	0	0	2	18	0	0	19811
960	2011	153	WSH	STL	1	1	3	0	8	6	4	-1	0	18398
961	2011	153	CAR	BUF	1	1	-5	0	2	0	6	9	0	15213
962	2011	153	ATLANTA	OTT	0	-2	16	1	10	2	0	0	0	10461
963	2011	153	FLA	MTL	0	-4	-1	-1	1	5	-4	17	0	19722
964	2011	153	EDM	CBJ	1	2	10	-10	-6	-3	2	0	1	16839
965	2011	153	VAN	NSH	0	-3	0	6	-2	3	0	6	0	18860
966	2011	153	LA	PHO	1	1	-7	2	5	-6	2	5	1	18118
967	2011	153	SJ	DET	1	2	1	12	1	3	0	6	0	17562
968	2011	154	NJ	PIT	1	1	4	6	4	3	-8	-3	1	17625
970	2011	154	CHI	CAR	1	3	9	28	0	-2	0	-12	0	21830
971	2011	154	CGY	CBJ	1	1	-12	2	5	11	-6	-3	2	19289
972	2011	154	ANA	DAL	1	1	3	-5	-4	2	0	9	1	12883
973	2011	155	NYI	STL	1	3	-1	0	12	1	-4	2	-1	10354
974	2011	155	PHI	BUF	0	-2	1	6	2	-1	0	15	1	19901
975	2011	155	LA	VAN	0	-2	-14	-12	1	6	10	6	0	18118
976	2011	155	BOS	PIT	0	-1	-8	2	-4	4	0	13	0	17565
977	2011	155	TOR	CHI	0	-2	8	4	6	9	0	9	0	19646
978	2011	155	ATLANTA	FLA	1	1	2	-9	0	-2	-2	-1	0	15799
979	2011	155	TB	MTL	0	-2	22	6	1	4	-6	13	-1	20274
980	2011	155	PHO	DET	1	1	10	2	-4	-1	-4	-2	-1	17382
981	2011	155	COL	EDM	0	-4	3	2	-1	-1	-4	-1	-2	15869
982	2011	155	SJ	DAL	0	-1	3	5	1	0	-4	5	0	17562
983	2011	156	NYI	NJ	0	-1	-7	-7	-1	1	-4	18	0	15893
984	2011	156	NYR	PHI	1	7	12	-2	7	-3	10	-5	2	18200
985	2011	156	FLA	WSH	0	-1	9	2	2	10	-10	-11	1	15685
986	2011	156	MIN	BUF	0	-1	-7	13	4	3	0	8	1	18091
987	2011	156	CGY	NSH	1	1	13	1	6	8	2	6	1	19289
988	2011	156	ANA	VAN	0	-3	10	-12	-2	7	-2	2	-1	16356
989	2011	157	TB	WSH	0	-1	-2	-4	-1	10	0	16	1	16835
990	2011	157	STL	CBJ	1	1	8	-12	2	0	12	-4	1	19150
991	2011	157	LA	DAL	0	-1	1	2	3	7	-13	3	0	18118
992	2011	158	NJ	OTT	0	-1	11	-1	1	5	-2	4	0	15978
993	2011	158	NYI	TOR	1	1	13	4	11	1	2	10	0	9217
994	2011	158	PHI	EDM	1	3	2	11	-2	3	-3	-1	1	19730
995	2011	158	PIT	BUF	1	2	1	-1	8	4	-8	13	0	18314
997	2011	158	FLA	CHI	1	1	-24	-5	6	1	6	15	0	16132
998	2011	158	MIN	COL	1	3	-5	-1	4	1	-12	2	0	18441
999	2011	158	PHO	VAN	0	-1	-5	-6	-1	0	-2	8	0	12843
1000	2011	158	SJ	NSH	1	1	8	12	14	2	4	3	-1	17562
1001	2011	159	WSH	EDM	1	5	14	3	8	6	-2	7	2	18398
1002	2011	159	CAR	ATLANTA	0	-1	8	-5	2	2	-2	16	-1	16126
1003	2011	159	DET	LA	0	-1	3	-5	0	6	2	5	-1	20066
1004	2011	159	CBJ	STL	0	-1	-4	8	2	10	-4	8	1	11508
1005	2011	159	TB	CHI	1	1	-1	-4	3	4	-2	-3	0	19912
1006	2011	159	DAL	CGY	0	-1	0	5	5	6	-4	-1	1	14476
1007	2011	159	ANA	NYR	1	3	1	-1	1	-4	-2	5	-1	14251
1008	2011	160	BOS	BUF	0	-1	-16	-4	-6	-3	10	1	-2	17565
1009	2011	160	TOR	PHI	0	-1	-4	3	0	-1	11	-1	0	19475
1010	2011	160	FLA	OTT	0	-1	-5	0	1	1	-13	-2	-1	12310
1011	2011	160	STL	MTL	1	3	-1	1	-2	-3	0	4	0	19150
1012	2011	160	NSH	MIN	1	4	12	6	7	3	-4	5	0	15343
1013	2011	160	PHO	CGY	1	3	-7	4	3	2	2	7	0	13003
1014	2011	160	SJ	VAN	0	-1	20	-2	2	4	-2	1	-1	17562
1015	2011	161	NYI	BOS	1	2	13	-2	8	5	2	3	0	12119
1016	2011	161	WSH	CAR	1	1	-15	-2	8	6	6	1	0	18398
1017	2011	161	DET	EDM	1	1	17	10	1	9	-4	3	0	20066
1018	2011	161	CBJ	LA	0	-2	12	-6	5	2	4	17	-1	15605
1019	2011	161	ATLANTA	NJ	0	-1	-4	-9	3	5	2	-1	-2	16073
1020	2011	161	TB	OTT	0	-1	13	-3	3	-2	2	12	0	18777
1021	2011	161	DAL	MIN	1	4	17	4	4	6	2	-6	0	14545
1022	2011	161	COL	ANA	0	-4	-7	9	0	1	0	-2	-1	16244
1023	2011	162	PIT	MTL	0	-3	6	6	1	7	-2	8	0	18310
1024	2011	162	TOR	BUF	1	1	-13	18	-2	4	-2	10	-1	19347
1025	2011	162	NJ	NYI	1	1	20	2	5	6	-18	1	0	17625
1026	2011	162	PHI	ATLANTA	0	-1	-17	2	3	0	2	0	1	19892
1027	2011	162	CAR	CBJ	0	-1	3	-11	1	7	-8	-3	0	18680
1028	2011	162	FLA	TB	1	1	-11	-5	2	4	4	-3	-3	16607
1029	2011	162	STL	DET	0	-2	2	1	-2	3	-4	8	-1	19150
1030	2011	162	NSH	COL	1	2	-9	3	4	2	0	-15	0	17113
1031	2011	162	CGY	VAN	0	-1	-9	-3	-1	4	0	10	-2	19289
1032	2011	162	SJ	NYR	0	-1	11	11	1	3	-4	5	1	17562
1033	2011	163	PIT	EDM	1	4	4	13	-3	0	-4	-1	1	18197
1034	2011	163	WSH	CHI	1	1	12	0	7	0	4	8	0	18398
1035	2011	163	DAL	LA	0	-1	-7	-2	1	8	0	1	-1	15627
1036	2011	163	BUF	OTT	1	2	-5	6	5	6	4	3	-1	18690
1037	2011	163	ANA	PHO	0	-3	7	4	5	-1	-4	13	1	14326
1038	2011	164	TOR	TB	0	-4	-4	-4	3	5	-6	0	0	19410
1039	2011	164	CHI	SJ	1	3	-2	4	-3	7	-6	-3	1	22094
1040	2011	164	VAN	MIN	1	2	-13	-5	4	4	8	-4	2	18860
1041	2011	165	BUF	CAR	0	-1	7	11	4	0	4	-14	0	18690
1042	2011	165	NJ	ATLANTA	1	2	4	-3	3	7	-2	10	0	16188
1043	2011	165	NYR	NYI	1	3	19	-1	4	4	-4	-4	2	18200
1044	2011	165	CBJ	BOS	0	-1	7	-10	-1	5	-8	15	0	12282
1047	2011	165	FLA	PHI	0	-1	-9	7	2	1	2	-1	0	17377
1048	2011	165	NSH	LA	0	-2	14	-4	3	7	-2	7	0	15761
1049	2011	165	DAL	SJ	0	-3	-2	-8	0	7	8	7	0	16724
1050	2011	165	CGY	PHO	0	-1	2	-8	-2	5	-2	16	1	19289
1051	2011	166	CAR	TOR	0	-2	18	0	4	0	-4	5	-1	15220
1052	2011	166	DET	WSH	1	1	7	6	-1	3	4	2	1	20066
1053	2011	166	VAN	COL	1	2	11	5	-1	-1	0	-8	-1	18860
1054	2011	166	ANA	STL	1	1	-7	5	4	6	-2	4	-1	12604
1055	2011	167	ATLANTA	PHI	1	1	1	5	-2	-1	-2	-5	0	16502
1056	2011	167	CBJ	DET	0	-2	10	4	3	2	-2	21	-1	14444
1059	2011	167	FLA	TOR	1	4	2	4	9	7	6	-11	2	16970
1060	2011	167	NSH	BOS	1	1	-7	-9	4	-2	11	8	1	16839
1061	2011	167	DAL	CHI	1	5	4	-9	4	3	-12	5	0	14830
1062	2011	167	CGY	COL	1	3	-1	-17	2	3	2	10	1	19289
1063	2011	167	EDM	PHO	0	-2	19	1	-3	-3	-8	14	0	16839
1064	2011	167	LA	STL	0	-4	-22	0	4	15	4	7	0	18118
1065	2011	167	SJ	MIN	1	1	20	17	1	7	-18	11	1	17562
1066	2011	168	NJ	WSH	0	-3	21	-3	3	13	-8	4	0	17625
1067	2011	168	NYR	MTL	1	3	6	-2	7	1	-2	0	0	18200
1068	2011	168	CAR	NYI	1	1	-2	-4	2	8	4	11	0	17686
1069	2011	168	VAN	PHO	0	-2	18	-1	-5	7	13	0	-2	18860
1070	2011	169	MIN	CBJ	0	-1	3	6	0	2	-12	0	0	18305
1071	2011	169	BUF	ATLANTA	1	6	-3	6	6	-1	-16	-5	3	18690
1072	2011	169	TOR	BOS	1	3	-8	-1	1	4	0	-3	0	19512
1074	2011	169	FLA	NYI	0	-1	11	1	-6	4	2	6	0	16502
1075	2011	169	NSH	DET	1	2	-1	-9	9	10	2	7	0	17113
1076	2011	169	DAL	PHI	0	-1	0	-8	0	-1	-6	-6	0	17652
1077	2011	169	EDM	COL	0	-1	6	-5	-4	-4	-6	-3	1	16839
1078	2011	169	LA	ANA	0	-1	7	2	-2	-2	-6	-3	0	18118
1079	2011	169	SJ	STL	1	2	-11	9	9	4	0	-15	2	17562
1080	2011	170	PIT	NYR	0	-3	13	-5	4	2	15	-15	-2	18278
1081	2011	170	BUF	NSH	0	-1	12	-11	8	1	-4	-5	1	18690
1082	2011	170	CBJ	NJ	0	-3	-18	-2	-2	-3	8	29	0	13043
1083	2011	170	MIN	MTL	0	-7	-1	8	-1	2	4	15	0	18595
1084	2011	170	PHO	CHI	0	-1	-5	2	1	5	2	13	-2	17328
1085	2011	170	ANA	CGY	1	1	-8	-3	3	-1	2	-1	1	15177
1086	2011	171	DET	PIT	0	-1	16	12	2	8	-2	-8	2	20066
1087	2011	171	LA	CGY	1	1	-1	3	6	7	2	2	0	18118
1088	2011	172	BOS	NJ	1	3	-1	9	3	-2	-6	-1	0	17565
1089	2011	172	NYR	FLA	1	1	11	-11	3	-1	-2	-1	0	18200
1090	2011	172	PHI	WSH	0	-1	10	7	2	2	-2	12	-1	19893
1091	2011	172	CAR	OTT	1	1	-15	-10	7	7	0	-1	0	16189
1093	2011	172	TB	NYI	0	-3	10	-3	3	-1	-8	4	0	17400
1094	2011	172	NSH	EDM	1	2	10	10	9	5	0	-9	0	15745
1095	2011	172	MIN	TOR	0	-3	12	-8	1	9	-2	0	-1	18761
1096	2011	172	COL	CBJ	1	1	-1	-1	3	7	-4	-1	1	12301
1097	2011	172	PHO	STL	1	1	-7	21	-3	1	-6	2	0	10977
1098	2011	173	DET	VAN	0	-1	7	-11	-2	5	0	1	0	20066
1099	2011	173	CHI	FLA	1	4	8	1	0	8	-2	-10	1	21713
1100	2011	173	DAL	ANA	0	-1	0	-2	7	4	2	0	0	16021
1101	2011	173	SJ	CGY	1	3	13	15	9	6	-2	-13	0	17562
1102	2011	174	BOS	MTL	1	7	17	12	1	-6	-2	-14	1	17565
1103	2011	174	NYI	ATLANTA	0	-1	-19	5	-2	6	-2	11	-1	11874
1104	2011	174	NYR	OTT	0	-1	0	-7	2	-1	0	1	0	18200
1105	2011	174	PHI	PIT	0	-1	-11	0	0	-3	-2	4	-1	19902
1106	2011	174	STL	EDM	1	4	18	3	3	-2	-4	-8	2	19150
1107	2011	174	NSH	ANA	1	1	-10	-7	5	0	6	-14	-2	17113
1108	2011	174	COL	TOR	0	-1	1	10	3	4	2	2	0	14364
1109	2011	174	PHO	CBJ	1	3	-5	-5	3	0	-2	-7	1	11172
1110	2011	174	LA	SJ	1	1	10	0	0	-2	-4	7	1	18118
1111	2011	175	PIT	NJ	1	1	5	-9	-4	-1	4	20	0	18329
1112	2011	175	BUF	FLA	1	2	8	-3	7	0	0	-2	1	18690
1114	2011	175	ATLANTA	VAN	0	-2	5	-8	13	3	-6	5	0	16237
1115	2011	175	TB	CAR	0	-1	-18	11	0	9	12	-9	0	16656
1116	2011	176	BOS	NYR	0	-1	3	4	-8	3	6	-1	0	17565
1117	2011	176	LA	COL	1	3	4	-2	3	-1	-2	-5	1	18118
1118	2011	176	BUF	NJ	1	2	-2	0	4	-3	0	-5	0	18690
1120	2011	176	NYI	PHI	0	-3	15	6	10	2	4	-7	-1	15458
1121	2011	176	CAR	TB	0	-2	3	3	6	4	-2	-1	0	17264
1122	2011	176	DET	TOR	1	2	5	11	6	-1	4	-14	2	20066
1123	2011	176	NSH	DAL	1	2	2	8	11	0	4	11	-1	16892
1124	2011	176	MIN	STL	0	-3	-31	6	0	5	8	-8	1	18112
1125	2011	176	CHI	ANA	0	-1	3	7	0	7	0	1	0	22115
1126	2011	176	PHO	SJ	0	-3	-5	-2	-2	4	-2	14	0	16394
1127	2011	176	EDM	CGY	0	-1	-10	6	8	2	4	19	-2	16839
1128	2011	177	PIT	FLA	1	1	-10	-10	-2	4	0	2	0	18270
1129	2011	177	ATLANTA	OTT	1	1	19	5	0	3	-6	4	0	16392
1130	2011	177	CBJ	VAN	0	-3	16	-4	2	2	-2	9	-2	14469
1131	2011	177	PHI	BOS	0	-1	-8	-4	0	12	4	8	-2	19927
1132	2011	178	DET	CHI	0	-1	-6	10	6	4	11	13	-1	20066
1133	2011	178	ANA	COL	1	1	7	12	1	2	-2	6	1	14336
1134	2011	179	BOS	CHI	1	3	2	2	2	-5	4	-6	0	17565
1135	2011	179	TOR	BUF	1	1	4	2	11	5	-6	4	0	19483
1136	2011	179	PIT	PHI	0	-3	3	6	0	2	-2	2	-1	18335
1137	2011	179	WSH	CAR	0	-1	14	6	8	-1	4	-3	-1	18398
1138	2011	179	CBJ	FLA	1	1	1	8	7	-1	0	16	-1	11670
1140	2011	179	TB	OTT	1	3	-2	7	7	-1	-14	6	0	16626
1141	2011	179	STL	MIN	0	-1	1	-7	0	-4	0	8	1	19150
1142	2011	179	NSH	VAN	0	-2	-15	-3	0	9	-2	1	0	15960
1143	2011	179	EDM	LA	0	-2	-1	7	-2	1	4	20	0	16839
1144	2011	179	PHO	DAL	1	1	-18	8	3	3	2	2	-1	12541
1145	2011	180	BUF	NYR	1	1	12	-10	11	4	12	6	1	18690
1146	2011	180	NJ	NYI	1	1	-9	5	0	4	-6	-1	0	16252
1147	2011	180	CAR	MTL	1	4	-5	-1	1	2	-12	17	-1	18701
1148	2011	180	DET	STL	0	-7	-3	2	9	2	4	2	-1	20066
1149	2011	180	CGY	ANA	0	-2	3	0	-6	-5	-2	4	-1	19289
1150	2011	181	BOS	TOR	0	-1	7	-9	3	-6	0	-7	-1	17565
1151	2011	181	NYI	NYR	1	4	6	-8	13	3	12	13	0	16250
1152	2011	181	PHI	ATLANTA	0	-1	21	3	4	-4	0	5	0	19879
1153	2011	181	WSH	CBJ	1	1	10	-4	1	6	2	-4	0	18398
1154	2011	181	TB	PIT	1	1	-13	-9	3	0	2	4	0	20126
1155	2011	181	FLA	OTT	0	-3	15	-4	-2	1	-4	2	0	15672
1156	2011	181	MIN	EDM	1	2	-13	2	0	0	0	-4	-1	18120
1157	2011	181	COL	NSH	0	-1	-5	16	6	4	6	5	-1	13239
1158	2011	181	VAN	LA	1	2	16	12	5	3	-17	0	1	18860
1159	2011	181	SJ	DAL	1	6	23	5	6	6	2	2	1	17562
1160	2011	182	NJ	PHI	1	2	-12	-5	0	8	-20	-8	0	17625
1161	2011	182	CBJ	CHI	0	-1	5	6	-4	1	-6	23	0	16217
1162	2011	182	STL	CGY	0	-1	2	4	2	-7	6	4	1	19150
1163	2011	182	PHO	COL	0	-1	18	-1	9	6	-6	-2	1	15739
1164	2011	183	BOS	ATLANTA	1	1	-6	21	-6	-2	4	-2	-1	17565
1165	2011	183	MIN	TB	0	-2	7	17	4	3	0	0	0	18591
1166	2011	183	NSH	DET	0	-1	-7	-7	3	3	-10	-6	2	17113
1167	2011	183	LA	DAL	1	2	7	11	0	1	0	6	0	18118
1169	2011	183	NJ	MTL	0	-2	-8	7	0	-3	2	-1	-1	17625
1170	2011	183	NYI	CAR	0	-2	5	-2	7	1	0	-2	0	16250
1171	2011	183	WSH	BUF	1	1	-3	-3	5	1	-2	2	1	18398
1172	2011	183	FLA	PIT	0	-2	-4	4	0	1	-2	-11	0	18178
1173	2011	183	VAN	EDM	0	-3	7	6	-4	1	-2	1	-2	18860
1174	2011	183	SJ	ANA	1	2	11	7	5	4	-4	15	0	17562
1175	2011	184	PHI	NYR	0	-1	0	-11	-4	5	0	0	-1	19788
1176	2011	184	CAR	BUF	0	-1	5	-8	3	4	-6	11	0	18740
1177	2011	184	DET	MIN	1	2	5	0	2	2	2	-10	1	20066
1178	2011	184	CBJ	STL	0	-5	-9	1	-1	0	0	12	0	13538
1179	2011	184	CHI	TB	0	-2	16	-3	3	3	4	-2	-1	21587
1180	2011	184	COL	CGY	0	-1	-1	7	1	9	-4	4	0	13896
1181	2011	184	ANA	DAL	0	-1	-4	-9	0	-1	6	7	-1	16424
1182	2011	185	NYR	BOS	1	2	-4	-3	3	-1	-6	5	0	18200
1183	2011	185	SJ	LA	1	5	3	-2	5	3	16	-6	0	17562
1184	2011	186	BUF	TB	1	2	-1	2	5	3	-2	-9	1	18690
1185	2011	186	TOR	WSH	0	-1	-20	1	-1	15	2	25	0	19509
1186	2011	186	PIT	NJ	1	2	3	-2	1	1	-2	3	1	18331
1189	2011	186	STL	COL	1	2	2	-9	10	10	8	5	1	19150
1190	2011	186	NSH	ATLANTA	1	3	-12	-2	6	2	-16	6	1	16756
1191	2011	186	DAL	CBJ	1	3	7	1	7	1	-6	-16	1	16012
1192	2011	186	EDM	VAN	1	2	-4	-2	-4	5	-21	5	2	16839
1193	2011	187	BOS	NYI	1	1	1	4	-4	-1	-6	0	-1	17565
1194	2011	187	NJ	TOR	1	2	9	-1	3	2	-6	2	0	14207
1195	2011	187	WSH	FLA	1	3	-8	0	6	1	0	10	1	18398
1196	2011	187	CAR	DET	1	3	-10	-4	2	1	-2	1	1	17602
1197	2011	187	CHI	STL	1	1	15	4	1	6	-6	-10	-1	21435
1198	2011	187	CGY	EDM	1	5	24	11	4	11	0	-1	3	19289
1199	2011	187	ANA	SJ	1	4	-4	-2	4	-3	-4	-2	4	15649
1200	2011	187	LA	PHO	1	1	-2	3	2	3	-2	14	0	18118
1201	2011	188	NYR	ATLANTA	0	-3	3	2	0	3	-4	-8	0	18200
1203	2011	188	DAL	COL	1	2	14	2	3	8	-8	12	1	15105
1204	2011	188	VAN	MIN	1	5	-1	-3	5	4	-8	2	1	18860
1205	2011	189	NYI	PIT	0	-1	0	-6	13	5	8	0	0	16250
1206	2011	189	DET	CHI	0	-2	-1	-14	-8	7	-2	19	-1	20066
1207	2011	189	BUF	PHI	1	1	2	-11	11	2	-2	-1	0	18690
1208	2011	189	ATLANTA	CAR	0	-5	-13	0	-2	7	22	17	-2	14652
1209	2011	189	TB	FLA	1	2	8	1	3	-2	2	13	2	20444
1210	2011	189	NSH	CBJ	1	3	-20	17	1	3	-4	-4	0	17113
1211	2011	189	COL	DAL	0	-1	-11	1	4	9	2	2	0	14037
1212	2011	189	EDM	MIN	0	-2	2	-1	10	-9	16	2	-1	16839
1213	2011	189	PHO	SJ	1	1	-1	11	3	3	-4	12	1	17125
1214	2011	189	ANA	LA	1	1	4	-4	3	-5	12	6	0	17587
1215	2011	190	NYR	NJ	1	3	3	11	4	-1	0	18	0	18200
1216	2011	190	BOS	OTT	1	2	-3	2	-3	1	-2	3	1	17565
1217	2011	190	TOR	MTL	0	-3	-6	4	2	3	-4	1	-2	19676
1218	2011	190	PHI	NYI	1	3	3	-2	-1	-3	-18	-2	-1	19909
1219	2011	190	CAR	TB	0	-4	9	-3	-9	7	-12	5	1	17805
1220	2011	190	FLA	WSH	1	1	-5	9	-1	0	-2	-3	0	18371
1221	2011	190	CBJ	BUF	0	-1	6	9	1	5	9	20	-1	18717
1222	2011	190	STL	NSH	1	2	1	-5	4	0	0	4	0	19150
1223	2011	190	CGY	VAN	0	-1	-3	7	7	10	-10	4	1	19289
1224	2011	190	LA	ANA	0	-2	24	14	3	11	-8	13	-1	18203
1225	2011	190	SJ	PHO	1	2	1	2	4	5	2	3	2	17562
1226	2011	191	NJ	BOS	1	1	6	-6	0	5	2	3	0	17625
1227	2011	191	ATLANTA	PIT	0	-3	19	5	2	4	-4	0	1	16085
1228	2011	191	COL	EDM	1	1	-3	17	5	3	-6	7	0	17566
1229	2011	191	CHI	DET	0	-1	5	4	5	6	-6	-20	0	22046
1230	2011	191	MIN	DAL	1	2	-6	-3	8	1	6	5	-1	18504