
1	2012	5	BOS	PHI	0	3	52	33	10	16	24	36	2	17565
2	2012	5	TOR	MTL	1	2	50	38	12	22	16	25	0	19606
3	2012	5	VAN	PIT	0	7	64	51	31	20	12	57	2	18860
4	2012	6	CAR	TB	0	6	67	56	12	9	22	36	2	18680
5	2012	6	DET	OTT	1	8	71	46	11	13	16	64	2	20066
6	2012	6	CBJ	NSH	0	5	65	56	22	13	16	33	1	18247
7	2012	6	BUF	ANA	1	5	55	47	12	29	26	43	2	13349
8	2012	6	DAL	CHI	1	3	71	47	17	21	12	56	0	15285
9	2012	6	LA	NYR	1	5	56	46	14	15	32	49	1	13800
10	2012	7	BOS	TB	1	5	68	46	9	10	30	32	0	17565
11	2012	7	TOR	OTT	1	11	67	43	15	12	68	25	4	19324
12	2012	7	NJ	PHI	0	3	49	31	14	13	56	38	0	17625
13	2012	7	WSH	CAR	1	7	67	49	22	16	18	56	4	18506
14	2012	7	NYI	FLA	0	2	56	42	22	16	40	47	1	16234
15	2012	7	STL	NSH	0	6	49	53	5	4	28	21	3	19150
16	2012	7	MIN	CBJ	1	6	57	41	14	8	20	48	2	19040
17	2012	7	CHI	DAL	1	7	52	35	10	11	52	49	2	21674
18	2012	7	COL	DET	0	3	68	44	18	9	12	34	0	18007
19	2012	7	CGY	PIT	0	8	57	54	16	30	30	41	2	19289
20	2012	7	ANA	NYR	1	3	43	37	13	21	40	33	0	13800
21	2012	7	SJ	PHO	1	9	81	44	15	18	30	48	6	17562
22	2012	7	LA	BUF	0	6	59	53	12	23	16	24	2	14300
23	2012	8	WPG	MTL	0	6	53	42	7	19	26	33	1	15004
24	2012	8	EDM	PIT	1	3	69	47	21	26	41	31	1	16839
25	2012	9	BOS	COL	0	1	66	42	17	18	14	56	0	17565
26	2012	9	NJ	CAR	1	6	52	44	5	3	28	26	1	12096
27	2012	9	NYI	MIN	1	3	35	38	22	14	24	49	1	11278
28	2012	9	STL	CGY	1	7	52	53	9	13	18	35	1	19150
29	2012	9	WSH	TB	1	11	71	50	25	16	20	60	0	18506
30	2012	9	CBJ	VAN	0	5	50	48	16	3	22	46	1	9187
31	2012	9	DAL	PHO	1	3	66	40	11	20	32	49	1	6306
32	2012	10	PIT	FLA	1	6	63	39	15	11	18	49	0	18503
34	2012	11	CBJ	COL	0	5	65	48	23	16	28	44	0	8986
35	2012	11	PHI	VAN	1	9	67	42	17	17	24	32	4	19632
36	2012	11	CAR	BOS	1	5	62	43	14	5	14	27	1	16483
37	2012	12	NJ	LA	1	3	64	43	11	8	6	44	0	12256
38	2012	12	NYI	TB	1	6	69	43	38	15	18	42	0	9759
39	2012	12	PIT	WSH	0	5	60	38	5	10	22	33	2	18512
42	2012	12	DET	VAN	1	2	62	31	11	18	32	50	0	20066
43	2012	12	NSH	PHO	0	7	56	51	16	17	10	34	0	17113
44	2012	12	MIN	EDM	1	3	57	42	10	14	18	47	0	15878
45	2012	12	CHI	WPG	1	7	62	48	20	13	10	54	1	21175
46	2012	12	DAL	STL	1	5	62	44	7	12	60	61	1	7949
47	2012	13	BUF	CAR	0	7	76	40	6	10	34	16	1	18690
48	2012	13	ANA	SJ	1	1	54	34	7	11	16	43	0	17243
49	2012	14	TOR	CGY	1	5	57	57	17	18	28	36	0	19410
51	2012	14	NYI	NYR	1	6	65	32	23	16	22	39	2	16234
52	2012	14	PHI	LA	0	5	60	38	13	16	76	36	4	19644
53	2012	14	PIT	BUF	0	5	59	46	5	9	6	43	0	18562
54	2012	14	WSH	OTT	1	3	60	51	26	12	8	55	1	18506
55	2012	14	PHO	WPG	1	5	53	33	11	9	16	35	1	17132
56	2012	14	FLA	TB	1	5	68	38	4	5	54	69	2	18352
57	2012	14	NSH	NJ	0	5	72	53	19	20	35	34	2	17113
58	2012	14	MIN	DET	0	5	55	50	21	7	8	68	1	17104
59	2012	14	DAL	CBJ	1	6	48	39	21	19	22	53	2	8305
60	2012	14	CHI	BOS	0	5	66	59	21	6	22	74	0	22073
61	2012	14	EDM	VAN	0	7	56	57	7	26	36	24	4	16839
62	2012	14	SJ	STL	0	6	56	42	15	38	14	46	1	17562
63	2012	15	ANA	STL	1	6	53	41	11	14	20	38	1	14555
64	2012	16	TOR	COL	0	5	53	50	13	13	12	49	1	19359
65	2012	16	TB	FLA	0	11	72	45	10	18	44	41	6	19204
66	2012	16	WPG	PIT	1	3	63	42	5	10	40	39	0	15004
67	2012	16	EDM	NSH	1	4	37	44	16	28	18	26	1	16839
68	2012	16	SJ	ANA	0	5	65	43	7	21	38	55	2	17562
69	2012	17	BOS	CAR	0	5	57	37	10	13	92	47	3	17565
70	2012	17	WSH	FLA	1	3	52	43	33	15	10	50	1	18506
71	2012	17	CBJ	DAL	0	5	58	48	6	5	22	52	1	9158
74	2012	17	MIN	PIT	0	6	51	51	8	14	14	53	1	17297
75	2012	17	CGY	EDM	1	3	53	33	14	31	36	30	1	19289
76	2012	17	VAN	NYR	0	4	59	42	20	13	54	53	0	18860
77	2012	17	PHO	CHI	0	7	51	41	8	9	16	36	1	11051
78	2012	17	LA	STL	1	5	51	40	15	23	16	53	1	18118
79	2012	18	TOR	WPG	1	7	52	42	24	26	16	54	4	19514
80	2012	19	BOS	TOR	1	8	71	48	9	6	30	45	2	17565
81	2012	19	PHI	WSH	0	7	70	45	18	14	22	33	1	19658
82	2012	19	PIT	MTL	1	4	60	42	5	8	18	41	0	18403
84	2012	19	TB	NYI	1	5	47	51	13	13	14	28	1	18181
85	2012	19	FLA	BUF	0	3	60	40	11	2	18	58	1	14811
86	2012	19	COL	CHI	0	4	62	48	27	15	6	27	0	17523
87	2012	19	CGY	NYR	0	5	64	59	18	31	48	42	2	19289
88	2012	19	EDM	MIN	0	3	62	50	13	23	22	44	0	16839
89	2012	19	VAN	NSH	1	6	66	37	11	12	48	46	2	18860
90	2012	19	PHO	LA	0	2	50	33	6	9	22	45	1	7128
91	2012	20	NJ	SJ	0	7	60	40	5	16	28	15	1	14319
92	2012	20	DET	CBJ	1	7	67	47	11	15	36	61	4	20066
93	2012	20	STL	CAR	1	5	72	48	6	11	6	41	0	19150
94	2012	20	ANA	DAL	0	4	55	45	8	13	14	44	1	12919
95	2012	21	CGY	NSH	0	2	47	51	17	28	14	27	0	19289
96	2012	21	VAN	MIN	1	5	55	43	15	10	24	61	2	18860
97	2012	21	BOS	SJ	0	6	69	52	22	29	14	38	0	17565
100	2012	21	PHI	STL	0	6	61	57	10	11	24	57	2	19593
101	2012	21	PIT	NJ	1	5	53	43	6	13	16	43	2	18535
102	2012	21	WSH	DET	1	8	58	45	16	30	16	46	3	18506
103	2012	21	WPG	CAR	1	8	48	37	9	30	28	43	2	15004
104	2012	21	TB	BUF	1	3	47	45	13	12	12	41	0	19204
105	2012	21	FLA	NYI	1	6	61	51	12	1	24	39	2	15411
106	2012	21	CHI	COL	0	9	62	54	16	7	6	68	1	21328
107	2012	21	EDM	NYR	1	2	46	31	11	26	26	45	1	16839
108	2012	21	LA	DAL	1	1	52	40	8	26	22	63	0	18118
109	2012	22	ANA	PHO	0	9	68	44	9	24	24	29	0	13240
110	2012	23	PHI	TOR	1	6	56	46	17	17	20	50	2	19569
112	2012	23	WPG	NYR	0	3	45	45	5	17	22	46	2	15004
113	2012	24	BUF	TB	0	7	62	50	16	11	26	34	0	18690
114	2012	24	NYI	PIT	0	3	62	49	26	25	12	46	0	10681
115	2012	24	CAR	OTT	0	5	62	50	14	10	10	34	2	12083
116	2012	24	CBJ	DET	1	5	63	39	10	5	18	50	1	15100
117	2012	24	NSH	SJ	0	4	56	50	10	20	12	28	1	15121
118	2012	24	CHI	ANA	1	5	66	42	14	9	28	47	1	21247
119	2012	24	EDM	VAN	1	5	59	37	13	32	14	43	0	16839
120	2012	24	PHO	DAL	0	5	71	48	18	11	16	47	2	6948
121	2012	24	LA	NJ	0	3	54	39	9	28	6	64	0	18118
123	2012	25	CGY	COL	1	6	70	61	18	28	10	51	2	19289
124	2012	25	VAN	STL	0	3	63	60	13	12	10	49	0	18860
125	2012	26	BOS	MTL	0	3	65	45	13	20	34	35	1	17565
126	2012	26	BUF	CBJ	1	6	69	68	11	12	42	24	2	18690
127	2012	26	NYR	TOR	0	6	66	54	14	13	28	32	0	18200
128	2012	26	PHI	WPG	0	17	73	50	15	17	24	47	3	19588
129	2012	26	PIT	NYI	1	5	51	49	5	6	18	21	1	18461
131	2012	26	NSH	TB	1	8	59	51	24	18	14	42	1	16619
132	2012	26	MIN	ANA	0	5	41	39	7	12	20	32	4	15723
133	2012	26	DAL	LA	0	8	62	48	16	17	26	56	2	8443
134	2012	26	EDM	WSH	1	3	54	33	15	25	30	24	2	16839
135	2012	26	PHO	NJ	1	8	76	47	9	7	8	60	1	7434
136	2012	27	CAR	CHI	1	3	63	45	13	12	20	21	0	16056
137	2012	27	DET	SJ	0	6	62	43	13	13	18	47	2	20066
138	2012	27	COL	EDM	0	4	60	45	13	11	40	25	2	15057
139	2012	27	CGY	STL	1	4	47	54	15	20	12	23	0	19289
140	2012	28	NYR	OTT	0	9	68	49	16	11	25	47	3	18200
141	2012	28	BUF	FLA	0	5	62	45	9	12	31	34	2	18690
142	2012	28	TOR	PIT	1	7	66	43	23	22	16	47	4	19526
144	2012	28	NYI	SJ	0	5	67	51	28	16	14	23	4	11742
145	2012	28	PHI	CAR	1	6	59	45	14	15	16	48	0	19683
146	2012	28	TB	WPG	1	1	55	44	13	13	12	45	1	19204
147	2012	28	NSH	ANA	1	3	49	38	28	18	42	34	1	16395
148	2012	28	MIN	DET	1	1	56	40	15	8	18	45	0	17233
149	2012	28	DAL	NJ	1	4	55	37	17	16	14	60	0	11740
150	2012	28	CHI	CBJ	1	7	67	46	28	14	20	45	0	21114
151	2012	28	PHO	LA	1	5	72	57	9	5	16	51	0	10379
152	2012	28	VAN	WSH	1	11	75	50	10	10	18	36	3	18860
153	2012	29	CBJ	ANA	1	4	41	45	9	6	56	54	1	16022
155	2012	29	COL	LA	1	5	48	36	20	7	16	37	3	12355
156	2012	29	EDM	STL	1	6	60	45	19	27	14	34	3	16839
157	2012	30	NYR	SJ	1	7	57	43	12	7	24	52	1	17852
158	2012	30	FLA	WPG	0	7	73	44	11	4	26	53	2	11855
159	2012	30	CHI	NSH	1	9	63	44	24	19	32	41	1	20721
160	2012	31	BOS	OTT	1	8	67	46	14	12	44	31	1	17565
161	2012	31	WSH	ANA	1	9	55	49	6	11	18	42	1	18506
162	2012	31	CAR	TB	1	6	61	53	10	6	10	44	1	13374
163	2012	31	DET	MIN	0	3	64	42	10	15	24	53	1	20066
164	2012	31	CGY	VAN	0	6	50	43	25	24	34	30	2	19289
165	2012	32	BUF	PHI	0	5	57	42	9	19	48	35	0	18299
166	2012	32	NJ	TOR	0	8	45	42	4	9	28	29	2	13033
167	2012	32	COL	PHO	0	5	68	57	19	9	10	33	0	12141
168	2012	33	NYI	WPG	0	3	60	45	28	23	16	38	0	10157
169	2012	33	NYR	ANA	1	3	53	36	14	3	26	61	0	18200
170	2012	33	PHI	NJ	0	7	62	56	15	26	22	26	0	19667
171	2012	33	CBJ	TOR	0	5	57	39	13	3	12	40	0	14306
172	2012	33	FLA	CHI	0	5	76	63	15	13	18	34	0	15929
173	2012	33	DET	CGY	0	5	51	39	24	11	14	38	3	20066
174	2012	33	MIN	VAN	1	6	70	39	9	11	56	42	0	16534
175	2012	33	PHO	NSH	0	3	66	57	10	6	10	39	0	6738
176	2012	33	LA	EDM	0	3	46	40	5	31	14	53	0	18118
177	2012	33	SJ	PIT	1	7	73	61	34	26	26	54	0	17562
178	2012	34	CAR	WSH	0	6	57	43	11	14	14	33	1	14589
179	2012	34	BUF	CGY	1	3	74	43	13	23	20	23	0	18690
181	2012	34	TB	CHI	1	9	64	57	19	10	6	44	2	19204
182	2012	34	STL	VAN	1	5	58	45	9	9	22	43	1	19150
183	2012	34	DAL	COL	1	13	69	57	15	13	26	50	5	11981
184	2012	35	TOR	BOS	0	7	45	46	10	25	32	49	1	19497
186	2012	35	NJ	WPG	1	5	51	45	12	5	20	46	0	14952
187	2012	35	NYI	WSH	1	8	63	41	28	26	15	45	1	14812
188	2012	35	NYR	MTL	1	8	57	33	24	9	64	43	2	18200
189	2012	35	PHI	CBJ	1	11	68	54	14	17	50	56	1	19784
190	2012	35	DET	ANA	1	5	72	52	19	14	36	52	1	20066
191	2012	35	MIN	STL	1	3	57	51	7	7	36	33	0	16917
192	2012	35	PHO	EDM	1	6	56	40	9	4	6	62	1	13381
193	2012	35	LA	PIT	0	5	59	47	3	25	18	72	1	18118
194	2012	35	SJ	NSH	0	7	73	44	12	21	14	35	2	17562
195	2012	36	CAR	DAL	0	7	59	48	8	9	46	54	3	14815
196	2012	36	FLA	TB	0	7	78	54	22	7	10	48	2	15066
197	2012	36	NYR	WPG	1	3	50	47	12	13	20	45	1	18200
198	2012	36	CHI	VAN	0	8	78	42	13	5	56	46	5	21883
199	2012	36	COL	CGY	0	3	56	58	14	14	16	42	1	15356
200	2012	37	BOS	NYI	1	8	63	43	11	9	20	33	1	17565
201	2012	37	SJ	LA	1	6	69	43	9	21	24	26	3	17562
202	2012	38	BUF	WPG	1	11	76	49	13	22	54	32	5	18690
203	2012	38	TOR	FLA	0	6	67	46	26	32	8	50	0	19414
204	2012	38	NJ	CAR	1	5	63	44	12	10	10	26	0	13056
205	2012	38	WSH	DAL	0	7	68	52	13	15	32	41	2	18506
207	2012	38	DET	COL	1	7	56	44	11	16	28	41	4	20066
208	2012	38	STL	CHI	1	3	52	40	10	12	22	33	1	19150
209	2012	38	CGY	MIN	0	3	67	34	24	23	46	20	1	19289
210	2012	38	LA	NSH	1	7	60	39	8	35	28	52	2	17963
212	2012	39	TB	PHI	1	3	39	46	13	20	34	36	2	19204
213	2012	39	ANA	NSH	0	6	65	51	7	19	16	35	0	13529
214	2012	40	BOS	EDM	1	9	58	45	15	11	20	32	3	17565
215	2012	40	CBJ	CHI	0	9	66	52	15	5	26	53	4	15048
216	2012	40	STL	TOR	0	5	62	47	9	9	20	46	3	19150
217	2012	40	WPG	FLA	0	7	47	47	9	20	16	34	3	15004
218	2012	40	COL	NYI	1	7	84	50	30	7	56	41	3	13221
219	2012	40	PHO	MTL	0	5	70	52	13	12	6	62	0	14138
220	2012	40	LA	VAN	0	5	62	24	6	33	39	49	3	18118
221	2012	40	SJ	MIN	1	4	58	41	16	24	20	37	2	17562
222	2012	41	NJ	WSH	0	4	53	28	7	4	18	37	0	15230
223	2012	41	NYR	CAR	1	6	75	49	13	12	10	47	1	18200
224	2012	41	PIT	DAL	1	4	52	51	9	5	18	35	2	18585
225	2012	41	BUF	OTT	1	6	58	47	14	14	18	35	1	18690
226	2012	41	DET	EDM	1	3	54	29	15	6	36	38	0	20066
227	2012	41	CHI	CGY	1	5	56	45	13	14	10	53	1	21720
228	2012	41	ANA	VAN	1	7	62	38	2	4	37	23	3	17339
229	2012	42	BOS	BUF	1	8	58	54	12	16	42	40	1	17565
230	2012	42	TOR	OTT	0	7	57	39	15	23	30	56	1	19553
231	2012	42	WSH	NJ	0	5	36	45	21	22	20	59	0	18506
232	2012	42	CAR	PIT	1	8	66	50	22	15	36	60	0	16260
233	2012	42	DET	DAL	1	7	67	51	9	9	22	52	1	20066
234	2012	42	CBJ	WPG	1	3	63	46	4	5	28	48	0	15581
235	2012	42	NSH	MTL	0	3	51	36	24	21	18	33	0	17113
236	2012	42	STL	TB	1	3	43	40	12	7	22	33	0	19150
237	2012	42	COL	CGY	0	7	59	41	29	5	16	40	0	14919
238	2012	42	LA	MIN	1	7	62	46	14	24	31	62	2	18118
239	2012	42	SJ	PHO	0	3	54	39	10	25	14	28	0	17562
240	2012	43	FLA	PHI	0	5	68	31	17	13	54	39	0	15215
241	2012	43	CHI	EDM	1	9	58	37	25	15	14	53	2	21110
242	2012	43	ANA	MIN	0	5	60	39	10	13	18	34	0	13803
243	2012	43	VAN	NYI	1	5	60	40	12	8	6	43	1	18860
244	2012	44	CAR	PHI	0	8	48	54	21	11	26	42	1	14491
246	2012	44	WPG	TB	1	7	71	48	3	12	20	25	1	15004
247	2012	45	BOS	NJ	1	7	67	54	14	13	14	55	1	17565
248	2012	45	TOR	PHO	0	5	72	53	8	33	8	39	1	19522
249	2012	45	NYI	NYR	0	6	63	37	17	36	42	53	1	16234
250	2012	45	PIT	COL	1	9	60	48	12	6	26	32	1	18483
251	2012	45	CBJ	MIN	0	6	69	38	8	4	64	50	2	10833
252	2012	45	STL	DET	1	3	59	26	8	10	33	34	1	19150
253	2012	45	NSH	WSH	1	4	71	57	12	14	10	39	0	14863
254	2012	45	DAL	FLA	0	6	55	44	16	22	16	56	0	10175
255	2012	45	CGY	OTT	0	4	71	35	17	26	30	19	0	19289
257	2012	46	BUF	NJ	0	8	53	42	15	16	16	42	2	18690
258	2012	46	VAN	CHI	0	6	56	55	15	9	16	41	2	18860
259	2012	46	LA	ANA	1	3	0	0	0	0	0	0	0	18118
260	2012	47	BOS	CBJ	1	3	58	47	17	14	18	39	1	17565
261	2012	47	NYI	MTL	1	7	62	40	35	27	14	34	1	9928
262	2012	47	PHI	PHO	1	3	73	50	12	18	34	29	0	19610
263	2012	47	TB	PIT	1	5	52	39	12	23	30	36	2	18509
264	2012	47	STL	FLA	1	5	52	50	15	14	29	34	0	17642
265	2012	47	NSH	TOR	1	5	61	57	15	16	30	36	1	16135
266	2012	47	MIN	COL	1	1	45	42	11	6	20	28	0	16779
267	2012	47	WPG	WSH	1	5	63	43	1	16	30	14	2	15004
268	2012	47	EDM	OTT	0	7	40	48	16	25	14	37	1	16839
269	2012	47	ANA	LA	0	8	74	52	8	14	28	46	2	15412
270	2012	47	SJ	DET	1	7	70	46	15	26	8	35	2	17562
271	2012	48	CAR	BUF	0	1	54	46	15	17	10	33	1	15072
272	2012	48	COL	DAL	1	3	69	47	17	13	12	36	2	16091
273	2012	48	CGY	CHI	1	7	58	53	23	28	20	24	1	19289
274	2012	49	WPG	PHI	1	10	71	41	7	16	44	37	5	15004
275	2012	49	LA	DET	0	5	62	41	9	20	20	44	2	18118
276	2012	49	BUF	PHO	0	6	74	50	10	21	16	37	0	18690
277	2012	49	TOR	WSH	1	8	70	41	10	28	28	48	3	19594
279	2012	49	NYI	BOS	0	6	53	58	24	22	10	46	1	16011
280	2012	49	TB	NJ	0	6	47	40	15	11	28	46	2	18894
281	2012	49	FLA	PIT	1	5	72	54	18	11	10	45	2	18071
282	2012	49	NSH	CBJ	0	7	59	59	17	12	50	23	4	16776
283	2012	49	MIN	STL	1	5	59	56	10	11	8	56	1	17259
284	2012	49	DAL	SJ	0	5	69	53	18	16	100	70	2	13711
285	2012	49	EDM	CHI	1	11	70	42	20	26	46	27	6	16839
286	2012	50	CAR	TOR	1	5	66	41	24	25	22	39	2	13187
287	2012	50	COL	SJ	0	5	55	36	17	6	24	27	1	15013
288	2012	50	ANA	DET	0	6	64	35	8	22	22	35	1	17229
289	2012	50	VAN	OTT	1	3	56	46	7	11	18	45	1	18890
290	2012	51	PHI	CAR	0	6	63	55	15	13	20	68	3	19632
291	2012	51	PIT	NYI	1	5	65	49	9	10	20	43	1	18571
292	2012	51	WSH	PHO	1	7	54	37	23	19	24	51	1	18506
293	2012	51	CBJ	CGY	1	5	58	45	4	3	8	52	2	11629
295	2012	51	FLA	NJ	1	7	61	39	17	12	26	53	0	13122
296	2012	51	DAL	EDM	1	5	53	35	21	16	18	80	0	11458
297	2012	52	TB	TOR	0	8	54	44	8	15	30	42	3	19204
298	2012	52	STL	LA	0	5	53	29	10	6	34	38	1	18178
299	2012	52	NSH	EDM	0	8	64	46	11	13	30	28	3	16838
300	2012	53	BUF	BOS	0	7	73	48	12	15	52	63	4	18690
301	2012	53	NJ	CBJ	1	3	60	30	5	15	18	22	0	15585
302	2012	53	NYI	PHI	0	7	65	47	29	16	20	38	2	11086
303	2012	53	PIT	STL	0	5	76	56	11	17	30	66	1	18583
304	2012	53	WSH	WPG	1	7	62	47	20	15	14	62	0	18506
305	2012	53	CAR	MTL	0	7	67	50	19	13	14	45	0	14862
306	2012	53	DET	CGY	1	8	52	47	8	14	20	39	4	20066
307	2012	53	FLA	NYR	1	3	58	27	9	10	24	69	1	17461
308	2012	53	MIN	NSH	1	5	55	36	6	12	28	32	2	16981
309	2012	53	DAL	LA	1	5	62	40	15	24	12	59	0	11779
310	2012	53	COL	VAN	0	3	53	36	11	4	12	32	0	15538
311	2012	53	PHO	ANA	1	6	50	35	15	8	34	73	1	9124
312	2012	53	SJ	CHI	1	1	55	32	22	24	16	35	1	17562
313	2012	55	BOS	DET	0	5	74	47	23	16	12	52	0	17565
314	2012	55	NYI	NJ	0	1	46	45	32	31	22	59	1	15358
315	2012	55	PHI	MTL	1	4	60	35	19	16	16	48	0	19991
316	2012	55	MIN	EDM	0	7	61	36	13	13	16	37	2	18092
317	2012	55	WSH	NYR	0	9	54	50	22	23	18	68	2	18506
318	2012	55	ANA	CHI	0	11	70	46	12	19	20	49	3	17174
319	2012	55	PIT	OTT	1	9	67	49	8	12	30	42	1	18610
320	2012	55	CAR	WPG	0	4	51	36	18	17	10	50	0	15718
321	2012	55	CBJ	BUF	1	6	63	44	17	7	18	33	1	16705
322	2012	55	FLA	TB	0	3	55	43	10	14	12	54	1	17380
323	2012	55	STL	CGY	1	2	48	43	8	5	18	36	0	19150
324	2012	55	DAL	TOR	0	7	52	54	22	14	14	71	1	18532
325	2012	55	PHO	VAN	0	5	59	51	12	12	16	65	0	14569
326	2012	56	NJ	NYI	0	5	52	41	4	13	10	17	0	16014
327	2012	56	NYR	PHI	1	2	61	51	19	10	36	56	1	18200
328	2012	56	COL	EDM	1	7	62	46	24	6	12	34	1	17684
329	2012	56	BOS	WPG	1	6	78	37	6	11	18	39	1	17565
330	2012	56	BUF	WSH	1	6	55	49	14	16	16	55	0	18690
332	2012	56	TB	FLA	1	6	59	32	11	17	14	51	0	17841
333	2012	56	DET	NSH	1	5	56	34	14	18	10	45	1	20066
334	2012	56	PHO	DAL	1	3	65	47	7	6	8	52	0	10036
335	2012	56	SJ	VAN	0	5	72	43	18	28	18	40	1	17562
336	2012	56	LA	CHI	0	3	54	47	9	27	8	40	0	18118
338	2012	57	CBJ	STL	0	3	53	42	16	8	28	55	1	14151
339	2012	57	MIN	CGY	0	7	56	36	13	11	18	32	1	16864
340	2012	57	ANA	TOR	0	7	56	48	4	18	12	38	2	13685
341	2012	58	MIN	TB	1	4	57	36	11	13	8	26	0	16628
342	2012	58	COL	DAL	0	4	71	49	17	10	34	32	0	12015
343	2012	58	EDM	NSH	0	3	49	43	21	27	19	28	1	16839
344	2012	58	LA	SJ	1	2	66	50	8	32	24	50	0	18118
345	2012	59	BUF	NYI	0	3	61	41	8	11	24	34	1	18690
346	2012	59	NYR	PIT	1	7	57	42	16	8	42	67	3	18200
347	2012	59	WSH	STL	0	3	49	35	13	21	22	67	0	18506
348	2012	59	CAR	FLA	0	4	48	46	16	12	14	38	1	13065
349	2012	59	WPG	OTT	0	10	77	43	7	30	22	43	2	15004
350	2012	59	CHI	PHO	0	5	49	45	18	7	10	55	0	21183
351	2012	59	CGY	NSH	1	1	55	49	12	30	10	25	0	19289
352	2012	59	VAN	CBJ	1	5	82	57	8	11	10	47	0	18890
353	2012	60	TOR	BOS	0	9	77	52	16	27	14	47	2	19643
354	2012	60	DET	TB	1	6	58	51	22	14	18	37	2	20066
355	2012	60	COL	NJ	1	7	44	36	13	11	34	39	0	14251
356	2012	60	EDM	MIN	0	5	59	45	21	28	28	41	2	16839
357	2012	60	ANA	MTL	1	5	47	20	16	17	28	46	2	13237
358	2012	61	WSH	PIT	0	3	52	42	14	24	20	71	0	18506
359	2012	61	CAR	NYR	0	8	58	50	20	13	28	35	1	12566
360	2012	61	WPG	PHO	1	1	64	38	8	23	10	52	0	15004
361	2012	61	DAL	OTT	1	5	67	44	17	12	8	57	1	10490
362	2012	61	CGY	CBJ	0	7	68	53	18	25	24	28	0	19289
363	2012	61	VAN	NSH	0	11	57	55	11	11	14	58	5	18890
364	2012	61	LA	FLA	1	3	68	37	9	26	30	63	1	17720
365	2012	61	SJ	MTL	1	7	73	61	18	34	4	37	0	17562
366	2012	62	BUF	DET	0	5	64	39	14	14	18	22	1	18690
367	2012	62	MIN	NJ	1	6	47	45	14	15	16	37	0	17310
368	2012	62	CHI	NYI	1	9	77	46	19	14	16	45	3	21463
369	2012	62	COL	STL	1	5	72	39	21	5	18	46	1	15966
370	2012	62	EDM	CBJ	1	9	73	48	17	34	22	27	2	16839
371	2012	62	ANA	PHI	0	7	69	30	7	13	32	51	4	15975
372	2012	63	LA	MTL	0	3	54	48	5	22	22	35	2	18118
373	2012	63	BOS	TOR	1	5	52	51	10	14	22	51	0	17565
374	2012	63	WSH	OTT	1	5	69	50	14	14	10	45	0	18506
375	2012	63	CAR	PIT	0	5	72	44	21	10	16	40	1	17696
376	2012	63	WPG	NJ	1	6	45	44	6	11	26	54	1	15004
377	2012	63	TB	NYR	0	6	62	60	18	22	6	39	0	19204
378	2012	63	STL	CHI	0	7	61	56	15	6	26	29	2	19150
379	2012	63	NSH	BUF	0	5	48	41	15	18	43	25	1	17113
380	2012	63	PHO	PHI	0	6	68	40	8	11	30	65	2	14913
381	2012	63	DAL	NYI	0	9	61	49	14	10	18	45	1	14423
382	2012	63	EDM	CGY	0	8	61	44	8	26	18	34	2	16839
383	2012	63	SJ	FLA	0	8	61	45	18	30	26	38	3	17562
384	2012	64	COL	DET	1	6	64	39	19	9	16	40	2	17014
385	2012	64	ANA	MIN	0	8	63	42	12	19	22	56	2	14002
386	2012	64	VAN	CGY	1	6	58	39	13	10	54	47	2	18890
387	2012	65	NYR	TOR	0	6	62	52	10	8	28	68	2	18200
388	2012	65	PIT	BOS	0	4	73	55	4	11	40	37	1	18585
390	2012	65	FLA	WSH	1	9	62	46	10	8	36	43	3	16337
391	2012	65	CHI	PHO	0	7	62	42	25	18	18	51	1	21079
392	2012	66	TOR	NJ	0	5	57	47	14	37	12	72	2	19513
393	2012	66	NYI	TB	1	6	58	38	22	15	16	33	2	9486
395	2012	66	STL	DET	1	5	55	42	7	6	34	34	4	19150
396	2012	66	NSH	PHO	0	5	67	64	10	18	12	25	1	15638
397	2012	66	WPG	BOS	1	3	75	43	3	12	16	32	0	15004
398	2012	66	CGY	CAR	1	13	69	59	14	20	10	23	1	19289
399	2012	66	VAN	COL	1	6	56	24	10	13	81	58	1	18890
400	2012	66	ANA	LA	1	5	66	45	9	26	8	59	0	14419
401	2012	66	SJ	MIN	0	3	63	49	14	31	10	44	1	17562
403	2012	67	BUF	PHI	0	9	58	52	10	24	44	40	2	18690
404	2012	67	EDM	CAR	0	8	58	44	14	23	54	20	2	16839
405	2012	68	BOS	FLA	0	2	70	42	7	10	30	35	0	17565
406	2012	68	NJ	OTT	1	9	60	34	5	5	54	28	1	13743
407	2012	68	NYI	CHI	0	5	61	44	43	18	18	43	1	10711
408	2012	68	NYR	TB	0	5	61	35	15	10	64	51	1	18200
409	2012	68	PHI	PIT	1	5	56	53	16	20	32	57	2	19936
410	2012	68	CBJ	NSH	0	7	46	56	14	10	14	51	1	13852
412	2012	68	DET	PHO	1	7	64	39	10	11	18	34	2	20066
413	2012	68	STL	ANA	1	6	47	39	7	7	18	46	0	18596
414	2012	68	CGY	COL	1	5	53	40	12	28	20	30	2	19289
415	2012	68	LA	MIN	0	6	68	51	7	17	25	68	0	18118
416	2012	68	SJ	DAL	1	7	56	43	15	23	34	39	1	17562
417	2012	69	WSH	TOR	1	6	53	36	23	16	22	35	4	18506
418	2012	69	BUF	FLA	1	3	43	33	11	18	16	36	1	18690
419	2012	69	WPG	CAR	1	6	62	47	10	18	30	55	3	15004
420	2012	69	EDM	COL	1	5	64	49	15	24	16	37	2	16839
421	2012	70	NJ	MTL	0	3	53	41	3	6	16	20	1	14210
422	2012	70	BUF	NYR	0	5	66	42	13	17	14	40	1	18690
424	2012	70	NYI	PIT	0	9	58	37	36	21	31	53	2	15638
425	2012	70	PHI	TB	1	7	51	44	16	12	18	50	3	19772
426	2012	70	DET	WPG	1	8	59	48	11	18	10	49	0	20066
427	2012	70	CBJ	BOS	0	8	65	33	11	4	38	42	4	18175
428	2012	70	STL	SJ	1	1	43	39	8	4	20	28	1	19150
429	2012	70	NSH	ANA	1	5	45	36	16	15	32	23	1	17113
430	2012	70	PHO	MIN	0	5	56	41	15	7	16	73	3	10976
431	2012	70	CGY	EDM	1	3	55	41	20	27	20	43	1	19289
432	2012	70	LA	DAL	0	3	55	40	12	19	38	55	1	18118
433	2012	71	NYR	FLA	1	7	54	28	14	8	28	54	2	18200
434	2012	71	CHI	SJ	1	5	71	54	23	10	10	62	0	21456
435	2012	72	TB	NJ	0	9	58	42	6	17	46	41	2	17341
436	2012	73	BOS	LA	1	3	63	42	9	13	16	46	0	17565
437	2012	73	BUF	OTT	0	5	73	40	12	19	32	27	0	18690
438	2012	73	TOR	CAR	1	3	57	42	10	34	12	58	1	19509
439	2012	73	NYR	DAL	0	1	62	44	11	18	26	50	0	18200
440	2012	73	PIT	DET	0	5	51	44	8	8	10	39	1	18592
441	2012	73	WSH	PHI	0	6	65	39	19	15	8	43	0	18506
442	2012	73	CBJ	VAN	1	3	62	45	15	8	18	48	1	15808
444	2012	73	FLA	NJ	0	5	60	52	12	8	28	69	0	14669
445	2012	73	NSH	CGY	1	3	81	51	23	14	8	24	1	14813
446	2012	73	WPG	MIN	1	3	62	47	10	19	39	51	1	15004
447	2012	73	COL	SJ	1	7	63	56	15	10	10	39	2	14374
449	2012	74	MIN	CHI	0	7	61	53	9	15	18	29	1	19254
450	2012	74	ANA	PHO	1	5	48	36	10	17	14	41	2	13428
451	2012	75	NYI	DAL	0	5	56	37	35	16	26	43	1	9288
452	2012	75	CAR	VAN	1	7	77	61	18	6	32	32	1	15292
453	2012	75	CBJ	LA	0	3	66	47	6	6	14	67	0	16090
455	2012	75	TB	CGY	1	9	61	57	12	11	12	37	2	17241
456	2012	75	STL	NYR	1	5	62	65	6	7	2	53	0	18121
457	2012	75	NSH	DET	1	7	61	41	9	14	6	36	3	17113
458	2012	75	WPG	WSH	0	1	54	38	5	11	10	38	0	15004
459	2012	75	PHO	EDM	1	6	62	52	9	1	14	70	2	9397
460	2012	75	SJ	COL	1	9	61	54	15	28	30	38	2	17562
461	2012	76	NJ	DAL	1	9	67	49	10	6	10	34	0	17625
462	2012	76	BUF	TOR	1	9	62	52	8	19	27	41	4	18690
463	2012	76	OTT	PIT	1	10	60	52	13	9	22	51	3	19710
464	2012	76	FLA	CGY	1	5	67	46	17	10	22	51	1	15575
465	2012	76	CHI	ANA	1	5	49	41	19	10	32	49	1	21528
466	2012	77	PHI	BOS	0	6	68	39	13	14	101	48	3	19948
467	2012	77	TOR	VAN	0	8	65	67	17	34	8	52	1	19633
469	2012	77	PIT	BUF	1	11	45	47	4	7	14	29	3	18584
470	2012	77	WPG	ANA	1	8	67	55	6	25	26	45	2	15004
471	2012	77	DET	LA	1	10	56	44	11	12	14	45	1	20066
472	2012	77	CBJ	TB	0	5	56	54	6	7	16	46	1	16108
473	2012	77	NSH	STL	1	3	60	47	21	19	12	32	1	17113
474	2012	77	MIN	NYI	0	3	57	45	13	15	4	36	0	18209
475	2012	77	PHO	NYR	0	5	53	42	10	8	20	64	2	12172
476	2012	77	COL	WSH	1	3	54	40	20	12	22	37	0	16011
477	2012	77	SJ	EDM	1	5	62	47	16	37	16	27	1	17562
478	2012	78	FLA	CAR	1	5	51	54	14	10	12	50	1	15289
479	2012	78	CHI	CGY	1	6	49	39	25	12	59	43	4	21192
480	2012	78	STL	CBJ	1	10	66	54	10	7	36	58	1	18611
481	2012	79	BOS	MTL	1	5	66	42	9	15	10	50	0	17565
482	2012	79	TOR	LA	0	5	75	40	13	37	34	64	1	19521
483	2012	79	DAL	ANA	1	8	61	43	14	13	36	47	4	13720
484	2012	79	COL	PHI	1	5	60	56	21	7	16	30	1	14889
485	2012	79	EDM	DET	0	5	51	41	17	30	14	35	1	16839
486	2012	79	VAN	MIN	1	4	66	57	12	10	18	56	2	18890
487	2012	80	NJ	NYR	0	5	52	40	7	6	52	29	0	17625
488	2012	80	PIT	CHI	1	5	66	45	4	9	42	41	1	18607
489	2012	80	WSH	NSH	1	5	44	44	10	11	12	38	1	18506
491	2012	80	FLA	PHO	0	3	50	35	9	7	22	65	2	17711
492	2012	80	WPG	NYI	0	5	71	53	13	19	8	53	0	15004
493	2012	80	CGY	MIN	1	3	60	57	10	18	30	27	0	19289
494	2012	81	CAR	PHO	0	7	56	56	13	11	12	23	1	15848
495	2012	81	CHI	MTL	1	6	49	47	19	11	10	41	1	22081
496	2012	81	DAL	PHI	0	5	61	44	15	11	50	56	2	15061
497	2012	81	COL	STL	1	5	61	48	22	12	18	43	0	15421
498	2012	81	VAN	DET	1	6	65	49	11	11	8	52	0	18890
499	2012	81	SJ	TB	1	9	67	51	23	17	18	40	2	17562
500	2012	82	TOR	BUF	1	5	73	39	24	26	28	58	1	19473
501	2012	82	NYR	NYI	1	6	51	54	15	6	34	54	2	18200
503	2012	82	NSH	CBJ	1	11	69	55	21	13	29	26	6	17113
504	2012	82	WPG	MTL	1	4	61	39	10	22	14	37	1	15004
505	2012	82	CGY	DET	1	5	58	41	17	17	10	24	1	19289
506	2012	82	EDM	MIN	1	5	62	34	22	28	29	32	1	16839
507	2012	82	LA	ANA	1	5	56	49	8	25	28	60	0	18118
508	2012	83	BOS	FLA	1	8	65	44	11	17	24	33	2	17565
509	2012	83	NJ	WSH	1	7	53	47	4	14	14	24	1	14043
510	2012	83	NYI	TOR	0	8	60	40	30	29	18	59	2	12432
511	2012	83	NYR	PHI	1	6	54	37	13	11	36	59	2	18200
512	2012	83	CAR	OTT	1	3	61	53	18	12	8	43	0	14556
513	2012	83	WPG	PIT	0	5	58	52	9	21	28	50	1	15004
514	2012	83	DAL	NSH	1	9	66	40	19	20	16	46	2	15245
515	2012	83	COL	TB	1	3	59	46	16	11	12	45	0	16165
516	2012	83	PHO	STL	0	5	44	43	5	9	24	55	0	12650
517	2012	83	VAN	CGY	0	4	61	47	14	7	16	60	0	18890
518	2012	83	SJ	LA	1	3	64	41	19	16	20	46	1	17562
519	2012	86	MIN	COL	0	6	54	32	16	14	37	27	2	19290
520	2012	86	BUF	WSH	1	6	45	37	11	16	18	45	3	18690
521	2012	86	NYR	NYI	1	3	59	44	14	13	38	62	0	18200
522	2012	86	CAR	NJ	1	6	58	47	11	23	25	42	0	16121
523	2012	86	STL	DAL	1	8	61	45	11	9	22	32	2	18842
524	2012	86	NSH	DET	0	5	54	41	17	12	14	29	0	17113
525	2012	86	CHI	CBJ	1	5	60	43	13	10	10	44	1	21645
526	2012	86	VAN	EDM	1	8	47	34	13	13	43	30	2	18890
527	2012	86	LA	PHO	1	7	64	38	5	43	10	53	0	18118
528	2012	86	SJ	ANA	0	5	61	41	15	23	18	57	0	17562
529	2012	87	PIT	CAR	1	6	70	56	7	7	10	33	1	18600
530	2012	87	CBJ	CGY	0	3	54	46	16	4	28	47	1	16985
532	2012	87	TB	PHI	1	6	48	48	13	12	52	46	1	19204
533	2012	87	FLA	TOR	1	8	58	42	12	4	12	56	3	20406
534	2012	87	DET	STL	1	5	63	50	8	14	24	57	3	20066
535	2012	87	COL	WPG	0	5	59	41	23	7	24	40	1	18007
536	2012	88	NJ	BUF	1	4	46	36	12	14	54	24	1	17625
537	2012	88	WSH	NYR	1	5	55	38	3	20	14	37	0	18506
538	2012	88	NSH	MIN	1	3	60	53	14	18	8	40	0	17113
539	2012	88	CHI	LA	0	2	76	41	27	10	14	50	0	22066
540	2012	88	PHO	BOS	0	3	51	45	16	4	26	56	0	17459
541	2012	88	SJ	VAN	0	5	65	40	11	23	20	54	2	17562
542	2012	89	NYI	CGY	1	4	64	59	26	26	10	44	0	14819
543	2012	89	PIT	PHI	0	6	49	41	5	5	12	57	1	18602
544	2012	89	CAR	TOR	1	7	58	46	19	13	20	31	1	17461
545	2012	89	TB	MTL	1	7	56	35	14	12	12	40	1	19204
546	2012	89	MIN	EDM	1	7	57	57	8	8	72	35	0	19194
547	2012	89	WPG	LA	1	1	58	36	9	20	18	54	0	15004
548	2012	89	DAL	CBJ	0	5	66	47	13	16	14	41	0	16555
549	2012	89	COL	PHO	1	5	62	36	23	11	18	47	0	17389
550	2012	89	ANA	VAN	0	7	63	45	13	28	14	41	0	17544
551	2012	90	WSH	BUF	1	4	47	52	15	16	26	44	1	18506
553	2012	90	FLA	NYR	0	5	53	38	16	8	35	79	0	20238
554	2012	90	STL	NSH	0	3	70	43	14	4	12	32	0	19150
555	2012	90	CHI	DET	1	5	56	46	13	15	22	46	0	22166
556	2012	91	NJ	PIT	1	4	51	34	9	9	20	21	2	17625
557	2012	91	NYI	EDM	1	5	58	41	25	32	24	48	2	13807
558	2012	91	TB	CAR	1	7	58	50	15	15	22	31	3	19204
559	2012	91	FLA	MTL	1	5	63	47	10	4	36	66	1	20098
560	2012	91	MIN	PHO	0	6	60	56	4	5	8	36	1	19297
561	2012	91	BUF	OTT	0	5	74	52	20	14	52	43	1	18690
562	2012	91	WPG	TOR	1	5	59	40	9	15	18	46	3	15004
563	2012	91	DET	STL	1	3	62	33	16	9	24	41	0	20066
564	2012	91	CBJ	WSH	0	6	63	58	10	7	12	65	1	18199
565	2012	91	DAL	BOS	1	6	47	41	15	16	26	51	2	18532
566	2012	91	ANA	COL	0	6	46	52	5	15	18	48	1	15119
567	2012	91	LA	VAN	1	5	61	47	7	19	46	52	1	18118
568	2012	92	NSH	CGY	1	8	47	52	19	24	8	30	0	17113
569	2012	93	PHI	NYR	0	5	69	62	13	9	22	91	0	46967
571	2012	93	CHI	EDM	0	7	72	38	17	17	29	33	2	21216
572	2012	93	VAN	SJ	0	5	64	48	17	17	22	34	1	18890
573	2012	93	LA	COL	0	3	53	46	10	27	18	75	0	18118
574	2012	94	BUF	EDM	1	7	59	37	12	18	8	39	1	18690
575	2012	94	TOR	TB	1	10	66	46	15	21	62	62	2	19425
576	2012	94	WSH	CGY	1	4	40	44	18	15	14	52	2	18506
577	2012	94	CAR	NYI	0	7	76	64	18	12	6	44	2	13828
578	2012	94	STL	PHO	1	5	66	56	7	10	12	38	2	18112
579	2012	94	DAL	DET	0	9	60	53	15	9	2	48	0	15182
580	2012	95	MTL	WPG	1	10	58	49	13	22	24	43	1	21273
581	2012	95	NJ	BOS	0	7	58	33	13	24	32	42	2	15832
582	2012	95	VAN	MIN	1	3	63	47	18	15	16	49	0	18890
583	2012	95	ANA	SJ	0	4	63	36	9	14	16	35	0	14596
584	2012	96	BOS	CGY	1	9	67	45	5	12	8	33	1	17565
585	2012	96	TOR	WPG	1	4	49	47	28	22	8	69	1	19514
586	2012	96	NYR	FLA	1	5	62	54	17	8	4	80	1	18200
587	2012	96	PHI	CHI	1	9	80	45	16	6	18	46	1	19877
589	2012	96	STL	EDM	1	7	69	46	21	9	41	29	4	18428
590	2012	96	NSH	DAL	0	5	55	38	17	19	28	35	0	17113
591	2012	96	LA	PHO	1	1	50	49	10	16	4	56	0	18118
592	2012	96	SJ	CBJ	1	3	63	46	21	32	14	58	1	17562
593	2012	97	NJ	FLA	1	7	53	52	9	17	10	60	0	15793
594	2012	97	PIT	NYR	0	4	59	53	4	7	12	57	0	18590
595	2012	97	CAR	BUF	1	6	68	52	19	22	16	34	2	16095
596	2012	97	CHI	COL	0	4	49	57	19	13	18	55	0	21807
597	2012	97	ANA	NYI	1	6	41	50	10	25	10	56	0	13892
598	2012	98	BOS	VAN	0	7	75	43	12	6	107	41	4	17565
599	2012	98	PHI	OTT	1	5	76	45	12	16	32	48	2	19792
600	2012	98	DAL	EDM	1	5	60	43	17	17	16	50	0	16122
601	2012	98	LA	CBJ	0	1	49	30	5	18	42	52	0	18118
602	2012	98	BUF	WPG	0	3	73	36	10	25	16	42	2	18690
603	2012	98	TOR	DET	1	7	58	40	17	23	4	53	1	19536
605	2012	98	PIT	NJ	0	4	69	48	1	5	10	46	1	18594
606	2012	98	STL	COL	1	4	54	39	16	7	46	54	2	19150
607	2012	98	NSH	CAR	1	7	65	49	20	15	14	18	5	17113
608	2012	98	PHO	NYI	1	6	57	39	10	9	10	53	1	13350
609	2012	98	CGY	MIN	1	4	64	51	16	18	12	38	1	19289
610	2012	98	SJ	WSH	1	7	69	69	18	22	12	53	2	17562
612	2012	99	CHI	DET	0	5	58	41	27	12	12	66	2	21858
613	2012	99	ANA	CBJ	1	11	45	40	12	18	69	28	3	13053
614	2012	100	FLA	VAN	1	3	48	45	9	8	16	46	1	16712
615	2012	100	LA	WSH	1	7	57	70	10	20	36	57	1	18118
616	2012	101	BOS	WPG	1	8	74	46	10	5	24	38	1	17565
617	2012	101	TOR	BUF	1	2	60	38	23	26	16	78	1	19431
618	2012	101	NYI	DET	1	6	54	42	33	18	12	32	1	12864
619	2012	101	NYR	PHO	1	3	51	44	21	14	16	68	0	18200
620	2012	101	PIT	OTT	0	6	53	55	6	11	16	51	1	18603
621	2012	101	CAR	PHI	0	3	73	50	20	12	18	41	1	14511
623	2012	101	TB	VAN	0	9	59	55	19	15	14	54	0	17630
624	2012	101	MIN	SJ	1	9	69	59	9	12	14	33	1	18986
625	2012	101	CHI	CBJ	1	7	59	29	21	12	62	47	0	21229
626	2012	101	COL	NSH	0	5	59	53	29	7	12	34	2	14417
627	2012	101	CGY	NJ	1	9	52	47	20	20	36	30	2	19289
628	2012	101	ANA	DAL	1	7	54	42	14	24	12	48	0	12152
629	2012	102	WSH	PIT	1	1	51	42	15	15	14	79	0	18506
630	2012	102	EDM	NJ	0	3	48	39	16	31	14	25	2	16839
631	2012	103	BOS	MTL	1	3	64	36	13	15	18	60	1	17565
632	2012	103	NYI	PHI	0	5	57	47	20	24	14	54	1	11751
633	2012	103	NYR	OTT	0	3	58	45	9	6	20	58	1	18200
634	2012	103	TB	CAR	0	7	68	48	12	15	16	50	0	16553
635	2012	103	DET	PHO	1	5	69	39	13	21	6	55	0	20066
636	2012	103	STL	VAN	0	5	54	32	17	8	38	41	1	18231
637	2012	103	NSH	COL	1	5	64	38	15	16	18	31	0	16905
638	2012	103	WPG	SJ	0	2	61	49	11	14	12	47	0	15004
639	2012	103	CHI	MIN	1	7	53	46	16	9	8	59	2	21490
640	2012	103	CGY	ANA	1	1	42	39	22	37	6	32	0	19289
641	2012	103	LA	DAL	0	9	79	38	11	28	64	76	4	18118
642	2012	104	WSH	TB	1	7	51	47	17	12	30	58	3	18506
643	2012	104	CBJ	PHO	1	7	67	51	9	6	4	48	0	14119
644	2012	104	BUF	TOR	1	5	51	46	6	23	10	41	0	18690
645	2012	104	FLA	PIT	0	5	67	52	13	7	30	60	0	18658
646	2012	104	EDM	ANA	0	5	61	45	14	28	20	34	2	16839
647	2012	105	DET	CHI	1	5	70	55	8	17	8	45	1	20066
648	2012	105	DAL	COL	0	3	45	47	13	17	16	62	1	15838
649	2012	105	TOR	NYR	0	3	50	46	15	39	6	87	0	19617
651	2012	105	NYI	BUF	1	6	65	41	16	24	16	42	0	13848
652	2012	105	CAR	BOS	1	6	56	45	19	13	8	32	0	18680
653	2012	105	WPG	NJ	0	3	48	45	2	15	18	69	0	15004
654	2012	105	CBJ	SJ	0	3	59	37	9	5	44	46	1	16582
655	2012	105	STL	MIN	1	5	80	54	20	6	66	52	2	19150
656	2012	105	NSH	PHI	1	6	63	51	19	11	10	35	1	17113
657	2012	105	CGY	LA	0	5	54	41	18	16	14	31	2	19289
658	2012	106	TB	PIT	0	9	64	59	18	13	56	53	3	19204
659	2012	106	WSH	CAR	1	3	68	53	11	16	18	57	1	18506
661	2012	106	CHI	SJ	1	7	64	51	19	10	18	51	0	21645
662	2012	106	EDM	LA	1	3	54	34	16	26	22	46	2	16839
663	2012	106	VAN	ANA	0	6	57	54	16	13	12	31	2	18890
664	2012	107	NYI	NSH	0	4	69	49	28	32	8	52	0	10755
665	2012	107	PHO	COL	1	7	72	45	7	9	16	69	1	12757
667	2012	107	FLA	BOS	0	5	75	43	14	14	20	54	1	19018
668	2012	107	DET	BUF	1	5	53	51	9	16	18	47	0	20066
669	2012	107	STL	DAL	1	1	54	48	13	9	28	42	0	18036
670	2012	108	TOR	OTT	0	5	60	50	24	39	26	63	0	19615
671	2012	108	NJ	WPG	1	6	41	49	9	16	10	58	1	14129
672	2012	108	NYR	NSH	1	3	55	48	11	9	10	63	0	18200
673	2012	108	PHI	MIN	1	6	60	50	11	10	14	57	2	19787
674	2012	108	PIT	CAR	1	3	67	38	6	11	28	46	0	18535
675	2012	108	WSH	NYI	0	3	45	29	17	14	18	33	2	18506
676	2012	108	CBJ	EDM	1	6	48	42	5	13	8	56	2	13814
677	2012	108	TB	BOS	1	8	60	50	9	16	18	41	0	19204
678	2012	108	DAL	DET	0	5	59	54	16	19	10	38	1	15148
679	2012	108	VAN	LA	0	5	74	52	20	16	22	64	2	18890
680	2012	108	SJ	CGY	1	3	59	51	14	21	8	49	0	17562
682	2012	109	CHI	BUF	1	8	62	38	17	6	16	33	3	21114
683	2012	109	COL	FLA	1	7	73	45	21	9	10	24	2	13465
684	2012	109	ANA	PHO	1	8	48	35	8	14	8	46	1	12281
685	2012	110	TOR	MIN	1	5	54	36	11	27	16	73	1	19421
686	2012	110	NJ	BOS	0	5	56	59	8	9	14	31	1	14941
687	2012	110	NYR	PIT	0	5	67	57	10	15	32	69	0	18200
688	2012	110	PHI	NYI	0	5	68	45	15	15	32	54	1	19796
689	2012	110	CBJ	NSH	0	3	63	49	7	10	10	53	1	17233
690	2012	110	STL	EDM	1	1	53	43	10	9	28	45	0	17432
691	2012	110	WPG	BUF	1	5	59	38	7	18	24	35	2	15004
692	2012	110	PHO	DET	0	5	68	43	13	6	16	55	0	15067
693	2012	110	LA	CGY	0	3	57	49	9	21	18	74	1	18118
694	2012	110	SJ	OTT	0	5	58	50	16	27	18	36	1	17562
695	2012	111	PIT	MTL	1	9	67	45	7	8	40	46	1	18588
696	2012	111	CAR	WSH	1	3	56	47	17	14	20	41	2	17507
697	2012	111	CHI	FLA	1	4	41	46	18	14	14	56	2	21555
698	2012	111	DAL	TB	0	3	50	53	10	16	24	39	0	14836
699	2012	112	BOS	NYR	0	5	67	46	15	20	41	39	1	17565
700	2012	112	NJ	PHI	0	5	51	41	7	6	76	43	2	16251
701	2012	112	VAN	SJ	1	7	56	48	10	20	18	62	1	18890
702	2012	112	TOR	MTL	0	4	56	49	6	22	12	60	0	19643
703	2012	112	NYI	CAR	1	3	73	38	15	34	10	47	0	13622
704	2012	112	DET	CBJ	1	5	50	46	9	15	27	40	2	20066
705	2012	112	ANA	OTT	1	3	61	39	15	13	10	49	0	15500
706	2012	112	WPG	FLA	0	7	67	52	12	26	16	54	1	15004
707	2012	112	STL	BUF	1	6	48	49	13	6	32	32	2	19150
708	2012	112	NSH	CHI	1	7	45	57	19	9	6	32	1	17113
709	2012	112	PHO	TB	0	7	57	59	8	19	12	47	1	12714
710	2012	112	MIN	DAL	1	7	51	53	8	6	20	40	1	19213
711	2012	112	EDM	CGY	0	8	46	32	16	26	14	35	1	16839
712	2012	112	LA	COL	0	4	57	52	8	16	14	60	1	18118
713	2012	113	PHI	BOS	0	11	75	59	14	17	66	63	4	19851
714	2012	113	PIT	WSH	1	7	47	47	5	6	32	50	1	18565
715	2012	113	ANA	COL	1	5	63	43	10	15	22	75	2	14004
716	2012	114	TOR	NYI	1	3	60	48	30	28	4	68	0	19570
717	2012	114	CAR	WPG	1	3	46	45	18	14	10	40	0	16045
718	2012	114	DET	STL	1	4	50	31	9	9	60	60	2	20066
719	2012	114	NSH	CBJ	1	5	55	46	20	13	10	37	2	14310
720	2012	114	EDM	SJ	1	3	63	63	15	21	17	29	1	16839
721	2012	114	LA	OTT	1	5	62	38	2	17	30	58	2	18118
722	2012	115	NJ	BUF	0	3	42	43	10	21	6	24	1	13735
723	2012	115	NYI	TOR	0	7	53	49	30	24	8	56	0	10888
724	2012	115	NYR	WPG	1	3	53	41	8	11	32	66	0	18200
725	2012	115	WSH	BOS	1	8	55	51	20	22	10	46	1	18506
726	2012	115	TB	CBJ	1	6	55	34	12	15	10	36	1	16859
727	2012	115	FLA	PHI	0	5	62	46	14	7	10	65	2	17737
728	2012	115	STL	PIT	0	5	73	47	12	8	18	59	1	18471
729	2012	115	CHI	NSH	0	4	51	52	17	15	22	40	2	21279
730	2012	115	DAL	ANA	1	1	43	49	13	15	18	34	0	12141
731	2012	115	COL	MIN	0	5	60	54	25	9	26	53	1	16291
732	2012	115	CGY	SJ	0	1	52	39	13	20	8	21	0	19289
733	2012	115	PHO	OTT	1	5	60	43	14	11	26	47	0	8061
734	2012	115	VAN	EDM	1	5	67	45	21	14	6	42	1	18890
736	2012	122	BOS	OTT	1	7	63	54	7	6	28	52	2	17565
737	2012	122	NJ	NYR	1	7	55	36	9	10	10	45	1	17625
738	2012	122	PHI	WPG	0	3	52	53	8	11	16	60	1	19874
739	2012	122	PIT	TOR	1	9	74	52	9	8	12	48	1	18550
740	2012	122	CAR	NYI	0	7	49	40	10	6	12	38	3	15575
742	2012	122	TB	WSH	1	7	60	44	9	9	6	39	0	17754
743	2012	122	MIN	NSH	0	9	55	66	7	12	8	29	1	17325
744	2012	122	CGY	DET	0	4	54	40	18	25	28	27	1	19289
745	2012	122	PHO	ANA	0	5	56	36	13	10	12	42	1	10579
746	2012	122	EDM	COL	1	5	56	41	18	32	8	49	1	16839
747	2012	122	VAN	CHI	1	5	72	57	19	16	4	49	0	18890
748	2012	122	SJ	CBJ	1	6	73	66	18	22	92	58	1	17562
749	2012	123	BUF	NYR	0	1	63	47	12	20	18	42	0	18690
750	2012	123	TOR	PIT	1	1	49	36	15	25	12	79	0	19542
751	2012	123	FLA	WSH	1	6	66	41	12	7	12	61	1	15231
752	2012	123	ANA	DAL	0	8	61	42	7	18	12	59	1	12701
753	2012	123	LA	CBJ	1	5	55	34	12	24	12	55	2	18118
754	2012	124	BOS	CAR	0	3	78	45	10	15	12	52	0	17565
755	2012	124	NJ	MTL	1	8	52	47	14	19	14	64	1	13283
756	2012	124	PHI	NSH	1	5	55	41	5	13	20	49	1	19823
757	2012	124	TB	WPG	0	3	55	40	15	13	8	44	0	16923
758	2012	124	COL	MIN	0	1	58	60	15	5	32	43	0	14186
759	2012	124	EDM	CHI	1	12	88	48	12	32	18	23	1	16839
760	2012	124	VAN	DET	0	7	68	47	18	16	30	45	0	18890
761	2012	124	SJ	DAL	1	7	58	42	12	21	18	50	3	17562
763	2012	125	FLA	WPG	1	3	51	56	14	3	18	48	1	16773
764	2012	125	STL	LA	1	1	55	38	13	7	4	54	0	18811
765	2012	125	CGY	CHI	1	4	59	41	21	25	14	33	1	19289
766	2012	125	ANA	CBJ	0	5	56	38	10	21	26	68	2	13358
767	2012	126	BOS	PIT	0	3	57	50	10	8	14	45	1	17565
768	2012	126	PHI	NJ	0	10	72	31	7	13	50	70	4	19862
769	2012	126	MTL	WSH	0	3	53	47	9	21	8	47	0	21273
770	2012	126	COL	VAN	0	5	75	49	20	13	32	29	1	17024
772	2012	126	NYI	BUF	0	7	75	64	9	12	14	37	0	14618
773	2012	126	CAR	LA	1	3	47	39	18	10	20	51	1	18680
774	2012	126	TB	FLA	1	9	54	42	18	15	12	45	1	19204
775	2012	126	NSH	STL	1	4	80	40	12	13	18	40	1	17113
776	2012	126	DAL	MIN	1	3	60	47	8	13	10	51	1	18532
777	2012	126	PHO	SJ	1	8	59	45	5	8	10	57	1	12979
778	2012	126	EDM	DET	1	9	71	59	15	32	28	24	2	16839
779	2012	127	WSH	BOS	0	5	66	56	17	17	18	36	0	18506
780	2012	127	NJ	PIT	1	7	55	57	13	5	10	26	2	14707
781	2012	127	NYR	PHI	1	7	61	43	11	15	72	54	1	18200
783	2012	128	TOR	EDM	1	9	61	64	33	28	0	62	0	19581
784	2012	128	PHO	DET	1	4	54	35	19	8	16	46	2	12687
785	2012	128	ANA	CGY	1	5	59	46	12	25	33	74	1	12096
786	2012	129	NYR	NJ	0	1	52	31	13	13	34	76	1	18200
787	2012	129	PHI	NYI	0	1	63	51	22	17	12	61	0	19614
788	2012	129	WSH	FLA	1	4	66	45	17	18	10	50	1	18506
789	2012	129	CBJ	MIN	1	4	66	36	13	9	28	49	1	11237
792	2012	129	TB	LA	0	4	45	41	15	10	10	39	0	16489
793	2012	129	NSH	VAN	0	7	71	48	17	19	10	32	1	16232
794	2012	129	WPG	TOR	1	3	47	42	6	19	18	45	0	15004
795	2012	129	DAL	PHO	0	5	53	41	12	19	10	43	0	11162
796	2012	129	COL	CHI	1	7	60	53	18	7	6	34	0	16553
797	2012	130	BUF	BOS	1	6	65	59	11	9	90	38	0	18690
798	2012	130	DET	EDM	1	6	47	41	17	9	30	41	2	20066
799	2012	130	ANA	CAR	1	5	67	52	10	18	6	72	0	12675
800	2012	130	SJ	CGY	0	7	73	62	16	24	22	47	2	17562
801	2012	131	NJ	STL	0	7	53	45	12	12	21	37	1	15021
802	2012	131	NYI	MTL	0	6	65	60	10	16	6	52	2	12312
803	2012	131	NYR	TB	1	7	48	44	5	13	14	50	2	18200
804	2012	131	PHI	TOR	1	7	66	38	12	16	36	60	1	19684
805	2012	131	WSH	WPG	0	5	61	44	11	12	18	41	4	18506
806	2012	131	CBJ	DAL	0	6	63	44	17	8	12	46	2	15943
808	2012	131	FLA	LA	1	4	46	44	14	9	8	60	0	14929
809	2012	131	MIN	VAN	0	7	44	48	12	22	69	44	2	17859
810	2012	131	PHO	CGY	1	3	59	36	5	10	30	59	1	10048
811	2012	133	PIT	WPG	1	13	64	59	6	5	8	53	2	18602
812	2012	132	BUF	DAL	1	5	58	56	20	15	12	45	2	18690
813	2012	132	DET	ANA	1	3	54	45	10	12	24	37	0	20066
814	2012	132	COL	CAR	1	7	75	45	29	9	6	46	0	16854
815	2012	132	SJ	CHI	1	8	60	51	19	29	46	43	3	17562
816	2012	133	BOS	NSH	1	7	63	51	13	13	10	25	2	17565
817	2012	133	NJ	FLA	0	4	48	47	17	4	8	28	1	14938
818	2012	133	NYI	LA	1	3	60	47	26	24	8	89	0	13079
819	2012	133	PHI	NYR	0	7	59	36	7	16	110	70	3	19915
821	2012	133	BUF	TB	0	3	55	48	15	12	8	23	0	18690
822	2012	133	TOR	MTL	0	5	50	61	14	26	14	61	1	19685
823	2012	133	STL	COL	1	5	63	53	5	3	14	50	3	19150
824	2012	133	MIN	CBJ	0	4	54	44	15	5	14	37	1	18958
825	2012	133	PHO	CHI	1	3	65	38	18	6	22	59	0	17353
826	2012	133	CGY	VAN	1	5	49	47	7	22	40	25	0	19289
827	2012	134	NYI	FLA	0	5	46	44	23	7	6	47	1	14179
828	2012	134	NYR	WSH	1	5	54	44	14	14	8	57	0	18200
829	2012	134	DET	PHI	1	7	54	39	10	10	18	36	2	20066
830	2012	134	CBJ	ANA	0	8	62	47	13	5	36	27	5	14033
831	2012	134	DAL	LA	0	6	44	36	9	11	18	54	1	12191
832	2012	134	PIT	TB	1	6	64	60	7	15	10	40	1	18506
833	2012	134	STL	SJ	1	3	53	36	13	7	30	31	2	18447
834	2012	135	WSH	SJ	0	8	77	49	16	24	30	29	3	18506
836	2012	150	PHO	VAN	1	3	75	56	16	9	18	79	1	16691
837	2012	136	BOS	NYR	0	3	62	67	12	10	12	63	1	17565
838	2012	136	BUF	NJ	0	5	61	37	12	19	18	31	2	18690
839	2012	136	CBJ	STL	1	3	65	46	11	7	24	49	1	12425
840	2012	136	TB	OTT	0	4	55	51	17	13	8	46	1	17488
841	2012	136	DET	DAL	1	4	58	38	7	11	28	37	1	20066
842	2012	136	NSH	CHI	1	5	51	44	22	7	12	35	0	16592
843	2012	136	MIN	ANA	0	3	43	32	9	16	26	29	1	17552
844	2012	136	WPG	NYI	0	4	63	50	10	21	16	33	1	15004
845	2012	136	CGY	TOR	1	6	76	53	18	36	10	34	0	19289
846	2012	137	PIT	ANA	0	3	55	40	7	4	8	44	0	18482
848	2012	137	FLA	OTT	0	8	75	40	18	8	34	62	2	14038
849	2012	137	EDM	TOR	0	7	58	47	14	43	20	45	1	16839
850	2012	137	VAN	COL	1	4	61	47	17	11	16	64	0	18890
851	2012	138	NYR	CHI	0	6	46	35	9	5	22	46	0	18200
852	2012	138	PHI	BUF	1	9	64	57	10	7	30	55	2	19725
853	2012	138	TB	SJ	1	11	75	60	13	14	8	48	2	16819
854	2012	138	STL	NYI	1	6	53	34	9	4	16	34	2	18434
855	2012	138	MIN	WPG	0	7	52	54	17	13	28	33	1	19060
856	2012	138	DAL	CGY	1	5	59	52	11	12	16	52	1	11839
857	2012	138	LA	PHO	0	1	49	28	8	23	62	67	1	18118
858	2012	139	NJ	ANA	1	5	65	45	16	12	18	47	0	15312
859	2012	139	CAR	SJ	1	5	62	63	14	10	10	40	1	18680
860	2012	139	BUF	MTL	0	7	49	50	11	17	14	27	1	18690
861	2012	139	FLA	WSH	0	3	64	41	11	9	18	71	1	17779
862	2012	139	DET	NSH	1	3	52	58	13	10	6	45	0	20066
863	2012	139	WPG	BOS	1	6	58	52	7	13	12	53	0	15004
864	2012	139	EDM	COL	0	4	50	44	13	28	16	28	1	16839
865	2012	140	PHI	PIT	0	10	61	43	11	21	44	76	1	19958
866	2012	140	CBJ	CHI	0	7	62	43	17	8	46	37	0	18663
867	2012	140	STL	MIN	1	4	47	50	11	3	43	43	1	19150
868	2012	140	NYI	CAR	1	7	67	44	22	23	28	52	1	11818
869	2012	140	TB	WSH	1	3	47	49	16	15	12	54	0	19204
870	2012	140	VAN	TOR	1	8	62	50	17	13	8	50	1	18890
871	2012	140	PHO	DAL	1	3	64	33	13	8	18	57	1	16604
872	2012	140	LA	CGY	0	1	46	45	4	19	8	63	0	18118
873	2012	141	BUF	PIT	1	8	50	36	14	17	26	38	1	18690
874	2012	141	DET	SJ	1	5	61	50	7	21	24	38	1	20066
875	2012	141	CHI	STL	1	4	57	43	12	11	42	56	0	22077
876	2012	141	MIN	BOS	1	2	77	65	10	5	14	38	1	19198
878	2012	141	FLA	ANA	0	2	58	39	18	6	22	49	0	15945
879	2012	141	NYR	CBJ	1	5	58	43	12	10	12	44	1	18200
880	2012	141	DAL	NSH	0	5	45	48	12	14	6	62	1	11865
881	2012	141	EDM	VAN	0	7	59	37	25	41	12	34	1	16839
882	2012	141	WPG	COL	1	6	57	32	10	22	32	78	3	15004
883	2012	142	NYI	OTT	0	6	60	47	21	27	44	46	2	15818
884	2012	142	CAR	WSH	1	5	57	54	24	13	36	40	1	16837
885	2012	143	BUF	NYI	1	3	68	52	17	14	18	29	0	18690
886	2012	143	TOR	NJ	0	7	64	53	13	27	20	63	0	19426
887	2012	143	PIT	NYR	1	2	58	43	9	7	18	48	1	18580
888	2012	143	CBJ	SJ	1	9	76	45	9	9	32	32	4	14625
890	2012	143	TB	ANA	1	5	46	49	19	17	8	41	1	18309
891	2012	143	NSH	VAN	1	4	61	49	19	16	14	27	1	16769
892	2012	143	WPG	PHI	0	9	81	56	13	18	16	61	4	15004
893	2012	143	CHI	DET	1	3	61	42	19	14	12	38	1	22027
894	2012	143	CGY	EDM	0	7	64	49	20	30	8	32	1	19289
895	2012	143	PHO	LA	1	9	58	42	21	7	28	71	4	10842
897	2012	144	STL	BOS	0	6	51	54	11	5	14	48	0	18460
898	2012	144	COL	LA	1	5	60	36	14	14	32	33	0	15907
899	2012	145	TOR	SJ	0	3	55	50	23	34	14	50	1	19493
900	2012	145	CAR	ANA	0	5	69	50	30	10	14	27	2	16564
901	2012	145	FLA	MIN	0	5	71	43	17	2	12	72	2	13892
902	2012	145	DET	VAN	0	7	79	51	21	13	18	36	0	20066
903	2012	145	NSH	STL	0	5	51	53	20	18	4	48	0	16828
904	2012	145	WPG	TB	1	7	59	48	11	31	24	60	4	15004
905	2012	145	CHI	DAL	0	4	52	54	15	12	2	56	0	21659
906	2012	145	CGY	PHO	0	7	53	46	15	28	10	26	1	19289
907	2012	145	EDM	PHI	1	2	65	45	17	27	24	32	1	16839
908	2012	146	NJ	VAN	0	3	47	55	12	15	6	51	0	16480
909	2012	146	NYI	NYR	1	7	63	59	18	27	30	61	3	16250
910	2012	146	WSH	MTL	1	5	55	47	9	21	20	53	0	18506
911	2012	146	CBJ	COL	0	5	53	43	18	10	20	51	0	16925
912	2012	146	BUF	BOS	1	3	63	46	6	17	8	40	1	18690
913	2012	146	DAL	MIN	1	5	54	45	16	21	14	42	1	13144
914	2012	147	PIT	TB	1	9	69	50	3	6	40	60	3	18596
915	2012	147	WPG	STL	0	5	57	47	12	10	4	57	0	15004
916	2012	147	EDM	PHO	0	4	42	49	16	52	14	39	0	16839
917	2012	147	LA	CHI	1	4	49	44	5	26	28	59	2	18118
918	2012	147	TOR	WSH	0	6	66	57	15	26	14	68	0	19577
920	2012	147	NYR	BUF	1	5	48	50	6	12	22	45	1	18200
921	2012	147	CAR	FLA	0	5	72	55	27	10	12	47	1	18680
922	2012	147	DET	COL	0	7	58	41	12	10	20	52	1	20066
923	2012	147	NSH	SJ	1	8	55	49	14	16	22	25	1	17113
924	2012	147	CGY	PHI	0	9	66	44	17	26	28	38	2	19289
925	2012	148	NJ	TB	0	7	38	40	7	17	14	42	2	15981
926	2012	148	PIT	CBJ	1	6	64	52	4	9	14	48	2	18602
927	2012	148	DAL	VAN	1	5	54	46	11	10	8	44	1	18010
929	2012	148	FLA	MTL	1	6	52	46	6	7	36	68	2	18108
930	2012	148	MIN	SJ	1	7	54	43	12	3	14	37	2	17401
931	2012	148	ANA	CHI	1	4	57	45	8	18	16	47	2	17601
932	2012	149	NYR	NJ	1	2	28	40	12	16	44	61	0	18200
933	2012	149	NSH	LA	1	3	59	40	14	18	4	44	0	15665
934	2012	149	WPG	EDM	0	8	57	54	14	16	16	50	4	15004
935	2012	149	COL	ANA	1	5	51	51	10	3	8	26	1	15133
936	2012	149	CGY	STL	0	4	45	37	13	16	26	41	2	19289
937	2012	150	BOS	OTT	0	1	70	54	8	13	14	39	1	17565
938	2012	150	TOR	FLA	0	8	54	45	13	20	18	65	4	19420
939	2012	150	WSH	NYI	1	5	58	40	16	25	14	44	0	18506
940	2012	150	CAR	NSH	1	7	62	46	14	10	12	36	2	13595
941	2012	150	CBJ	DET	0	7	55	47	14	8	22	35	2	14333
942	2012	150	TB	MTL	1	3	46	46	6	18	49	47	0	18878
943	2012	150	MIN	LA	0	4	41	44	9	11	26	38	0	17317
944	2012	135	VAN	PHO	1	3	46	48	9	12	14	48	0	18890
945	2012	150	SJ	PHI	1	1	49	57	13	17	6	57	0	17562
946	2012	151	DAL	PIT	0	7	62	56	12	15	22	70	0	17455
947	2012	151	CHI	TOR	1	9	69	47	13	12	24	42	1	21244
948	2012	151	EDM	STL	0	7	55	41	13	35	37	38	1	16839
949	2012	151	ANA	BUF	0	2	67	45	12	17	106	51	1	14972
950	2012	152	BOS	NJ	1	7	56	44	7	23	22	42	0	17565
952	2012	152	PHI	NYI	1	9	54	45	14	12	6	55	1	19674
953	2012	152	CAR	NYR	0	5	48	52	17	9	20	35	1	14523
954	2012	152	WPG	FLA	1	7	65	35	3	17	26	57	1	15004
955	2012	152	COL	CBJ	0	2	61	48	15	17	22	48	1	13236
956	2012	152	PHO	CGY	0	6	62	48	9	12	28	61	2	10989
957	2012	152	VAN	STL	1	2	53	47	6	15	8	61	0	18890
958	2012	152	SJ	BUF	0	1	58	47	17	19	10	38	0	17562
959	2012	153	WSH	NJ	0	5	43	41	18	14	8	64	1	18506
961	2012	153	TB	NYR	1	7	50	41	12	14	16	54	1	19204
962	2012	153	DET	MIN	1	6	54	44	8	12	22	51	0	20066
963	2012	153	EDM	DAL	0	4	35	50	15	29	4	35	0	16839
964	2012	153	ANA	CGY	1	5	67	53	7	15	36	67	1	16431
965	2012	154	BOS	NYI	0	5	59	63	7	12	16	41	2	17565
967	2012	154	CAR	TB	0	7	51	42	18	9	12	42	2	17116
968	2012	154	FLA	NSH	0	4	63	53	19	5	8	44	0	15904
969	2012	154	PHO	CBJ	0	7	58	33	16	13	26	48	1	13579
970	2012	154	COL	PIT	0	6	64	38	19	13	30	52	0	18007
971	2012	154	VAN	BUF	0	8	60	40	15	20	12	41	0	18890
972	2012	154	LA	ANA	1	6	51	38	11	21	26	60	2	18301
973	2012	154	SJ	STL	0	4	51	40	4	19	14	55	2	17562
974	2012	155	NYI	NJ	1	1	49	33	16	17	16	43	0	16250
975	2012	155	NYR	BOS	1	7	50	55	9	17	38	48	0	18200
976	2012	155	DET	CHI	0	3	42	39	15	14	22	40	1	20066
977	2012	155	FLA	OTT	1	6	53	40	10	3	14	73	1	15811
978	2012	155	CGY	DAL	0	5	78	67	19	19	24	37	1	19289
979	2012	155	WSH	PHI	0	1	57	44	28	16	12	66	0	18506
980	2012	155	MIN	COL	0	2	66	42	16	11	10	33	1	17354
981	2012	156	PIT	PHO	1	3	65	54	4	10	22	52	0	18540
982	2012	156	WPG	BUF	1	4	55	46	10	23	12	54	0	15004
983	2012	156	ANA	EDM	1	6	66	49	15	17	10	65	2	13596
984	2012	157	TOR	BOS	0	9	62	37	6	20	38	75	2	19684
985	2012	157	NJ	NYR	1	5	55	47	14	7	30	30	0	17625
986	2012	157	PHI	DET	1	5	62	45	10	18	22	45	0	19892
987	2012	157	WSH	CAR	0	7	85	65	20	17	20	44	0	18506
988	2012	157	CBJ	PHO	1	5	72	41	17	13	30	39	0	10915
989	2012	157	TB	OTT	0	10	63	57	16	14	20	48	3	18967
990	2012	157	STL	CHI	1	6	51	47	14	6	24	38	1	19150
991	2012	157	NSH	LA	0	9	54	53	13	22	22	35	0	17113
992	2012	157	COL	MIN	1	8	61	51	21	16	46	37	1	13385
993	2012	157	CGY	MTL	1	9	62	53	13	18	12	32	1	19289
994	2012	157	VAN	DAL	0	7	60	52	13	12	18	57	1	18890
995	2012	157	SJ	EDM	0	5	56	56	22	26	6	38	0	17562
996	2012	158	BUF	CAR	1	5	66	40	4	14	20	30	2	18690
997	2012	158	PIT	TOR	1	5	57	46	7	9	16	58	0	18539
998	2012	159	BOS	BUF	1	4	48	54	14	15	4	53	0	17565
999	2012	159	NJ	NYI	1	6	50	42	11	13	10	47	1	14573
1000	2012	159	PHI	FLA	1	5	63	36	11	17	42	39	2	19675
1001	2012	159	WSH	TB	1	5	58	50	20	24	10	54	2	18506
1002	2012	159	CBJ	LA	1	4	66	42	16	6	16	61	0	14306
1004	2012	159	STL	ANA	1	4	52	36	7	7	14	39	2	19150
1005	2012	159	NSH	COL	1	6	48	58	15	21	18	34	0	17113
1006	2012	159	DAL	SJ	1	7	83	52	8	11	10	57	0	16812
1007	2012	159	PHO	MIN	0	5	65	46	10	7	20	66	0	11716
1008	2012	159	EDM	MTL	0	8	58	52	21	37	16	35	3	16839
1009	2012	159	VAN	WPG	1	5	77	44	14	12	8	42	0	18890
1010	2012	160	PIT	FLA	1	3	63	42	9	9	10	59	0	18606
1011	2012	160	DET	LA	1	7	39	42	12	9	14	48	1	20066
1012	2012	160	CHI	NYR	1	7	47	45	13	16	16	60	0	22049
1013	2012	160	CGY	WPG	1	8	72	61	22	18	14	38	3	19289
1014	2012	161	BOS	WSH	0	7	63	45	4	4	14	46	1	17565
1015	2012	161	COL	EDM	1	5	62	47	20	22	8	44	0	15683
1016	2012	161	TOR	PHI	0	1	56	43	18	32	20	92	0	19559
1018	2012	161	NYI	NJ	0	3	59	33	24	20	12	45	1	16250
1019	2012	161	TB	CAR	0	6	64	49	8	16	24	47	1	18554
1020	2012	161	STL	CBJ	1	5	51	38	8	3	58	35	2	19150
1021	2012	161	NSH	DET	1	5	57	49	18	15	16	33	2	17113
1022	2012	161	DAL	ANA	1	2	44	34	18	10	22	44	1	18228
1023	2012	161	PHO	SJ	1	3	71	38	11	5	8	63	0	14994
1024	2012	161	VAN	MTL	0	5	68	48	15	15	44	50	1	18890
1025	2012	162	WSH	TOR	1	2	46	35	16	19	2	55	0	18506
1026	2012	162	FLA	CAR	1	2	67	47	14	8	14	51	0	15081
1027	2012	162	CBJ	STL	0	3	60	35	11	11	38	57	0	14969
1028	2012	162	MIN	CGY	0	7	52	52	10	8	10	34	0	17119
1029	2012	162	NJ	PHI	1	5	50	42	11	13	28	53	2	15107
1030	2012	162	NYR	NYI	1	7	55	42	6	8	42	37	4	18200
1031	2012	162	CHI	LA	0	5	66	67	21	8	18	67	0	21398
1032	2012	162	PIT	BOS	1	7	68	46	6	5	12	33	1	18609
1033	2012	163	BUF	MTL	1	5	64	53	10	13	8	35	0	18690
1034	2012	163	COL	ANA	1	5	73	50	24	15	4	48	1	15045
1035	2012	163	EDM	SJ	0	5	55	50	17	34	20	36	2	16839
1036	2012	163	PHO	NSH	0	9	70	55	7	9	8	62	0	11518
1037	2012	164	NYI	WSH	0	9	58	46	25	24	10	49	2	11488
1038	2012	164	NYR	CAR	1	6	57	41	5	13	14	40	1	18200
1039	2012	164	PHI	NJ	1	3	46	23	12	12	26	70	0	19724
1040	2012	164	TB	BOS	1	7	51	52	8	13	22	45	1	19204
1041	2012	164	FLA	TOR	1	7	55	40	10	4	42	68	2	17475
1042	2012	164	MIN	DAL	0	1	50	37	5	8	16	43	0	17326
1043	2012	164	CHI	STL	1	7	70	42	14	15	48	58	1	21349
1044	2012	164	CGY	SJ	1	5	53	41	23	13	35	28	1	19289
1045	2012	164	LA	DET	1	7	51	41	11	29	12	69	1	18118
1046	2012	165	BUF	COL	0	9	66	46	11	14	16	48	1	18690
1048	2012	165	WPG	DAL	1	7	58	66	9	25	44	63	1	15004
1049	2012	165	EDM	CBJ	1	3	49	41	25	30	14	24	1	16839
1050	2012	165	VAN	PHO	0	9	76	58	17	7	8	47	4	18890
1051	2012	165	ANA	DET	1	4	47	35	7	16	10	54	0	16331
1052	2012	166	NJ	COL	1	1	61	40	9	13	4	38	0	16055
1053	2012	166	NYI	PHI	0	5	53	46	23	23	14	38	0	13827
1054	2012	166	NYR	PIT	0	7	63	55	10	19	12	57	0	18200
1055	2012	166	CAR	STL	1	2	70	38	13	9	24	47	0	18680
1056	2012	166	TB	TOR	0	4	63	37	12	12	28	51	1	19204
1057	2012	166	FLA	BOS	1	8	55	59	9	8	10	69	2	19004
1058	2012	166	CGY	PHO	1	5	47	51	14	14	18	43	0	19289
1059	2012	166	SJ	NSH	1	3	68	69	22	19	16	32	2	17562
1060	2012	167	OTT	MTL	1	3	47	33	12	21	50	55	0	20500
1061	2012	167	WPG	WSH	1	5	50	42	15	24	20	55	1	15004
1062	2012	167	DAL	CHI	0	5	53	50	12	16	10	55	0	19099
1063	2012	167	EDM	CGY	1	4	44	46	13	28	26	54	0	16839
1064	2012	167	ANA	LA	0	6	63	47	9	18	16	58	1	17367
1065	2012	168	BOS	PHI	1	5	62	43	13	11	32	45	1	17565
1066	2012	168	NJ	PIT	0	7	58	44	14	7	54	33	1	17625
1067	2012	168	MIN	CAR	0	8	60	51	8	11	20	43	1	18394
1070	2012	168	NYR	COL	0	4	62	51	8	12	24	44	1	18200
1071	2012	168	TB	STL	0	4	44	41	10	12	10	42	1	18777
1072	2012	168	FLA	BUF	1	5	43	48	18	5	30	77	2	16827
1073	2012	168	VAN	CBJ	1	7	74	51	14	7	10	40	2	18890
1074	2012	168	LA	NSH	1	6	48	48	5	15	12	55	1	18118
1075	2012	168	SJ	DET	1	5	63	39	20	24	10	43	0	17562
1076	2012	169	PHI	PIT	1	5	67	48	17	12	32	69	1	19927
1077	2012	169	CHI	WSH	1	7	47	51	18	16	4	39	0	21561
1078	2012	169	CGY	CBJ	0	3	49	56	16	13	24	23	0	19289
1079	2012	169	EDM	PHO	0	5	80	59	14	25	18	36	0	16839
1080	2012	169	ANA	NSH	0	4	58	53	6	22	20	47	1	14978
1081	2012	169	WPG	CAR	0	7	68	43	6	20	47	48	1	15004
1082	2012	170	BOS	TOR	1	8	37	43	11	14	28	61	2	17565
1083	2012	170	NYR	NJ	1	6	49	49	12	14	56	64	1	18200
1084	2012	170	TB	BUF	0	10	65	50	16	16	12	46	2	17212
1085	2012	170	DET	WSH	0	8	55	46	12	13	14	53	4	20066
1086	2012	170	MIN	VAN	1	2	67	53	11	10	22	30	1	17188
1087	2012	170	SJ	ANA	0	8	70	49	13	23	20	26	2	17562
1088	2012	171	TOR	NYI	0	7	48	46	13	16	10	53	1	19351
1089	2012	171	PHI	FLA	0	3	49	40	12	12	10	59	1	19568
1090	2012	171	PIT	WPG	1	12	65	63	7	8	10	51	2	18589
1091	2012	171	CBJ	CHI	0	6	52	48	7	5	16	48	2	15311
1093	2012	171	NSH	EDM	0	9	64	53	14	6	14	39	2	17113
1094	2012	171	DAL	PHO	1	7	63	45	14	25	76	66	2	17012
1095	2012	171	COL	CGY	1	3	65	45	17	12	4	49	0	14223
1096	2012	171	LA	SJ	1	7	64	46	7	18	14	60	2	18118
1097	2012	172	BUF	MTL	1	3	65	48	11	5	30	25	1	18690
1098	2012	172	CAR	FLA	1	4	70	40	15	20	30	29	1	18680
1099	2012	172	NYR	DET	1	3	61	47	12	9	6	30	1	18200
1100	2012	172	CHI	VAN	1	3	61	47	16	16	54	62	0	21715
1101	2012	172	ANA	STL	1	7	60	43	6	21	16	46	1	14494
1102	2012	173	PHI	WSH	1	3	59	47	7	18	6	49	0	19948
1103	2012	173	PIT	NSH	1	6	53	46	10	13	6	47	0	18579
1104	2012	173	TB	EDM	1	5	57	38	15	20	10	45	1	17893
1105	2012	173	MIN	CGY	1	5	59	44	15	16	24	22	3	17002
1106	2012	173	DAL	VAN	0	3	54	51	13	14	40	66	0	16618
1107	2012	173	PHO	COL	1	5	66	44	9	6	18	56	0	14938
1108	2012	173	LA	STL	1	1	72	45	6	19	20	86	0	18118
1109	2012	173	SJ	BOS	1	3	44	34	20	19	4	53	0	17562
1110	2012	174	NJ	TOR	0	7	63	52	6	20	4	51	0	16022
1111	2012	174	NYR	BUF	0	5	53	40	11	6	6	49	0	18200
1112	2012	174	WSH	WPG	0	7	65	60	12	8	18	53	0	18506
1113	2012	174	CBJ	CAR	1	6	66	39	12	7	16	40	1	15085
1115	2012	174	FLA	EDM	0	3	48	45	17	3	8	45	0	16214
1116	2012	175	DAL	CGY	1	5	56	42	12	10	24	57	0	17238
1117	2012	175	LA	BOS	0	6	68	45	7	23	20	59	0	18310
1118	2012	175	BUF	MIN	1	4	62	52	16	11	22	25	2	18690
1119	2012	175	TOR	NYR	0	7	58	47	17	16	10	100	0	19507
1121	2012	175	PHI	MTL	1	5	57	44	14	15	52	59	3	19931
1122	2012	175	TB	NYI	1	7	63	41	10	14	12	44	1	19204
1123	2012	175	DET	CAR	1	9	74	58	20	10	12	46	2	20066
1124	2012	175	NSH	WPG	1	4	53	62	20	7	10	21	1	17113
1125	2012	175	COL	VAN	0	5	72	52	17	14	24	46	3	18007
1126	2012	175	SJ	PHO	1	7	59	48	17	20	12	45	0	17562
1127	2012	176	CBJ	EDM	0	9	70	50	11	5	28	33	2	12295
1128	2012	176	WSH	MIN	1	3	51	44	13	25	10	43	1	18506
1129	2012	176	FLA	NYI	0	5	72	45	22	4	8	45	1	16814
1130	2012	176	PIT	NJ	1	7	62	51	8	13	16	52	0	18601
1131	2012	176	CHI	NSH	0	7	49	49	10	14	22	50	1	21463
1132	2012	176	ANA	BOS	0	5	52	56	12	8	10	47	1	17395
1133	2012	176	PHO	STL	0	4	49	51	9	7	16	68	2	12585
1134	2012	177	PHI	TB	0	8	53	57	13	12	28	46	2	19590
1135	2012	177	DET	CBJ	1	9	65	42	8	12	28	47	2	20066
1136	2012	177	WPG	OTT	0	10	83	60	10	21	12	54	1	15004
1137	2012	177	CGY	DAL	1	9	74	52	9	18	28	29	4	19289
1138	2012	177	VAN	LA	1	1	63	50	19	12	14	58	0	18890
1139	2012	177	SJ	COL	1	6	68	53	23	24	12	41	1	17562
1140	2012	178	BOS	TB	1	7	56	36	5	6	22	48	1	17565
1141	2012	178	TOR	CAR	0	3	52	41	17	21	8	78	0	19348
1142	2012	178	NJ	CHI	1	3	60	45	28	7	14	21	1	15074
1143	2012	178	PIT	NYI	0	8	79	45	12	9	18	36	2	18588
1144	2012	178	WSH	BUF	0	6	76	49	11	26	14	39	0	18506
1146	2012	178	STL	NSH	1	3	48	50	8	11	4	45	0	19150
1147	2012	178	MIN	NYR	0	5	58	39	7	5	10	42	2	17880
1148	2012	179	WPG	NYR	0	6	52	45	10	18	30	47	2	15004
1149	2012	179	CBJ	DET	1	6	62	57	14	6	18	39	2	12432
1150	2012	179	CGY	LA	0	3	49	38	13	17	20	31	0	19289
1151	2012	179	EDM	DAL	0	4	57	44	20	40	18	33	0	16839
1152	2012	179	VAN	COL	1	1	65	44	11	16	26	43	0	18890
1153	2012	179	ANA	SJ	1	4	56	48	12	12	2	59	0	14780
1154	2012	180	BOS	WSH	0	5	51	53	16	17	17	47	0	17565
1155	2012	180	TOR	PHI	0	8	47	37	12	13	34	70	1	19415
1156	2012	180	NJ	TB	1	10	58	49	17	17	14	43	1	15380
1157	2012	180	NYI	PIT	1	8	53	28	22	23	20	46	1	12018
1158	2012	180	MIN	FLA	1	5	52	52	6	5	14	28	2	16952
1159	2012	180	CHI	STL	1	7	60	47	18	13	6	70	0	21659
1160	2012	180	PHO	SJ	1	2	71	62	10	5	4	59	1	14446
1161	2012	181	NYR	MTL	1	5	49	43	9	9	12	37	2	18200
1162	2012	181	CAR	WPG	0	7	68	47	14	10	28	39	1	18680
1163	2012	181	CBJ	FLA	1	5	60	42	14	2	16	39	1	17994
1164	2012	181	BUF	PIT	0	8	62	51	13	13	10	57	2	18690
1165	2012	181	DET	NSH	0	5	59	49	13	14	8	30	0	20066
1166	2012	181	CGY	COL	0	5	63	50	15	34	8	21	1	19289
1167	2012	181	EDM	LA	0	5	46	33	12	28	36	42	2	16839
1168	2012	181	VAN	DAL	1	7	64	43	14	11	8	42	1	18890
1169	2012	182	NYI	BOS	0	9	49	47	31	34	16	40	0	16250
1170	2012	182	PHI	OTT	0	7	68	46	14	22	22	78	0	19822
1171	2012	182	TOR	BUF	1	7	61	40	18	35	10	55	1	19446
1172	2012	182	WSH	MTL	1	5	74	50	18	26	18	47	0	18506
1173	2012	182	CAR	NJ	0	5	53	38	13	9	16	25	1	18680
1174	2012	182	TB	WPG	1	5	67	50	12	22	66	38	1	19204
1175	2012	182	STL	CBJ	0	7	69	43	11	7	64	31	2	19150
1176	2012	182	NSH	CHI	0	9	70	45	22	25	18	21	4	17113
1177	2012	182	MIN	LA	1	7	52	53	7	7	16	33	1	18209
1178	2012	182	PHO	ANA	1	4	73	41	9	5	42	32	3	15856
1179	2012	182	VAN	CGY	1	5	67	50	17	11	22	53	1	18890
1180	2012	182	SJ	DAL	1	3	56	40	16	18	48	59	1	17562
1181	2012	183	NYI	OTT	0	6	62	45	24	23	22	41	2	14210
1182	2012	183	NYR	BOS	0	3	55	39	12	13	8	53	1	18200
1183	2012	183	DET	FLA	1	3	60	42	13	20	29	39	0	20066
1184	2012	183	CHI	MIN	0	9	65	53	20	14	58	58	2	21576
1185	2012	183	PIT	PHI	0	10	73	56	8	15	62	68	2	18601
1186	2012	183	ANA	EDM	0	3	48	39	11	16	42	59	0	17266
1187	2012	184	TB	WSH	1	6	60	53	9	12	22	48	1	19204
1188	2012	184	LA	EDM	1	2	56	42	9	19	24	52	0	18118
1189	2012	185	BOS	PIT	0	8	56	50	11	16	24	58	2	17565
1190	2012	185	BUF	TOR	1	11	70	53	10	17	32	27	3	18690
1191	2012	185	NJ	NYI	1	4	40	38	9	12	38	43	1	15482
1192	2012	185	PHI	NYR	0	8	64	36	10	14	50	70	4	19898
1194	2012	185	FLA	WPG	0	9	68	53	6	12	8	48	2	17760
1195	2012	185	NSH	MIN	1	3	50	52	24	19	18	26	0	17113
1196	2012	185	DAL	SJ	0	7	57	57	13	17	22	48	1	18584
1197	2012	185	VAN	ANA	1	9	63	51	22	20	16	39	1	18890
1198	2012	185	PHO	CBJ	1	2	76	48	15	7	16	47	0	13263
1200	2012	186	STL	DET	0	5	57	47	15	8	25	36	0	18755
1201	2012	187	TOR	TB	1	5	68	62	16	26	4	74	0	19369
1202	2012	187	NYI	WPG	1	9	53	45	27	41	12	37	0	13048
1203	2012	187	PHI	BUF	1	3	61	43	7	16	8	68	0	19873
1204	2012	187	PIT	NYR	1	7	69	35	7	9	29	38	1	18585
1205	2012	187	WSH	FLA	1	6	51	53	15	37	6	63	0	18506
1206	2012	187	CAR	MTL	1	3	60	33	19	7	26	36	1	17836
1208	2012	187	DET	NJ	0	3	45	39	12	19	6	41	1	20066
1209	2012	187	NSH	DAL	1	2	59	45	11	13	12	27	0	17113
1210	2012	187	MIN	CHI	1	3	46	40	15	8	37	31	1	18643
1211	2012	187	COL	CBJ	0	7	65	51	28	10	40	33	2	15610
1212	2012	187	CGY	VAN	1	5	62	35	10	26	28	36	0	19289
1213	2012	187	EDM	ANA	0	5	43	54	17	36	14	28	0	16839
1214	2012	187	LA	SJ	0	11	67	44	4	16	63	64	7	18330
1215	2012	188	STL	PHO	0	5	64	49	8	3	62	37	0	19150
1216	2012	189	BOS	BUF	1	7	68	40	14	14	20	24	1	17565
1217	2012	189	NJ	OTT	1	6	68	41	20	17	8	24	2	17625
1218	2012	189	NYR	WSH	0	5	53	43	5	16	16	37	1	18200
1219	2012	189	PIT	PHI	1	6	44	40	10	9	53	50	2	18616
1220	2012	189	DET	CHI	0	5	65	46	20	15	18	29	0	20066
1221	2012	189	CGY	ANA	1	7	48	45	11	27	36	15	1	19289
1223	2012	189	WPG	TB	0	7	56	38	12	27	10	42	0	15004
1224	2012	189	CBJ	NYI	1	10	75	45	18	7	40	30	2	17652
1225	2012	189	FLA	CAR	1	5	61	51	9	9	8	56	2	19057
1226	2012	189	MIN	PHO	0	5	52	31	16	12	22	33	0	18864
1227	2012	189	DAL	STL	0	5	70	45	14	10	36	43	2	16560
1228	2012	189	COL	NSH	0	7	74	51	12	8	8	45	0	18007
1229	2012	189	VAN	EDM	1	3	59	39	19	18	22	56	2	18890
1230	2012	189	SJ	LA	1	5	54	41	14	28	16	53	3	17562