
1	2013	110	PHI	PIT	0	-2	0	-9	-2	4	-4	3	-2	19994
2	2013	110	WPG	OTT	0	-3	-9	4	-1	11	-8	8	0	15004
3	2013	110	LA	CHI	0	-3	-1	7	6	7	0	17	-1	18545
4	2013	110	BOS	NYR	1	2	13	11	5	-9	8	-7	0	17565
6	2013	110	NYI	NJ	0	-1	-9	3	-2	2	-4	-4	1	16170
7	2013	110	TB	WSH	1	3	4	8	-1	3	-6	11	2	19204
8	2013	110	FLA	CAR	1	4	-17	2	8	4	2	-6	3	19688
9	2013	110	STL	DET	1	6	22	2	3	7	-12	13	4	20035
10	2013	110	NSH	CBJ	0	-1	6	6	7	6	4	0	0	17113
11	2013	110	DAL	PHO	1	1	-14	2	0	0	4	-9	0	18532
12	2013	110	MIN	COL	1	2	8	1	0	4	-8	-7	2	19298
13	2013	110	VAN	ANA	0	-4	3	0	-8	-1	-2	-1	-1	18910
14	2013	111	BUF	PHI	1	3	12	10	4	3	-2	1	2	19070
15	2013	111	NYR	PIT	0	-3	-5	4	-2	2	2	9	-1	17200
16	2013	111	CGY	SJ	0	-3	3	-13	0	-3	6	-5	-1	19289
17	2013	111	MIN	DAL	1	1	8	1	-1	-2	2	5	0	18296
18	2013	111	VAN	EDM	0	-1	-3	-3	1	3	-2	10	-1	18910
19	2013	111	PHO	CHI	0	-2	-2	5	-1	0	4	17	-1	17363
20	2013	112	BOS	WPG	1	1	0	4	0	1	4	16	0	17565
21	2013	112	NYI	TB	1	1	18	1	6	1	-8	-1	1	15322
22	2013	112	NSH	STL	0	-1	-15	6	9	12	-8	6	1	17113
23	2013	112	TOR	BUF	0	-1	15	20	2	2	-8	-6	1	19475
25	2013	112	CBJ	DET	0	-1	-9	9	-1	2	-2	8	2	19206
26	2013	112	CGY	ANA	0	-1	1	-9	0	2	-2	0	2	19289
27	2013	113	WSH	WPG	0	-2	-5	-2	2	3	10	9	-1	18506
28	2013	113	CAR	TB	0	-3	10	-1	8	-6	2	6	0	18680
30	2013	113	NJ	PHI	1	3	2	-3	1	3	0	-6	1	17625
31	2013	113	DET	DAL	0	-1	8	6	0	11	-4	-15	0	20066
32	2013	113	MIN	NSH	0	-2	4	5	-4	10	0	4	-1	17540
33	2013	113	CHI	STL	1	1	-7	5	6	8	-2	-13	0	21455
34	2013	113	COL	LA	1	2	2	1	8	5	4	6	1	18007
35	2013	113	EDM	SJ	0	-3	-2	-8	-5	8	0	-3	-1	16839
36	2013	114	PIT	TOR	0	-3	6	2	0	5	14	5	0	18641
37	2013	114	NYR	BOS	1	1	4	-12	0	-3	0	8	-1	17200
38	2013	114	VAN	CGY	1	1	0	-5	1	4	2	15	0	19810
39	2013	114	PHO	CBJ	1	4	16	14	2	2	-4	-23	1	8355
40	2013	115	TOR	NYI	0	-3	9	-12	-9	4	-6	3	-1	19125
41	2013	115	PHI	NYR	1	1	14	-6	1	-1	-8	-4	0	19596
42	2013	115	WSH	MTL	0	-3	9	1	6	0	4	-5	-2	18506
43	2013	115	CAR	BUF	1	3	5	0	10	0	4	1	0	18081
44	2013	115	FLA	OTT	0	-2	-11	-3	5	0	-4	2	0	15634
45	2013	115	STL	NSH	1	3	11	-2	1	0	0	3	1	16047
46	2013	115	DAL	CHI	0	-1	-18	-5	-2	6	10	6	-3	17868
47	2013	115	COL	CBJ	1	4	-5	5	6	8	2	-1	0	14325
48	2013	115	EDM	LA	1	1	8	0	3	5	10	-6	1	16839
49	2013	115	SJ	PHO	1	2	0	6	2	9	-2	8	0	17562
50	2013	116	BOS	NYI	1	2	1	13	1	0	10	8	0	17565
51	2013	116	BUF	CAR	0	-2	-1	-15	1	1	-10	13	-1	18824
52	2013	116	NJ	WSH	1	1	7	3	5	4	-2	8	0	17625
53	2013	116	TB	OTT	1	2	-5	3	-5	-1	8	-3	0	19204
54	2013	116	DET	MIN	1	2	1	6	4	6	6	16	1	20066
55	2013	116	WPG	PIT	1	2	-3	5	9	-2	-2	7	1	15004
56	2013	116	ANA	VAN	0	-5	-4	-3	4	-1	15	0	-3	17529
57	2013	117	SJ	COL	1	4	19	6	-7	2	-30	-12	3	17562
58	2013	117	NYR	TOR	1	3	25	-5	3	1	0	3	-1	17200
59	2013	117	CBJ	CHI	0	-1	2	-1	0	0	-2	10	0	18381
60	2013	117	FLA	PHI	0	-6	5	10	4	3	6	-7	-2	19311
61	2013	117	DAL	STL	0	-1	-9	-1	4	8	-2	-4	1	17131
62	2013	117	PHO	LA	0	-2	2	-7	2	5	-2	2	1	14780
63	2013	117	CGY	EDM	1	1	15	10	4	-3	-4	-5	-1	19289
64	2013	117	ANA	NSH	1	1	1	0	-1	8	-2	8	0	17174
65	2013	118	WSH	BUF	1	1	6	11	3	3	-2	-2	1	18506
68	2013	118	TB	PHI	1	4	1	-5	-1	1	-8	1	2	19204
69	2013	118	CHI	DET	1	1	-3	-1	8	9	4	-5	1	21607
70	2013	118	WPG	NYI	1	1	10	12	1	-2	-4	4	0	15004
71	2013	118	STL	MIN	1	1	18	8	2	7	-2	1	-2	18265
72	2013	118	SJ	VAN	1	3	3	16	1	4	18	-14	2	17562
73	2013	119	CAR	BOS	0	-2	-6	-11	0	5	-2	-5	-2	17190
74	2013	119	CBJ	DAL	1	1	2	0	-1	2	-6	4	-1	10475
75	2013	119	PHO	NSH	1	4	4	-6	2	5	-4	-2	1	8581
76	2013	119	EDM	COL	1	3	-11	7	2	13	-6	-1	4	16839
77	2013	119	LA	VAN	1	1	5	5	4	2	-2	12	1	18344
78	2013	120	BOS	NJ	1	1	2	11	-2	4	4	10	-1	17565
79	2013	120	BUF	TOR	0	-1	8	3	7	0	12	0	1	18801
80	2013	120	NYR	PHI	1	1	1	16	7	-6	6	8	0	17200
83	2013	120	PIT	NYI	0	-3	14	11	-2	9	-15	6	-2	18657
84	2013	120	TB	FLA	1	3	5	-8	7	7	-22	1	2	19204
85	2013	120	DET	DAL	1	3	1	4	3	7	0	1	1	20066
86	2013	120	MIN	CBJ	1	1	7	0	10	2	4	-6	-1	17584
87	2013	120	SJ	ANA	1	1	-12	3	1	4	2	7	0	17562
89	2013	121	MIN	CHI	1	1	-7	1	0	-5	-4	7	0	18550
90	2013	121	PHO	EDM	0	-1	7	2	3	3	2	20	0	12955
91	2013	121	VAN	COL	1	3	-1	2	4	3	-2	1	1	18910
92	2013	122	BOS	BUF	0	-3	10	9	7	10	0	-3	-1	17565
93	2013	122	TOR	WSH	1	1	18	12	-1	2	-10	11	0	19374
94	2013	122	NJ	NYI	0	-1	-3	-7	-2	12	0	8	-3	17625
95	2013	122	NYR	PIT	0	-3	-1	0	3	-3	4	12	-1	17200
96	2013	122	CBJ	STL	0	-3	0	-3	9	-2	-8	-5	-1	11155
97	2013	122	FLA	WPG	1	3	9	5	2	5	-16	-8	3	15731
98	2013	122	CGY	COL	0	-3	6	3	5	6	-2	-2	-1	19289
99	2013	122	LA	NSH	0	-1	10	-7	3	2	-6	7	1	18118
100	2013	122	SJ	EDM	1	1	10	9	4	6	-4	2	0	17562
101	2013	123	WSH	PHI	1	1	-5	-7	9	2	-2	-9	0	18506
102	2013	123	CAR	OTT	1	1	2	6	1	1	0	-1	0	18680
103	2013	123	TB	WPG	1	5	-4	9	2	0	-17	-2	1	19204
104	2013	123	DET	STL	1	2	5	9	-2	7	-10	-5	0	20066
105	2013	123	DAL	PHO	1	1	-10	8	-1	2	-8	-2	0	18101
106	2013	123	VAN	CHI	1	1	-6	-5	4	0	2	16	0	18910
107	2013	123	ANA	MIN	1	2	4	-5	0	4	-2	12	1	13007
108	2013	124	PIT	NJ	1	4	14	11	-3	3	-2	6	0	18635
110	2013	124	COL	EDM	1	2	14	4	3	1	-6	9	0	16119
111	2013	124	TOR	BOS	0	-1	-13	-2	3	1	-2	15	0	19246
112	2013	124	PHI	CAR	1	2	-18	-6	5	6	8	9	2	19691
113	2013	124	TB	NYR	0	-1	2	11	6	6	2	1	1	19204
114	2013	124	CBJ	DET	1	2	-6	-4	6	-1	4	18	1	17612
115	2013	124	PHO	DAL	1	2	17	0	3	6	-12	6	1	12151
116	2013	124	CGY	CHI	0	-1	28	5	3	7	-6	-6	1	19289
117	2013	124	ANA	LA	1	3	-9	3	1	2	0	-6	1	17436
118	2013	124	SJ	NSH	0	-1	3	-4	4	6	2	-6	1	17562
119	2013	125	WSH	PIT	0	-3	-2	1	5	12	-2	-14	-1	18506
121	2013	125	BUF	FLA	0	-1	-13	-10	8	3	4	7	-1	18831
122	2013	125	NYI	NJ	0	-3	-5	6	-3	6	-6	5	-1	11558
123	2013	126	TOR	CAR	0	-3	3	5	1	-3	-2	11	-2	19072
124	2013	126	COL	DAL	0	-1	5	10	-5	6	0	14	1	13441
125	2013	126	PHO	MIN	1	1	12	1	3	4	2	2	0	9508
126	2013	126	EDM	VAN	0	-1	-15	-18	-6	-4	0	-2	1	16839
127	2013	126	ANA	SJ	1	1	6	-9	-3	2	-10	4	0	14324
128	2013	127	NJ	NYR	1	2	-3	-7	6	9	2	1	1	17625
129	2013	127	NYI	PIT	0	-2	8	-3	-3	3	-8	-8	-1	11318
130	2013	127	WSH	TOR	0	-1	5	-6	-6	-1	-2	3	2	18506
131	2013	127	CBJ	LA	0	-2	-11	11	0	1	-1	4	-1	11019
133	2013	127	PHI	TB	1	1	2	-9	2	0	4	3	0	19616
134	2013	127	DET	CGY	0	-3	3	0	-1	-1	2	-3	-1	20066
135	2013	127	WPG	FLA	1	1	2	11	3	0	-4	6	1	15004
136	2013	127	STL	NSH	0	-5	13	3	0	1	-6	11	0	15206
137	2013	127	SJ	CHI	0	-2	2	8	-2	5	-4	5	0	17562
139	2013	128	COL	ANA	0	-3	11	7	6	10	16	24	-1	13776
140	2013	128	EDM	DAL	0	-1	1	-2	-1	6	-2	-2	0	16839
141	2013	129	BUF	MTL	1	1	8	2	-2	2	-6	-5	0	18866
142	2013	129	NJ	TB	1	2	8	-3	4	11	0	6	2	14802
143	2013	129	NYR	NYI	1	3	-3	-1	-3	6	4	11	1	17200
144	2013	129	PHI	FLA	0	-1	8	2	2	4	0	0	0	19616
145	2013	129	PIT	WSH	1	3	3	8	1	3	-4	8	2	18650
146	2013	129	CBJ	CGY	0	-1	-1	3	3	3	0	3	0	10484
148	2013	129	WPG	TOR	0	-1	7	-10	0	-4	0	1	-1	15004
149	2013	129	STL	DET	0	-4	-2	-1	4	4	-11	11	1	17699
150	2013	129	NSH	LA	1	3	-18	1	4	4	0	-8	1	17113
151	2013	129	MIN	VAN	0	-3	1	-9	3	8	22	12	0	18352
152	2013	129	PHO	CHI	0	-4	-9	-9	0	-7	24	19	-1	15096
153	2013	130	DAL	ANA	1	2	7	4	6	2	-15	-4	2	18112
154	2013	206	BOS	TB	1	2	-6	14	1	4	4	-2	0	17565
155	2013	131	NJ	PIT	1	2	3	-1	4	4	-8	6	1	17625
156	2013	131	PHI	CAR	1	1	-1	5	-5	2	-11	16	0	19691
158	2013	131	DET	EDM	1	1	6	11	4	-1	-10	10	1	20066
159	2013	131	SJ	PHO	0	-1	12	-3	-5	6	-2	-3	0	17562
161	2013	131	NYI	BUF	0	-1	28	3	0	6	-2	4	0	12608
162	2013	131	WSH	FLA	1	5	-2	1	5	-1	0	-1	1	18506
163	2013	131	STL	ANA	0	-1	8	5	-2	2	-2	-3	2	18835
164	2013	131	MIN	NSH	1	1	6	7	0	2	4	8	1	18806
165	2013	131	VAN	CGY	1	4	-3	8	-4	3	-6	2	1	18910
166	2013	132	DET	LA	1	1	-16	-9	4	7	-2	-1	1	20066
167	2013	132	CBJ	EDM	0	-2	26	0	0	3	-4	-13	0	14364
168	2013	132	BUF	BOS	0	-2	-13	2	8	0	-4	10	-1	18869
169	2013	132	NYR	TB	1	4	12	0	3	0	-2	10	0	17200
170	2013	132	PIT	NJ	0	-2	1	9	2	1	-4	6	0	18658
171	2013	132	NSH	CHI	0	-3	-10	10	-6	-2	2	7	0	17113
172	2013	133	TOR	PHI	1	3	-22	-9	3	4	9	-1	0	19253
173	2013	133	NYI	CAR	0	-2	-3	0	0	18	-6	1	4	9622
174	2013	133	CBJ	SJ	1	4	9	7	4	-4	-2	2	1	10837
175	2013	133	STL	LA	0	-3	-1	-1	2	4	0	-1	0	14498
176	2013	133	COL	PHO	0	-1	13	-7	-2	3	-8	10	0	14063
177	2013	133	CGY	MIN	0	-1	0	0	6	6	4	10	0	19289
178	2013	134	NJ	CAR	0	-2	3	2	-2	-4	2	1	-1	17625
179	2013	134	BOS	NYR	0	-1	11	3	0	5	2	1	0	17565
181	2013	134	TB	MTL	0	-1	-10	2	-1	8	2	2	0	19204
182	2013	134	FLA	WSH	0	-1	3	-6	1	2	-4	-7	-2	15340
183	2013	134	WPG	PHI	0	-1	3	8	1	5	12	-7	-1	15004
184	2013	134	NSH	SJ	1	1	0	9	5	5	6	5	0	17113
185	2013	134	CHI	ANA	0	-1	-1	5	21	12	-10	-7	0	21188
186	2013	134	EDM	DAL	0	-3	7	-3	2	5	-2	1	0	16839
187	2013	134	VAN	MIN	1	1	4	-11	5	4	6	12	0	18910
188	2013	135	PIT	OTT	1	2	1	0	0	2	-2	7	1	18637
189	2013	135	DET	STL	0	-1	-7	6	-2	6	-2	-15	-1	20066
190	2013	135	CGY	DAL	1	3	-11	-1	1	-2	4	0	0	19289
191	2013	136	NYR	NYI	0	-1	8	9	6	-1	-6	-4	1	17200
192	2013	136	CAR	TOR	1	2	10	9	4	2	-2	-9	0	18680
193	2013	136	TB	WSH	0	-1	-9	-2	1	4	-2	8	-1	19204
194	2013	136	FLA	MTL	0	-1	-6	1	0	-2	2	2	0	17021
195	2013	136	NSH	PHO	1	3	10	-11	1	4	4	5	1	17113
196	2013	136	MIN	COL	0	-1	-3	6	3	5	2	-2	-1	18822
197	2013	137	BUF	BOS	1	2	-6	-12	7	4	0	9	-1	19070
198	2013	137	NJ	PHI	1	2	-9	-6	-1	6	0	-1	-1	17625
199	2013	137	WPG	PIT	0	-2	-2	-3	6	-2	2	10	-1	15004
200	2013	137	DET	ANA	0	-3	-9	8	0	6	-2	4	1	20066
201	2013	137	CHI	SJ	1	3	9	-1	5	6	-2	-6	1	21824
202	2013	137	CGY	STL	0	-3	7	4	-3	7	2	-4	-1	19289
203	2013	137	VAN	DAL	0	-1	-1	3	-3	-2	2	8	0	18910
204	2013	137	LA	CBJ	1	1	9	1	4	5	-2	-8	1	18118
205	2013	138	TOR	OTT	1	3	-5	-3	4	1	4	7	0	19537
207	2013	138	NYI	NJ	1	4	2	14	13	8	-12	8	2	15488
208	2013	138	FLA	TB	0	-1	-6	-8	2	1	2	-14	-1	17009
209	2013	138	NSH	ANA	0	-1	12	5	1	0	-4	-5	0	17322
210	2013	138	PHO	CBJ	1	2	15	0	8	2	-10	-1	1	15425
211	2013	138	EDM	COL	1	2	27	2	5	3	0	1	1	16839
212	2013	139	BUF	PIT	0	-1	-2	3	4	1	10	11	0	19070
213	2013	139	CHI	LA	1	1	10	-1	11	-1	0	-11	-1	21843
214	2013	139	WPG	BOS	0	-1	-2	2	-2	11	-2	4	-1	15004
215	2013	139	DAL	CGY	0	-1	4	2	-3	1	4	-3	-1	17340
216	2013	139	MIN	DET	1	1	-7	10	3	7	2	9	0	19117
217	2013	139	NYR	WSH	1	1	12	-6	-2	6	0	12	1	17200
218	2013	139	VAN	STL	0	-1	8	-5	-1	5	-2	-2	2	18910
219	2013	140	NJ	OTT	0	-1	1	-12	4	10	-12	-8	0	17625
220	2013	140	NYI	PHI	0	-7	-6	1	7	3	-2	-12	-2	16170
221	2013	140	COL	NSH	1	1	-10	8	-2	4	6	9	0	15099
223	2013	140	FLA	TOR	0	-3	4	4	1	0	-2	-10	-1	17177
224	2013	140	PHO	CGY	1	4	7	12	-1	1	0	-17	0	17208
225	2013	140	ANA	CBJ	1	1	2	2	4	3	0	2	2	14713
226	2013	141	BUF	WPG	0	-1	2	-1	1	7	-4	0	0	19070
227	2013	141	NYR	MTL	0	-2	7	1	2	2	-2	16	0	17200
229	2013	141	TB	TOR	1	2	-6	-2	5	1	-24	4	1	19204
230	2013	141	STL	SJ	0	-1	1	2	5	7	2	-8	0	16100
231	2013	141	NSH	DET	1	1	-4	-4	7	1	-8	-3	1	17113
232	2013	141	CHI	VAN	1	1	11	1	12	4	6	-14	0	21423
233	2013	141	EDM	LA	0	-2	-14	-11	4	10	-6	-1	1	16839
234	2013	142	PIT	PHI	0	-1	0	16	1	2	-2	-5	1	18650
235	2013	142	COL	STL	1	1	-13	-6	4	9	2	3	0	14651
236	2013	142	CGY	LA	0	-2	-6	-13	-1	2	-6	3	0	19289
237	2013	143	TOR	BUF	1	2	4	-3	3	4	-6	-5	2	19473
238	2013	143	PHI	FLA	0	-3	8	-3	1	5	2	8	-1	19605
239	2013	143	WSH	NJ	0	-1	-18	3	3	8	16	21	1	18506
240	2013	143	CAR	WPG	0	-1	7	12	0	0	12	5	0	18282
243	2013	143	TB	BOS	0	-2	0	-3	3	5	-4	5	0	19204
244	2013	143	DET	CBJ	0	-1	6	4	-1	5	8	-4	-1	20066
245	2013	143	DAL	VAN	0	-1	3	-6	3	1	0	4	-1	17393
246	2013	143	EDM	MIN	0	-2	0	0	-4	8	17	15	0	16839
247	2013	144	PIT	FLA	1	2	17	-4	2	10	-4	9	1	18655
248	2013	144	NSH	VAN	0	-1	-1	0	-1	6	0	4	0	17113
249	2013	144	CHI	SJ	1	1	7	1	7	1	-6	2	0	21670
250	2013	145	WSH	NJ	1	4	4	12	4	4	0	-3	2	18506
251	2013	145	PHI	WPG	1	2	2	-9	3	5	-4	7	3	19933
252	2013	145	EDM	PHO	1	1	7	-2	5	8	6	13	0	16839
253	2013	145	LA	COL	1	3	2	2	1	-4	4	9	-1	18118
254	2013	145	BUF	NYI	0	-4	3	-3	1	7	-4	8	-1	19070
257	2013	145	CAR	TB	0	-3	-5	9	-1	-3	0	10	0	18680
258	2013	145	DET	NSH	1	4	-6	1	-2	-1	0	2	1	20066
259	2013	145	STL	CBJ	1	1	3	1	-3	-3	2	10	0	19457
260	2013	145	DAL	SJ	1	2	-4	3	-1	4	0	21	1	18584
261	2013	145	CGY	MIN	1	2	-4	-10	5	5	0	2	0	19289
262	2013	146	FLA	BOS	0	-3	3	-5	-4	5	-16	-4	-1	18108
263	2013	146	NJ	WPG	0	-2	-1	8	8	4	0	-4	-1	17625
264	2013	146	DET	VAN	1	5	7	0	0	-8	-6	3	3	20066
265	2013	146	NYI	CAR	0	-2	-3	2	2	3	0	2	-1	10048
266	2013	146	CHI	CBJ	1	1	-1	2	9	-2	4	-17	0	21580
267	2013	146	PIT	TB	1	2	-8	-1	-2	0	0	9	0	18632
268	2013	146	CGY	PHO	1	1	4	-2	0	7	4	-1	-1	19289
269	2013	146	ANA	COL	1	1	16	9	2	4	-10	2	2	17174
270	2013	147	PHI	TOR	0	-2	3	-2	-2	-2	-6	15	1	19645
272	2013	147	NSH	DAL	1	1	7	3	3	1	2	13	-1	17113
273	2013	147	CHI	EDM	1	1	15	-5	6	0	4	-13	0	21127
274	2013	147	LA	ANA	1	3	-1	12	2	3	2	-7	0	18118
275	2013	148	NYR	WPG	0	-1	1	9	4	-3	2	6	0	17200
276	2013	148	WSH	CAR	1	3	7	-1	3	6	-4	-4	1	18506
277	2013	148	CBJ	DAL	0	-1	-19	-1	1	0	0	0	0	11523
278	2013	148	NYI	BOS	0	-3	3	-7	8	0	2	5	0	12788
279	2013	148	TB	BUF	0	-1	10	-3	2	1	-10	1	0	19204
280	2013	148	FLA	PIT	1	2	2	3	2	2	-4	-8	3	17378
281	2013	148	MIN	CGY	1	1	9	19	-1	8	3	10	0	18703
282	2013	148	VAN	PHO	0	-2	9	-9	0	5	-2	-6	0	18910
283	2013	148	SJ	COL	1	1	14	-1	6	10	-6	-18	0	17562
284	2013	149	TOR	MTL	0	-3	-17	-5	1	3	13	13	-1	19625
285	2013	149	PHI	WSH	1	3	8	-3	5	3	3	3	2	19904
286	2013	149	ANA	NSH	1	4	7	-11	4	-4	0	-4	2	13630
287	2013	149	LA	DET	1	1	-4	6	2	0	-4	12	1	18118
288	2013	150	BOS	OTT	1	1	15	15	4	-3	2	14	-1	17565
289	2013	150	NYI	TOR	0	-1	-1	7	6	-4	0	-19	0	9222
290	2013	150	NYR	TB	1	3	17	11	-4	4	-2	5	1	17200
291	2013	150	CAR	PIT	1	3	2	-5	5	2	2	-10	0	18680
292	2013	150	FLA	BUF	0	-1	18	7	7	6	-6	-6	0	15672
293	2013	150	WPG	NJ	1	2	-2	3	0	3	0	14	0	15004
294	2013	150	STL	CHI	0	-3	-2	0	-1	8	-6	20	0	19533
295	2013	150	DAL	EDM	0	-4	-4	-4	8	-2	17	-1	-1	17004
296	2013	150	COL	CGY	1	1	13	7	6	1	0	14	-1	15197
297	2013	150	PHO	MIN	0	-1	5	7	-3	0	2	21	-1	11547
298	2013	150	SJ	DET	0	-1	-8	4	9	8	2	3	0	17562
299	2013	151	STL	EDM	1	2	13	4	4	0	-2	11	1	19476
300	2013	151	CHI	CBJ	1	1	13	-2	6	6	0	-8	0	21828
301	2013	151	ANA	MIN	1	1	-4	-4	4	-7	4	11	0	15264
302	2013	152	PHI	OTT	1	1	7	-6	1	1	0	9	0	19959
303	2013	152	BOS	TB	1	1	5	8	0	3	6	-7	0	17565
304	2013	152	BUF	NJ	1	1	-8	13	3	-1	0	11	0	19070
305	2013	152	WPG	WSH	0	-3	14	-4	5	2	0	19	0	15004
307	2013	152	CAR	FLA	1	4	10	-4	7	0	-18	10	0	18680
308	2013	152	PHO	ANA	1	1	2	8	-2	0	6	-1	-1	15227
309	2013	152	VAN	LA	1	3	-6	-14	-1	1	4	-3	-1	18910
310	2013	152	SJ	NSH	1	1	20	5	2	5	-6	-3	2	17562
311	2013	153	DET	CHI	0	-1	0	-2	5	4	4	15	-1	20066
312	2013	153	NYI	OTT	1	1	4	3	2	-3	-4	-7	-1	13512
313	2013	153	CBJ	COL	1	1	15	-5	1	1	-4	3	2	13778
314	2013	153	DAL	STL	1	3	1	2	0	-2	-4	7	1	16663
315	2013	153	FLA	CAR	0	-1	12	1	1	-2	2	1	0	15978
316	2013	153	BOS	MTL	0	-1	8	14	2	4	16	6	-1	17565
317	2013	153	NYR	BUF	1	1	-2	8	6	3	-9	-2	2	17200
318	2013	153	MIN	EDM	1	2	22	4	1	4	-2	-1	1	18675
319	2013	153	CGY	VAN	1	2	-6	-5	-2	10	8	8	1	19289
320	2013	154	TOR	NJ	1	2	-7	0	-3	12	0	13	1	19435
321	2013	154	PIT	TB	1	1	4	-6	0	5	-4	3	0	18656
322	2013	154	PHO	ANA	1	1	9	-1	4	-2	-4	10	0	11024
323	2013	154	LA	NSH	1	4	-3	0	0	1	-2	10	2	18118
324	2013	155	NJ	TB	0	-3	2	-10	4	9	0	-2	1	15229
325	2013	155	NYI	MTL	1	3	-8	-1	2	6	0	8	0	9498
326	2013	155	WSH	BOS	1	1	-7	-1	11	6	-4	1	-1	18506
327	2013	155	CAR	BUF	1	1	-12	5	12	2	0	-6	0	15277
328	2013	155	CBJ	EDM	1	1	9	10	2	0	8	9	1	14952
329	2013	155	NYR	PHI	1	2	-5	5	0	3	-2	2	-1	17200
330	2013	155	FLA	WPG	1	3	-5	-11	4	6	-4	-10	0	14574
331	2013	155	DET	COL	1	1	-4	-9	6	9	-2	-8	0	20066
332	2013	155	CHI	MIN	1	2	9	5	1	-1	-2	-12	-1	21836
333	2013	155	VAN	SJ	0	-1	8	-5	-1	6	-4	-2	0	18910
334	2013	155	LA	STL	1	2	15	6	2	7	-4	0	0	18118
335	2013	156	TOR	OTT	1	1	-15	6	4	17	-2	-1	1	19412
336	2013	156	CHI	COL	1	1	10	-6	2	7	-2	1	1	21531
337	2013	156	CGY	SJ	1	3	-7	-1	2	8	2	3	0	19289
338	2013	156	ANA	PHO	1	2	6	6	2	-7	2	-3	0	13456
339	2013	157	BOS	TOR	1	2	-2	13	-8	6	0	-13	0	17565
340	2013	157	NJ	BUF	1	1	8	5	1	3	0	10	0	17625
341	2013	157	NYI	NYR	0	-1	-8	-5	0	-6	16	6	-1	16170
342	2013	157	PHI	PIT	0	-1	10	3	1	0	-2	18	1	19997
343	2013	157	WSH	FLA	1	6	-4	-2	-2	4	-13	-5	2	18506
344	2013	157	CAR	MTL	0	-2	15	4	5	2	4	-6	-1	16774
345	2013	157	CBJ	VAN	1	1	-8	3	7	3	-4	1	0	13632
346	2013	157	TB	WPG	0	-1	1	10	2	9	-4	3	0	19204
347	2013	157	DET	EDM	1	3	6	11	4	6	-2	-11	0	20066
348	2013	157	PHO	STL	0	-3	-4	-2	-4	2	-4	-2	1	11482
349	2013	157	LA	DAL	0	-3	11	17	0	0	4	17	-2	18118
350	2013	158	NYR	OTT	0	-1	-4	-6	-2	1	-8	-2	-1	17200
351	2013	158	FLA	WPG	0	-1	12	6	0	1	-6	-2	0	16442
352	2013	158	NSH	EDM	1	6	10	0	2	-1	-8	0	2	17277
353	2013	158	COL	CHI	1	4	-2	12	0	1	-14	9	2	18007
354	2013	158	ANA	CGY	1	4	-5	-4	3	-2	4	-13	0	15839
355	2013	159	BOS	PHI	1	3	5	4	6	-3	0	-10	1	17565
356	2013	159	NYI	WSH	1	3	21	-2	8	13	-6	15	1	14819
357	2013	159	CBJ	DET	1	3	-6	12	4	1	4	11	1	17957
358	2013	159	SJ	STL	0	-1	-10	0	-6	11	4	8	0	17562
359	2013	159	TOR	PIT	0	-1	-15	8	6	7	2	13	2	19418
360	2013	159	CAR	NJ	1	3	-12	-7	9	2	-2	-5	1	18680
361	2013	159	TB	MTL	0	-1	-6	7	5	7	2	10	1	19204
362	2013	159	NSH	MIN	0	-1	-4	-6	1	5	6	6	0	17113
363	2013	159	PHO	DAL	1	1	0	7	5	-2	6	-1	-1	15842
364	2013	159	LA	CGY	1	4	5	0	1	6	-2	-9	0	18248
365	2013	160	WSH	NYR	0	-3	-1	5	3	3	-2	-7	-1	18506
366	2013	160	DET	CBJ	0	-1	2	-3	3	13	-2	1	1	20066
367	2013	160	FLA	MTL	0	-3	-22	-7	-4	7	10	5	-2	19189
368	2013	160	NJ	WPG	1	1	2	7	-1	-1	0	-11	0	17625
369	2013	160	PIT	NYI	1	5	4	14	-2	2	-2	6	2	18634
370	2013	160	CHI	EDM	0	-1	12	16	13	5	4	-13	-2	22020
371	2013	160	PHI	BUF	1	1	8	-2	4	-2	-16	-4	2	19687
372	2013	160	MIN	VAN	1	2	5	4	2	0	2	3	1	18846
373	2013	160	COL	SJ	1	1	4	-10	6	0	2	10	1	16040
374	2013	160	ANA	STL	1	2	-9	-3	2	3	-8	-2	0	17174
376	2013	161	LA	CGY	1	2	-2	-10	1	-2	4	-7	1	18118
377	2013	162	BUF	NYR	1	2	-11	-5	5	11	-8	-18	0	19070
378	2013	162	WSH	CAR	0	-4	-10	-9	-4	3	2	8	0	18506
379	2013	162	CBJ	VAN	0	-1	-11	6	3	0	0	2	0	14852
380	2013	162	PIT	BOS	1	1	18	-3	-3	-3	-6	7	-1	18640
381	2013	162	FLA	TB	0	-1	26	1	4	1	-4	-20	-1	15174
382	2013	162	WPG	TOR	1	3	8	7	7	0	-2	-8	1	15004
383	2013	162	STL	SJ	1	2	-20	4	0	2	0	-1	-1	16583
384	2013	162	MIN	ANA	0	-1	10	13	4	-4	-17	6	1	18808
385	2013	162	DAL	NSH	0	-4	11	-4	-1	5	10	-3	-2	15661
386	2013	162	COL	EDM	0	-4	3	7	1	4	2	10	-1	14360
387	2013	162	PHO	LA	1	3	-4	2	2	4	4	3	-1	15075
389	2013	163	NJ	PHI	1	3	7	1	1	-2	-2	-11	0	17625
390	2013	163	CGY	DET	1	3	-16	3	1	-1	0	5	0	19289
391	2013	164	BOS	FLA	1	3	2	13	-1	-1	0	5	0	17565
392	2013	164	TOR	PIT	0	-2	1	-4	5	5	0	4	0	19561
393	2013	164	CAR	WSH	0	-1	13	2	4	5	-2	-5	-1	16810
394	2013	164	CBJ	CHI	0	-1	-10	-5	-4	-3	-2	8	1	15009
395	2013	164	TB	NYI	0	-2	-11	-5	-1	-2	-2	9	-1	19204
396	2013	164	WPG	NYR	1	2	4	-12	5	5	-2	13	1	15004
397	2013	164	STL	PHO	1	3	2	5	0	2	-2	4	0	17852
398	2013	164	MIN	COL	1	2	8	-7	-3	6	-4	2	-1	18989
399	2013	164	DAL	ANA	0	-1	4	18	1	8	-6	2	0	15775
400	2013	164	VAN	NSH	1	3	-11	-5	-1	2	4	-7	0	18910
401	2013	164	SJ	LA	1	1	-11	16	8	3	-10	-3	1	17562
402	2013	165	PHI	NJ	1	1	-6	3	-2	1	2	14	0	19971
403	2013	165	CGY	NSH	1	3	2	-3	9	2	-2	5	0	19289
404	2013	165	EDM	DET	0	-1	4	-11	-2	7	4	3	-1	16839
405	2013	166	BOS	WSH	1	3	5	11	4	-4	4	9	1	17565
406	2013	166	PIT	NYR	1	3	4	-13	4	2	-2	-12	1	18658
407	2013	166	BUF	OTT	0	-1	2	-9	3	3	0	-3	-1	19070
408	2013	166	COL	MIN	0	-2	4	-1	-2	10	0	6	-1	17708
409	2013	166	TOR	WPG	0	-1	-1	12	4	5	-10	21	0	19401
410	2013	166	NJ	MTL	0	-1	11	-8	-2	6	0	8	1	17625
411	2013	166	TB	CAR	1	3	4	10	2	2	0	1	0	19204
412	2013	166	CBJ	PHO	1	1	-16	-3	1	5	0	4	0	14231
413	2013	166	FLA	NYI	0	-1	5	-4	4	3	-2	-14	0	17627
414	2013	166	STL	ANA	1	1	-7	5	5	0	-2	-6	1	19593
415	2013	166	DAL	CHI	0	-7	-15	1	-5	11	8	21	-1	18584
416	2013	166	VAN	DET	0	-3	9	-10	3	5	-6	5	-1	18910
417	2013	166	LA	SJ	1	3	2	-1	-2	-1	2	10	-1	18118
418	2013	167	PIT	BOS	1	1	-14	-3	7	2	2	4	0	18659
420	2013	167	WSH	BUF	1	2	-5	15	4	-3	-2	-2	0	18506
421	2013	167	EDM	NSH	1	1	-10	0	4	4	4	8	0	16839
422	2013	168	NYR	CAR	1	1	6	-10	-3	0	0	11	0	17200
423	2013	168	TB	PHI	1	2	-3	1	5	0	2	2	0	19204
424	2013	168	DAL	CGY	1	1	5	3	6	3	2	17	-2	16057
425	2013	168	COL	CHI	0	-3	-13	9	-3	10	0	12	0	16952
426	2013	168	VAN	MIN	0	-2	11	-20	5	0	-4	-4	0	18910
427	2013	168	ANA	SJ	1	2	-7	9	0	3	4	4	0	14441
428	2013	168	LA	PHO	1	4	2	-5	3	0	-4	-6	2	18118
429	2013	169	NJ	NYR	0	-1	9	12	3	-3	-4	-2	1	17625
430	2013	169	NYI	OTT	0	-2	6	8	0	3	-10	11	1	10668
431	2013	169	CAR	FLA	0	-3	-10	0	-3	7	-12	2	-1	16349
432	2013	169	CBJ	NSH	1	1	-4	11	5	0	-4	4	1	13364
434	2013	169	PIT	WSH	1	1	7	-1	-1	0	4	12	0	18653
435	2013	169	WPG	BOS	1	2	-3	-7	4	8	4	16	1	15004
436	2013	169	VAN	STL	1	1	-15	-4	-2	4	2	-3	0	18910
437	2013	169	LA	PHO	1	1	-13	5	1	10	-2	7	1	18118
438	2013	170	TOR	TB	1	2	-2	1	7	-2	4	11	0	19433
439	2013	170	DET	MIN	0	-2	19	-7	8	-1	-4	3	-1	20066
440	2013	170	COL	DAL	1	1	2	-2	1	-5	8	11	0	13813
441	2013	170	EDM	SJ	0	-1	-7	-7	-5	2	-16	4	0	16839
442	2013	170	ANA	CHI	1	2	2	-9	2	-4	2	15	-1	17610
443	2013	171	BUF	TOR	1	1	2	-8	3	0	-22	-1	-1	19070
444	2013	171	NYI	MTL	0	-3	-2	-6	3	11	2	6	-2	11012
445	2013	171	NYR	FLA	0	-2	21	6	4	6	-2	7	-1	17200
446	2013	171	CAR	NJ	0	-3	-4	-8	-1	1	2	11	-1	16941
448	2013	171	WPG	WSH	0	-4	-5	-1	3	7	10	19	-1	15004
449	2013	171	NSH	CGY	1	2	1	4	5	0	0	4	0	17113
450	2013	171	PHO	VAN	0	-1	2	-1	-1	-3	-1	31	1	17220
451	2013	171	LA	DAL	0	-2	19	8	2	2	-2	4	0	18118
452	2013	172	NYI	PIT	0	-2	10	-2	7	-1	0	5	0	14888
453	2013	172	CBJ	CGY	1	4	3	-3	11	1	-4	-5	0	13853
454	2013	172	WPG	WSH	0	-5	7	-7	2	-5	-2	20	-1	15004
455	2013	172	ANA	DET	0	-4	11	0	3	-2	-2	8	-1	17174
457	2013	173	MIN	SJ	1	2	-9	-12	3	1	0	7	1	19358
458	2013	173	LA	VAN	0	-1	7	3	4	16	0	1	0	18118
459	2013	173	TOR	BOS	1	1	-20	-3	0	8	-2	7	0	19236
461	2013	173	NJ	FLA	1	1	7	4	3	4	-13	8	0	17625
462	2013	173	NSH	CBJ	1	3	1	11	4	-5	15	-1	1	17113
463	2013	173	DAL	COL	1	3	-4	9	-5	-6	-12	-19	0	17311
464	2013	173	EDM	STL	0	-3	-6	-4	-2	7	-2	4	0	16839
465	2013	174	NYI	FLA	1	3	11	-2	-1	6	0	18	1	14512
466	2013	174	PIT	PHI	1	1	7	-3	1	6	-4	2	0	18662
467	2013	174	NYR	WSH	0	-1	8	-1	1	0	2	20	0	17200
468	2013	174	WPG	TB	1	1	-1	2	8	3	2	17	0	15004
469	2013	174	COL	VAN	0	-1	-2	11	7	7	-4	13	0	15194
470	2013	174	CGY	STL	1	1	-21	1	1	3	2	0	1	19289
471	2013	174	ANA	DET	0	-1	13	6	1	-1	46	11	0	17427
472	2013	175	BOS	TOR	1	1	4	12	-1	0	4	3	-1	17565
474	2013	175	CHI	LA	0	-1	-11	3	5	6	-4	1	0	21850
475	2013	175	NSH	EDM	1	1	0	12	-1	-1	4	4	-1	17113
476	2013	175	DAL	MIN	0	-3	-16	-2	5	4	-2	10	1	16167
477	2013	175	PHO	DET	0	-1	-5	15	4	1	2	7	-1	17428
478	2013	175	ANA	SJ	0	-2	-12	-1	0	3	6	4	0	16083
479	2013	176	TOR	FLA	1	1	-11	-13	1	1	-2	0	1	19379
480	2013	176	PIT	MTL	1	1	-12	-7	1	5	0	10	0	18646
481	2013	176	WSH	NYI	0	-1	-9	-1	-8	-2	-2	4	0	18506
482	2013	176	CAR	WPG	0	-3	4	0	-4	7	0	-1	-1	16225
483	2013	176	PHI	NYR	0	-3	3	-19	0	10	4	4	0	19961
484	2013	176	TB	BUF	1	1	11	4	6	-2	-2	-2	1	19204
485	2013	176	STL	EDM	0	-3	24	7	2	-1	-4	8	0	17260
486	2013	176	CHI	CGY	1	2	19	-5	2	4	-2	-4	0	21790
487	2013	176	VAN	CBJ	1	1	17	2	3	4	0	-22	0	18910
488	2013	177	BOS	MTL	0	-1	13	17	3	0	4	12	0	17565
489	2013	177	MIN	PHO	1	1	10	-1	2	6	-4	-5	0	19076
490	2013	177	CGY	COL	1	1	-3	-15	2	1	4	-9	0	19289
491	2013	177	SJ	ANA	1	4	7	-4	1	-5	-2	-8	1	17562
492	2013	178	TOR	CAR	1	3	14	-2	5	8	-14	4	0	19236
493	2013	178	PHI	NYI	0	-1	0	6	3	-1	4	-18	2	19906
494	2013	178	PIT	WPG	1	4	23	13	6	2	8	1	0	18649
496	2013	178	FLA	BUF	1	1	0	4	0	2	-2	-12	1	17044
497	2013	178	STL	LA	0	-2	-18	8	-1	-3	2	15	1	19770
498	2013	178	NSH	PHO	0	-3	9	-3	-6	4	-4	6	-1	17113
499	2013	178	EDM	CBJ	1	2	-5	-6	6	8	0	4	0	16839
500	2013	178	VAN	COL	1	3	-13	-7	8	3	4	-11	0	18910
501	2013	178	SJ	DET	1	2	-3	6	1	0	2	0	0	17562
502	2013	179	TB	NJ	1	1	0	3	0	7	4	8	-1	19204
503	2013	179	CHI	ANA	0	-1	2	6	-3	-5	-6	-2	1	22105
504	2013	179	DAL	MIN	1	2	0	6	-1	11	-14	-1	2	17376
505	2013	179	CGY	CBJ	0	-2	8	-21	-5	3	-6	8	1	19289
506	2013	180	PHI	BOS	1	2	-12	7	1	-1	0	9	1	19997
507	2013	180	PIT	NYI	1	2	-8	11	3	4	17	18	0	18673
508	2013	180	WPG	CAR	0	-2	7	-9	5	7	6	7	0	15004
509	2013	180	COL	NSH	1	1	-10	5	3	-4	10	8	0	15324
510	2013	180	MIN	LA	1	1	-3	3	4	1	-4	12	-1	19223
511	2013	180	BUF	WSH	0	-1	-15	-6	11	1	4	14	0	19070
514	2013	180	FLA	NJ	1	1	4	-5	5	2	2	-4	0	18138
515	2013	180	EDM	VAN	1	4	1	-2	4	2	-2	10	1	16839
516	2013	180	SJ	PHO	1	1	5	-2	-4	11	-2	-12	1	17562
517	2013	181	DET	CHI	0	-6	8	3	-3	1	-4	18	0	20066
518	2013	181	CBJ	ANA	1	1	-12	4	2	6	2	-7	0	13185
519	2013	181	BUF	BOS	0	-2	-5	-4	2	2	-6	15	0	19027
520	2013	181	DAL	LA	0	-1	-25	-14	-3	12	-2	12	1	15719
521	2013	181	PHI	WSH	1	1	5	-6	4	3	16	8	-1	19681
522	2013	182	NJ	NYI	0	-2	4	8	-2	4	2	3	-1	17625
523	2013	182	NYR	WPG	1	2	7	-8	3	3	8	8	0	17200
525	2013	182	DET	COL	1	1	-4	-7	4	0	2	-5	0	20066
526	2013	182	MIN	STL	0	-3	1	-3	-6	12	-8	-10	0	18786
527	2013	182	CHI	NSH	1	1	13	13	6	-3	-4	-22	0	21306
528	2013	182	DAL	ANA	0	-4	-4	-2	1	11	-4	9	-1	13748
529	2013	182	EDM	CGY	1	3	-14	-17	2	2	2	-1	0	16839
530	2013	182	SJ	VAN	1	1	10	7	3	11	-6	-3	1	17562
531	2013	183	BOS	OTT	1	1	3	-4	-4	-5	0	7	0	17565
532	2013	183	NYI	WPG	1	3	14	2	9	4	0	6	1	11819
533	2013	183	CAR	WSH	0	-2	15	7	-1	-1	-2	-14	1	16530
534	2013	183	PIT	BUF	0	-3	-9	-1	3	5	2	17	1	18642
535	2013	183	TB	FLA	0	-1	16	5	-2	6	0	-13	-2	17904
536	2013	183	NSH	COL	1	2	12	11	-1	1	-2	-11	1	16211
537	2013	183	PHO	LA	1	2	-9	8	1	4	0	16	0	12934
538	2013	184	NYR	PIT	1	5	12	8	12	-2	-14	-13	3	17200
539	2013	184	PHI	MTL	1	2	17	9	0	1	0	8	0	19882
540	2013	184	CGY	EDM	0	-6	-18	-7	1	-4	18	13	-3	19289
541	2013	184	ANA	DAL	1	3	2	-2	0	5	-2	-2	1	15165
542	2013	184	SJ	MIN	1	2	0	8	5	8	7	-17	2	17562
543	2013	185	BOS	NJ	1	1	-14	-3	-1	4	0	7	0	17565
544	2013	185	TOR	PHI	0	-2	-3	0	2	2	4	6	0	19619
545	2013	185	WSH	NYI	1	1	-14	5	1	6	0	14	0	18506
546	2013	185	CAR	TB	0	-5	15	-5	-4	5	-4	2	0	17042
548	2013	185	NSH	CBJ	0	-2	1	-8	5	-2	0	3	-1	17113
549	2013	185	CHI	STL	0	-1	14	-3	3	2	-12	-22	0	22081
550	2013	185	VAN	EDM	1	4	5	6	8	5	0	4	1	18910
551	2013	185	PHO	DET	1	2	2	0	6	-4	4	6	-2	16623
552	2013	185	LA	MIN	1	3	-9	0	-1	-1	-2	-1	0	18118
553	2013	186	BUF	OTT	1	2	-7	5	0	-1	4	3	0	18811
554	2013	186	PIT	NYR	1	1	-8	10	2	3	0	12	0	18659
555	2013	186	STL	CBJ	1	2	-8	-4	3	2	-4	-1	1	19224
556	2013	186	COL	DET	0	-1	4	-2	3	7	2	7	-1	18007
557	2013	186	ANA	DAL	0	-2	3	-7	5	2	4	7	0	16884
558	2013	186	SJ	CGY	1	1	17	7	0	1	-2	-6	-1	17562
559	2013	187	WPG	PHI	1	3	-6	6	-6	0	2	3	0	15004
560	2013	187	NSH	CHI	0	-1	-10	-10	-3	5	-4	20	0	17256
561	2013	187	LA	EDM	1	3	15	6	1	3	-2	-1	1	18118
563	2013	187	NJ	TOR	0	-1	10	-13	0	3	0	-30	0	17625
564	2013	187	NYI	TB	1	2	7	2	6	-1	4	-3	0	16170
565	2013	187	CAR	NYR	0	-3	10	-4	-8	1	0	6	-2	17457
566	2013	187	FLA	WSH	0	-1	-1	-3	2	2	17	19	-2	16886
567	2013	187	PHO	COL	1	4	4	7	4	1	0	-16	1	16648
568	2013	187	VAN	CGY	1	3	-16	-12	2	2	16	3	1	18910
569	2013	188	DET	STL	0	-1	3	-6	7	-1	-2	0	0	20066
570	2013	188	SJ	DAL	0	-1	2	12	1	-4	0	-2	0	17562
571	2013	188	FLA	OTT	1	1	-24	-5	3	-1	8	7	1	15552
572	2013	188	CBJ	MIN	0	-3	0	-2	0	2	-2	8	-2	15909
573	2013	188	WSH	TB	1	2	8	5	-2	4	0	14	-1	18506
574	2013	188	CHI	NSH	1	2	18	9	5	5	2	-20	0	22044
575	2013	188	BUF	NJ	1	1	-13	-3	4	3	4	27	-1	18703
576	2013	188	ANA	LA	1	1	-16	-7	-3	4	-4	-1	0	17494
577	2013	189	BOS	CAR	1	4	-6	-4	-8	7	-2	-5	0	17565
578	2013	189	TOR	NYR	1	1	-6	-3	-2	-2	0	-10	1	19437
579	2013	189	COL	CGY	0	-2	6	1	-2	5	4	14	0	13444
580	2013	189	VAN	PHO	1	2	22	-1	6	6	2	-4	0	18910
581	2013	189	ANA	EDM	1	1	10	-5	4	5	-4	0	0	15148
582	2013	190	NYI	PHI	1	3	5	-2	6	7	2	1	0	13888
583	2013	190	CAR	PIT	0	-2	-5	12	-7	-1	2	-9	1	17168
584	2013	190	CBJ	SJ	1	4	0	5	5	-1	-2	3	0	17771
586	2013	190	TB	OTT	1	1	-9	-1	-2	4	-6	5	1	17323
587	2013	190	WPG	BUF	1	3	0	4	5	-4	4	17	0	15004
588	2013	190	NSH	STL	0	-1	-11	10	-3	4	2	-7	0	15063
589	2013	190	MIN	CHI	0	-1	-11	-1	4	0	2	19	0	19158
590	2013	190	DAL	LA	1	4	1	8	4	6	2	4	-1	16367
591	2013	191	NJ	BOS	0	-1	10	-5	1	6	1	2	-1	17625
592	2013	191	NYR	TOR	1	1	3	-11	0	3	-2	-1	0	17200
593	2013	191	CGY	VAN	0	-3	12	-3	7	1	0	2	-1	19289
594	2013	191	EDM	PHO	0	-2	-2	-6	-5	2	4	7	-1	16839
595	2013	191	ANA	COL	0	-3	-6	0	0	-4	-2	-11	-1	14646
596	2013	192	BOS	NYI	0	-1	-5	3	-1	8	0	5	1	17565
597	2013	192	BUF	MTL	0	-4	-27	-8	2	4	6	13	-2	19070
598	2013	192	PHI	OTT	0	-2	-9	-4	1	7	18	2	-1	19598
599	2013	192	WSH	CAR	1	2	-13	-1	-3	7	-2	1	0	18506
600	2013	192	TB	PIT	0	-3	-22	3	5	4	14	2	0	19204
601	2013	192	DET	SJ	0	-1	-1	-9	3	6	0	6	0	20066
602	2013	192	WPG	FLA	1	5	8	2	5	8	-14	12	1	15004
603	2013	192	MIN	STL	0	-2	3	3	6	2	-4	3	0	18947
604	2013	192	LA	COL	1	1	9	11	0	4	-4	-16	1	18118
605	2013	193	NJ	OTT	0	-2	22	9	1	5	-4	-10	0	16099
606	2013	193	CBJ	STL	1	3	-13	3	1	-4	16	0	0	17007
607	2013	193	NSH	DAL	0	-3	10	-2	2	-4	3	6	0	16818
608	2013	193	CHI	DET	1	1	-1	16	3	7	2	-2	-1	22191
609	2013	193	CGY	PHO	1	1	-6	-4	7	6	2	3	1	19289
610	2013	194	BUF	PHI	1	1	-8	10	-2	3	2	0	0	19070
611	2013	194	COL	VAN	1	1	-1	5	5	4	0	8	0	15229
612	2013	194	TOR	MTL	1	4	-9	-1	1	13	-2	11	1	19651
613	2013	194	NYI	NYR	0	-1	9	5	4	9	4	1	0	16170
614	2013	194	WSH	TB	1	1	-2	7	5	8	-14	-2	2	18506
615	2013	194	CAR	BOS	1	2	8	-4	10	-1	-2	15	2	18680
616	2013	194	FLA	PIT	0	-2	4	-10	2	2	-4	-15	-1	18891
617	2013	194	MIN	CBJ	0	-1	19	2	-1	7	-8	-3	1	19187
618	2013	194	DAL	SJ	1	1	-13	-5	-2	7	-6	1	0	18007
619	2013	194	EDM	CGY	0	-3	-9	6	2	9	4	-1	-1	16839
620	2013	194	LA	ANA	1	1	-2	10	-1	3	-10	-12	1	18473
621	2013	195	STL	CHI	0	-2	4	13	-2	-2	0	9	0	19385
622	2013	195	BUF	TB	1	2	-11	2	0	-6	-4	1	1	18991
623	2013	195	NSH	DET	0	-3	-10	-2	0	5	0	8	0	17113
624	2013	209	BOS	OTT	0	-2	14	14	9	0	0	-7	1	17565
625	2013	196	TOR	NJ	1	2	-19	5	1	14	2	34	1	19425
627	2013	196	CHI	DAL	1	3	10	9	2	2	-2	-25	0	21986
628	2013	196	NSH	VAN	0	-3	14	-5	3	0	-8	-11	-2	16518
629	2013	196	COL	CBJ	0	-1	2	-18	3	0	-4	0	1	13694
630	2013	196	CGY	MIN	0	-1	-4	-11	-2	-3	0	-1	0	19289
631	2013	196	PHO	SJ	0	-4	-6	-17	-2	-4	-2	12	-1	13094
632	2013	197	NYI	FLA	1	3	3	-2	-3	8	4	-7	1	15922
633	2013	197	WSH	TOR	1	4	7	-1	1	6	-16	2	2	18506
635	2013	197	PHI	NYR	1	2	-18	7	0	0	6	2	1	19706
636	2013	197	WPG	TB	1	1	9	4	4	2	-4	3	1	15004
637	2013	197	STL	VAN	1	1	14	12	-2	0	-4	1	-1	17709
638	2013	197	EDM	MIN	0	-2	-11	-8	-4	4	2	10	0	16839
639	2013	197	SJ	LA	1	1	-8	-2	8	1	0	-16	-1	17562
640	2013	198	PIT	MTL	1	2	-6	-3	2	3	-18	12	2	18626
641	2013	198	BOS	BUF	0	-1	11	11	10	-8	8	-8	-2	17565
642	2013	198	CGY	DET	1	1	-21	0	1	6	6	11	0	19289
643	2013	198	ANA	CBJ	0	-1	0	3	-3	3	-2	-1	1	15074
644	2013	199	TOR	NYI	0	-2	-17	-11	-4	14	2	15	1	19676
645	2013	199	NYR	FLA	1	5	-5	4	0	-3	-6	4	2	17200
648	2013	199	PHI	NJ	0	-3	-8	-3	1	7	4	12	0	19727
649	2013	199	WPG	CAR	1	1	4	12	3	-5	-10	10	1	15004
650	2013	199	STL	PHO	1	1	-4	12	2	-3	2	-12	-1	17205
651	2013	199	DAL	VAN	1	4	-8	-1	3	-3	-6	-5	1	16571
652	2013	199	LA	CBJ	1	1	2	-1	-2	1	-10	-12	1	18118
653	2013	199	SJ	MIN	1	5	1	11	7	3	-2	2	1	17562
654	2013	201	BOS	PIT	0	-1	16	4	-2	-2	4	5	-1	17565
655	2013	200	BUF	NYR	0	-4	-1	-6	1	3	-6	-4	2	19003
656	2013	200	STL	DAL	1	1	-2	-1	2	2	-2	11	1	19328
657	2013	200	CHI	NSH	1	1	3	1	1	0	0	-16	2	22014
658	2013	200	COL	EDM	0	-3	10	14	9	2	0	-10	0	15890
659	2013	200	CGY	ANA	1	2	-2	-5	6	-3	8	-1	0	19289
660	2013	201	NJ	FLA	1	4	20	-3	-1	0	-2	3	0	16018
661	2013	201	WPG	NYI	0	-1	-5	-6	-4	-4	4	29	1	15004
664	2013	204	PIT	BUF	0	-2	9	11	-8	0	-16	8	1	18630
665	2013	201	CAR	PHI	0	-2	-9	-2	10	8	0	-5	0	18112
666	2013	201	CHI	PHO	0	-1	7	4	8	7	2	-16	2	22272
667	2013	201	VAN	DET	1	1	-20	-4	-3	7	-2	14	1	18910
668	2013	202	BOS	FLA	1	3	11	6	5	7	0	13	0	17565
669	2013	202	TB	CAR	0	-1	9	1	-4	2	4	8	1	19204
670	2013	202	MIN	CGY	0	-3	11	12	-1	3	0	1	-3	19039
671	2013	202	NYR	NJ	1	3	-5	-3	7	8	4	7	1	17200
672	2013	202	COL	STL	1	2	-1	-2	-2	6	0	-1	1	14606
673	2013	202	EDM	ANA	0	-2	-2	-1	0	-4	2	2	-1	16839
674	2013	202	SJ	CBJ	0	-1	13	-7	7	11	-2	-4	0	17562
675	2013	202	LA	DAL	1	1	4	21	4	3	-4	14	1	18118
676	2013	203	BUF	WPG	0	-1	-14	1	5	3	4	4	1	18654
678	2013	203	DET	PHO	1	4	-11	-4	1	13	-2	-10	3	20066
679	2013	203	EDM	ANA	0	-3	-4	-1	-7	2	0	1	-1	16839
680	2013	203	VAN	CHI	1	2	7	4	-2	2	-6	14	1	18910
681	2013	204	NJ	MTL	1	1	3	-9	-1	2	2	4	1	15219
682	2013	204	WSH	WPG	1	2	14	4	5	4	4	1	-1	18506
683	2013	204	CAR	NYI	1	1	-7	-14	2	-2	4	12	0	16601
684	2013	204	PHI	BOS	1	3	-12	-6	1	-4	0	-4	0	19717
685	2013	204	FLA	NYR	1	1	-22	-4	4	2	2	-3	1	17758
686	2013	204	STL	COL	1	2	16	1	-1	0	-4	-2	2	15427
687	2013	204	NSH	CGY	1	1	14	2	4	-1	-14	-12	1	17113
688	2013	204	MIN	LA	1	1	2	1	5	7	0	7	0	18825
689	2013	204	SJ	DAL	1	1	11	1	5	-1	4	-1	0	17562
690	2013	205	TB	TOR	1	3	-2	2	2	3	0	2	0	18826
691	2013	205	DET	LA	1	2	12	9	5	3	-4	-3	1	20066
692	2013	205	EDM	CHI	0	-3	-8	5	1	18	-4	5	0	16839
693	2013	205	PHO	SJ	1	1	-2	0	0	0	-4	3	1	12588
694	2013	206	PHI	NYI	1	1	8	1	-6	3	-4	-1	1	19798
695	2013	206	WSH	OTT	0	-1	-21	5	6	9	18	8	-1	18506
696	2013	206	CAR	NYR	0	-1	-17	13	4	1	2	9	0	17172
697	2013	206	NJ	PIT	1	1	14	0	-4	0	0	-9	0	16122
698	2013	206	FLA	TOR	0	-4	17	-3	1	5	-14	-14	0	16484
699	2013	206	DET	NSH	1	3	16	7	1	10	2	-9	0	20066
700	2013	206	WPG	MTL	0	-2	-5	-6	1	1	12	18	-1	15004
701	2013	206	STL	CGY	1	3	1	2	1	2	-12	-4	1	15302
702	2013	206	DAL	CBJ	0	-2	-3	7	10	9	2	-6	-1	16918
703	2013	206	VAN	ANA	0	-2	-1	-5	-4	2	-2	-8	0	18910
704	2013	207	BUF	NYI	1	1	-9	-1	-1	1	2	-8	0	19070
705	2013	207	MIN	EDM	0	-5	22	13	2	0	20	10	0	19090
706	2013	207	CHI	CGY	1	2	12	6	2	2	-4	-2	0	22048
707	2013	207	PHO	COL	0	-1	9	-10	4	1	-14	-7	0	16011
708	2013	208	TOR	MTL	0	-3	-11	1	6	8	26	6	1	19730
710	2013	208	PIT	CAR	1	5	5	10	3	2	2	-5	2	18658
711	2013	208	WSH	BOS	1	1	3	2	3	9	-6	8	3	18506
712	2013	208	TB	FLA	0	-2	-1	3	1	11	-2	-4	0	19204
713	2013	208	CBJ	NSH	1	2	27	24	3	5	-4	10	1	19002
714	2013	208	NYR	NJ	1	4	1	-5	2	3	-4	9	0	17200
715	2013	208	COL	MIN	0	-2	-3	4	-5	4	4	17	-1	17731
716	2013	208	STL	CHI	1	2	5	5	5	4	0	-4	0	19841
717	2013	208	DAL	DET	0	-3	-20	-1	4	7	2	16	0	18532
718	2013	208	EDM	VAN	1	5	7	2	3	-6	-12	1	0	16839
719	2013	208	ANA	PHO	0	-2	15	-10	0	4	-16	-5	1	17442
720	2013	208	LA	SJ	1	1	2	13	1	7	-2	-15	0	18443