1	2010	0	BOS	WSH	0	5	54	33	9	6	26	56	2	17565
2	2010	0	TOR	CANADIENS	0	7	73	51	14	37	52	59	4	19617
3	2010	0	COL	SJ	1	7	60	29	18	16	30	39	2	18007
4	2010	0	CGY	VAN	1	8	65	48	15	20	22	43	4	19289
5	2010	1	CAR	PHI	0	2	55	39	12	6	54	41	2	18680
6	2010	1	PIT	NYR	1	5	58	45	7	11	22	72	1	17132
7	2010	1	CHI	FLA	0	7	79	59	23	10	10	50	0	12056
8	2010	1	DET	STL	0	7	57	41	16	26	18	66	2	13850
9	2010	2	COL	VAN	1	3	62	34	24	16	42	36	2	13416
10	2010	2	BOS	CAR	1	9	69	43	6	9	88	30	5	16592
11	2010	2	BUF	CANADIENS	0	3	52	41	12	18	38	29	1	18690
12	2010	2	NJ	PHI	0	7	53	46	8	5	14	13	1	17625
13	2010	2	NYI	PIT	0	7	70	48	31	26	48	60	2	16234
14	2010	2	NYR	OTT	1	7	68	37	11	11	36	69	0	18200
15	2010	2	WSH	TOR	1	10	58	45	20	33	12	46	1	18277
16	2010	2	ATLANTA	TB	1	9	67	47	25	9	60	31	2	18545
17	2010	2	FLA	CHI	0	4	56	29	14	8	16	51	3	11526
18	2010	2	CBJ	MIN	1	3	72	46	8	9	14	49	1	18159
19	2010	2	DAL	NSH	0	5	66	49	27	18	18	59	2	18532
20	2010	2	STL	DET	1	8	65	46	12	26	24	67	4	13850
21	2010	2	EDM	CGY	0	7	55	49	7	30	38	45	2	16839
22	2010	2	ANA	SJ	0	5	62	27	10	13	80	47	2	17281
23	2010	2	LA	PHO	0	9	63	43	7	26	18	52	4	18118
24	2010	4	NJ	NYR	0	5	53	36	13	7	36	37	3	17625
25	2010	4	VAN	CBJ	0	8	67	55	14	6	16	38	1	18810
26	2010	5	TOR	OTT	0	3	55	42	14	16	16	62	1	18830
27	2010	5	PHI	WSH	1	11	77	39	20	30	40	32	4	19567
28	2010	5	CAR	TB	1	3	58	37	17	19	36	67	2	16186
29	2010	5	MIN	ANA	1	7	51	51	11	24	32	31	4	18256
30	2010	5	CGY	CANADIENS	1	7	58	47	10	15	22	30	1	19289
31	2010	5	EDM	DAL	1	9	58	37	19	23	44	39	4	16839
32	2010	5	LA	SJ	1	10	59	47	8	22	38	48	5	15035
33	2010	6	PIT	PHO	0	3	49	34	4	16	36	45	2	16975
34	2010	6	VAN	CANADIENS	1	8	63	45	8	3	30	29	4	18810
35	2010	7	BOS	ANA	0	7	64	40	6	9	16	39	2	16158
36	2010	7	BUF	PHO	1	3	63	40	7	11	40	24	2	18690
38	2010	7	PHI	PIT	0	9	59	43	15	18	66	30	3	19611
39	2010	7	WSH	NYR	0	7	57	45	28	28	24	38	2	18277
40	2010	7	TB	NJ	0	7	78	53	14	19	20	30	2	17454
41	2010	7	DET	CHI	1	5	57	35	12	34	30	50	3	20066
42	2010	7	STL	ATLANTA	0	6	53	38	17	15	10	47	1	19150
43	2010	7	NSH	COL	1	5	61	47	17	18	10	34	2	14797
44	2010	7	EDM	CGY	0	7	56	39	13	32	26	48	1	16839
45	2010	7	LA	MIN	1	9	52	47	8	27	16	43	3	14995
46	2010	7	SJ	CBJ	1	9	55	50	10	18	40	56	1	17562
47	2010	8	CAR	FLA	1	9	60	51	21	5	20	42	0	13597
48	2010	8	CGY	DAL	0	7	53	41	10	14	16	27	2	19289
49	2010	9	BOS	NYI	1	7	68	38	14	6	24	45	1	17113
50	2010	9	TOR	PIT	0	7	53	50	18	17	48	57	3	19374
52	2010	9	PHI	ANA	0	5	68	38	21	19	26	31	2	19603
53	2010	9	FLA	NJ	0	5	62	36	3	11	20	54	3	18802
54	2010	9	DET	WSH	1	5	61	50	12	25	16	57	3	19122
55	2010	9	TB	CAR	1	7	65	41	11	16	24	38	3	14212
56	2010	9	STL	LA	0	3	56	38	12	2	22	49	1	19150
57	2010	9	NSH	BUF	0	1	67	47	14	15	14	38	0	14209
58	2010	9	CHI	COL	1	7	45	35	6	7	20	37	2	20655
59	2010	9	PHO	CBJ	0	2	55	32	3	6	22	43	0	17532
60	2010	9	EDM	CANADIENS	1	5	54	42	16	26	30	41	0	16839
61	2010	9	SJ	MIN	1	6	69	45	15	15	24	33	2	17562
62	2010	10	NYR	ANA	1	3	56	40	20	6	18	76	2	18200
63	2010	10	VAN	DAL	1	7	60	37	15	13	18	43	3	18810
64	2010	11	BOS	COL	0	7	54	46	4	2	22	50	2	16393
65	2010	11	NYI	LA	0	3	51	41	21	17	22	56	1	12145
66	2010	11	NYR	TOR	1	9	62	40	13	2	32	70	3	18200
67	2010	11	WSH	NJ	0	5	62	30	23	26	28	52	0	18277
69	2010	11	TB	FLA	1	5	64	33	11	18	20	40	3	14126
70	2010	11	NSH	EDM	0	7	61	38	23	20	30	25	1	12179
71	2010	11	CHI	CGY	1	11	59	55	10	8	20	40	0	20074
72	2010	11	SJ	PHO	0	1	56	46	12	18	24	49	0	17562
73	2010	12	BUF	DET	1	8	62	44	6	29	16	45	2	17459
74	2010	12	CBJ	CGY	1	3	56	53	12	7	28	71	1	13280
75	2010	12	TOR	COL	0	5	59	40	10	23	40	47	3	19148
76	2010	13	NYR	LA	1	6	57	34	8	5	30	59	3	18200
77	2010	13	CHI	EDM	1	7	57	42	11	14	14	39	2	20124
78	2010	13	DAL	NSH	1	6	55	42	16	13	16	51	2	16365
79	2010	13	ANA	MIN	1	5	69	35	10	15	26	23	0	15111
80	2010	14	WSH	SJ	1	5	64	39	17	16	16	24	1	18277
81	2010	301	CAR	PIT	0	0	0	1	0	0	0	0	0	0
84	2010	14	DET	LA	1	7	58	48	18	24	22	44	1	17782
85	2010	14	NSH	CHI	0	4	43	45	17	14	10	28	1	13103
86	2010	14	PHO	STL	1	5	58	39	5	6	12	49	1	6899
87	2010	15	NJ	ATLANTA	0	6	49	40	4	4	30	12	2	14187
88	2010	15	BUF	NYI	1	9	73	45	14	31	24	35	2	18690
89	2010	15	FLA	PHI	1	6	55	51	3	11	30	55	1	15557
90	2010	15	DAL	BOS	0	3	56	49	16	17	8	68	1	17811
91	2010	15	CGY	VAN	1	8	53	33	14	10	48	33	3	19289
92	2010	15	EDM	MIN	1	7	50	44	9	33	18	31	1	16839
93	2010	16	BUF	ATLANTA	0	6	69	48	8	31	20	46	3	18690
94	2010	16	TOR	NYR	0	5	63	37	16	22	20	47	1	19295
96	2010	16	NJ	CAR	1	2	55	33	17	10	20	21	0	15021
97	2010	16	NYI	SJ	0	5	61	46	7	10	30	33	3	11287
98	2010	16	WSH	NSH	1	5	59	50	14	19	14	30	1	18277
99	2010	16	DET	COL	0	7	60	46	12	16	22	46	1	19763
100	2010	16	CBJ	LA	1	5	52	32	4	2	26	45	2	15251
101	2010	16	PIT	TB	1	5	56	36	7	12	26	46	2	17132
102	2010	16	CHI	DAL	0	7	57	29	9	11	20	38	0	20424
103	2010	16	PHO	BOS	1	5	59	51	3	3	22	41	2	9162
104	2010	16	VAN	MIN	1	3	57	28	12	8	18	17	0	18810
105	2010	16	ANA	STL	0	5	58	35	11	18	36	45	2	14902
106	2010	18	NYR	SJ	0	10	59	34	12	7	20	55	3	18200
107	2010	18	DAL	LA	0	5	62	26	27	21	18	58	1	16210
108	2010	18	EDM	VAN	1	3	69	44	12	33	26	26	0	16839
109	2010	19	PIT	STL	1	6	66	39	3	17	12	60	2	17132
110	2010	19	CANADIENS	ATLANTA	1	3	58	33	15	42	43	39	0	21273
111	2010	19	CGY	CBJ	1	9	52	34	12	19	36	20	2	19289
112	2010	20	BOS	NSH	1	5	57	47	9	10	8	32	0	16715
113	2010	20	NYI	CAR	1	7	67	52	49	25	22	59	1	9122
114	2010	20	FLA	BUF	0	7	79	43	3	13	50	44	2	12607
115	2010	20	MIN	COL	1	5	61	41	15	22	24	51	2	18175
116	2010	20	CHI	VAN	0	5	51	36	11	6	24	51	2	20077
117	2010	20	ANA	DAL	0	6	64	47	10	19	28	41	1	14503
118	2010	21	CANADIENS	NYI	1	6	65	43	14	36	24	33	2	21273
119	2010	21	NYR	NJ	0	6	56	46	11	4	18	62	1	18200
120	2010	21	PHI	BOS	1	7	65	72	15	13	18	36	1	19303
121	2010	21	ATLANTA	WSH	0	9	54	38	27	16	30	17	2	13192
122	2010	21	OTT	NSH	0	11	69	54	23	25	44	29	3	18970
123	2010	21	TB	SJ	1	7	59	43	12	15	8	33	1	13343
124	2010	21	EDM	CBJ	1	10	64	43	12	34	26	36	4	16839
125	2010	21	PHO	DET	1	5	60	44	10	3	22	39	2	11938
126	2010	21	LA	DAL	1	9	52	39	6	17	22	63	1	15025
127	2010	22	PIT	FLA	1	5	72	55	6	15	34	34	2	16971
128	2010	22	STL	MIN	1	4	47	36	8	10	28	43	0	19150
129	2010	22	COL	CAR	1	9	72	43	26	24	55	41	3	13673
130	2010	23	CANADIENS	NYR	1	9	58	58	8	36	22	48	1	21273
131	2010	23	OTT	BOS	0	7	58	38	20	20	44	58	0	20154
132	2010	23	NYI	WSH	0	5	54	53	19	19	12	53	0	11541
133	2010	23	PHI	FLA	1	6	56	39	14	15	33	21	2	19007
134	2010	23	ATLANTA	SJ	0	7	51	45	22	7	26	21	3	14945
135	2010	23	VAN	TOR	1	4	61	41	19	18	34	33	3	18810
136	2010	23	PIT	NJ	0	5	59	40	6	13	14	64	1	17132
137	2010	23	TB	BUF	0	5	58	48	13	15	14	37	0	15804
138	2010	23	STL	DAL	0	5	59	42	10	6	84	35	1	19150
139	2010	23	MIN	CAR	1	5	52	39	9	7	38	21	2	18145
140	2010	23	CHI	NSH	1	2	61	49	3	8	14	34	0	20272
141	2010	23	COL	DET	1	4	72	37	26	20	22	25	0	17690
142	2010	23	PHO	LA	0	8	54	32	11	8	18	37	4	7968
143	2010	23	CGY	EDM	1	7	63	42	11	8	62	23	4	19289
144	2010	23	ANA	CBJ	0	10	73	58	6	19	12	47	2	14468
145	2010	24	PHI	SJ	0	5	66	48	15	16	34	33	1	19126
146	2010	24	LA	CBJ	1	8	52	36	5	25	34	50	3	15820
147	2010	24	VAN	EDM	1	2	56	49	12	15	30	29	1	18810
148	2010	25	NYR	PHO	1	7	56	35	11	5	22	60	2	18200
149	2010	25	CANADIENS	NYI	1	5	62	40	20	44	14	47	2	21273
150	2010	25	CHI	MIN	1	4	56	34	6	7	34	52	2	20046
151	2010	25	ANA	TOR	0	9	67	42	10	19	74	41	6	14291
152	2010	26	WSH	PHI	1	6	79	55	11	17	16	34	3	18277
153	2010	26	EDM	COL	0	3	58	41	9	31	18	35	0	16839
154	2010	26	VAN	DET	0	9	68	48	11	15	24	33	4	18810
155	2010	27	NJ	BUF	0	5	59	43	18	14	20	45	2	14182
156	2010	27	NYI	NYR	1	4	67	48	25	18	16	62	1	15213
157	2010	27	CAR	STL	0	7	54	44	12	12	34	60	2	15549
158	2010	27	CBJ	PHO	0	5	55	43	12	2	48	43	4	13184
159	2010	27	PIT	CANADIENS	1	7	61	43	8	10	20	24	3	16965
160	2010	27	FLA	OTT	0	7	67	39	11	12	26	53	2	12596
161	2010	27	MIN	NSH	0	7	44	46	9	12	14	27	2	18199
162	2010	27	DAL	TOR	1	7	72	56	18	18	10	66	2	16302
163	2010	27	CGY	COL	0	5	46	44	10	18	10	28	0	19289
164	2010	27	SJ	LA	1	3	59	56	17	12	8	33	0	17562
165	2010	28	BOS	NJ	0	3	63	33	7	4	6	49	0	17565
166	2010	28	ATLANTA	WSH	0	7	73	45	21	21	14	30	3	12893
167	2010	28	TB	OTT	1	7	50	38	12	19	46	31	2	13213
168	2010	28	STL	PHO	0	2	61	45	9	17	10	42	0	18087
169	2010	28	NSH	CHI	1	2	50	35	19	15	34	36	1	13585
170	2010	28	EDM	DET	1	11	78	50	9	35	10	23	2	16839
171	2010	28	LA	VAN	0	3	46	47	11	18	14	50	0	16838
172	2010	29	WSH	NYI	0	7	70	46	19	27	18	38	2	18277
173	2010	29	CBJ	PIT	0	7	64	44	11	6	28	47	1	19136
174	2010	29	BUF	TOR	1	5	63	41	9	25	28	32	2	18300
175	2010	29	MIN	NYR	1	5	52	50	9	14	10	66	0	18106
176	2010	29	CHI	CANADIENS	1	5	58	41	9	10	41	46	1	20807
177	2010	29	DAL	FLA	0	11	66	48	21	25	16	51	1	16824
178	2010	29	ANA	VAN	1	9	72	54	17	25	12	39	3	14756
179	2010	29	SJ	COL	1	4	71	46	15	27	20	36	0	17562
180	2010	30	BOS	EDM	1	2	46	30	2	6	6	46	0	17565
181	2010	30	PHI	CAR	1	7	68	36	14	22	68	29	1	19076
182	2010	30	OTT	ATLANTA	0	4	72	55	15	18	12	50	1	17297
183	2010	30	TB	NJ	0	3	57	50	11	20	24	46	0	12154
184	2010	30	CANADIENS	TOR	1	9	69	54	16	46	34	34	2	21273
185	2010	30	NYI	BUF	1	5	68	44	35	24	50	27	1	8889
186	2010	30	PIT	MIN	0	3	50	46	6	11	28	52	0	16960
187	2010	30	STL	FLA	0	4	61	51	13	4	12	33	0	17943
188	2010	30	NSH	DAL	1	6	62	43	17	22	24	40	2	12520
189	2010	30	PHO	ANA	1	5	66	42	10	3	56	53	2	6495
190	2010	30	CGY	DET	0	4	51	48	15	26	12	30	0	19289
191	2010	31	NYR	BOS	1	1	52	34	10	1	14	69	0	18200
192	2010	31	CAR	SJ	0	6	51	42	10	6	16	66	1	15089
193	2010	31	WSH	CBJ	0	9	68	48	17	16	36	52	3	18277
194	2010	31	VAN	COL	1	3	38	39	17	14	18	34	0	18810
195	2010	32	NYI	EDM	1	4	60	41	33	19	32	50	0	10846
196	2010	32	PHI	TB	1	8	59	46	17	23	30	32	2	18667
197	2010	32	PHO	LA	0	8	43	30	12	8	20	50	1	5855
198	2010	33	DET	BOS	1	2	55	51	11	27	16	55	1	19167
199	2010	33	TOR	TB	0	3	73	44	12	26	38	43	1	19301
200	2010	33	CANADIENS	ATLANTA	0	9	68	35	15	56	18	45	1	21273
201	2010	33	VAN	NYR	1	5	53	37	10	17	94	50	1	18810
202	2010	33	ANA	PIT	0	7	56	39	10	21	20	47	0	16128
203	2010	34	BUF	NYI	1	3	63	36	5	21	22	27	2	17626
204	2010	34	NJ	WSH	1	5	60	51	7	5	22	29	2	13498
205	2010	34	CBJ	SJ	0	5	66	52	6	6	36	57	2	13401
206	2010	34	FLA	CAR	1	3	57	33	10	12	28	54	1	12424
207	2010	34	DAL	CGY	0	5	63	33	13	15	16	61	1	16369
208	2010	34	COL	PHO	1	5	58	46	19	23	20	29	2	11012
209	2010	35	BOS	CANADIENS	0	3	69	48	12	7	14	58	0	17565
210	2010	35	ATLANTA	CBJ	0	7	56	42	11	11	20	19	2	10878
211	2010	35	OTT	TB	1	5	49	39	24	17	56	42	4	17511
212	2010	35	DET	SJ	1	3	70	44	14	20	14	59	0	19558
213	2010	35	STL	CGY	0	3	62	49	4	5	32	46	1	17559
214	2010	35	MIN	VAN	0	7	52	34	12	12	18	37	1	18105
215	2010	35	PHO	CHI	1	4	55	35	5	3	16	41	0	10362
216	2010	35	EDM	NYR	0	6	67	31	15	35	22	41	3	16839
217	2010	35	ANA	NSH	1	4	71	47	12	19	32	28	1	14298
218	2010	35	LA	PIT	1	7	55	50	11	21	16	58	0	18118
219	2010	36	NJ	NYI	1	3	55	33	8	14	26	46	1	14109
220	2010	36	CAR	TOR	0	5	62	44	10	8	10	48	1	14164
221	2010	36	BUF	PHI	0	7	67	51	4	15	24	27	2	18525
222	2010	36	FLA	WSH	0	5	54	47	7	9	21	52	2	15877
223	2010	36	DAL	VAN	1	3	80	49	30	30	10	63	1	17235
224	2010	36	COL	CHI	1	7	54	50	26	16	26	35	1	15616
225	2010	37	LA	NSH	0	4	53	36	9	19	20	36	2	15237
226	2010	37	BOS	BUF	1	6	67	51	3	7	90	35	2	17565
227	2010	37	TOR	DET	1	6	64	36	24	19	14	39	1	19303
228	2010	37	CANADIENS	TB	0	4	58	39	9	32	12	40	2	21273
229	2010	37	OTT	NJ	0	5	46	32	11	23	50	70	3	18781
230	2010	37	NYI	ATLANTA	1	9	79	44	28	18	16	60	1	14119
231	2010	37	PHI	STL	1	3	67	58	19	19	36	34	1	19542
232	2010	37	WSH	FLA	1	11	60	49	20	11	26	64	1	18277
233	2010	37	CBJ	CAR	1	5	52	48	9	8	16	43	0	14850
234	2010	37	MIN	DAL	1	5	58	46	2	3	24	62	2	18558
235	2010	37	CGY	NYR	1	4	55	39	9	20	16	34	1	19289
236	2010	37	ANA	PHO	1	7	56	38	10	18	20	44	2	15269
237	2010	37	SJ	PIT	1	5	62	48	17	16	68	44	2	17562
238	2010	38	ATLANTA	STL	1	5	72	41	19	9	20	20	1	10904
239	2010	38	COL	EDM	0	8	69	44	10	9	32	24	4	12118
240	2010	39	CHI	LA	1	5	47	54	25	10	14	47	2	20293
241	2010	40	BOS	PIT	1	3	56	44	6	6	6	46	0	17565
242	2010	40	TOR	MIN	0	7	70	37	17	25	16	39	2	19063
243	2010	40	CANADIENS	CGY	0	1	56	41	11	35	46	47	0	21273
244	2010	40	OTT	EDM	1	7	59	51	20	26	6	43	0	17977
245	2010	40	STL	VAN	1	7	53	39	8	11	112	39	2	17175
246	2010	40	SJ	NSH	1	7	55	44	23	24	6	35	0	17562
247	2010	41	BUF	EDM	1	4	55	40	5	20	37	16	1	17797
248	2010	41	NJ	ANA	1	4	57	26	17	10	14	42	0	14123
249	2010	41	WSH	NYI	1	9	72	58	16	23	12	35	3	18277
250	2010	41	CAR	LA	0	7	55	40	5	8	14	65	2	13510
251	2010	41	CBJ	DET	0	10	65	43	7	2	22	44	2	15304
252	2010	41	CHI	COL	1	5	66	45	10	3	32	45	0	20879
253	2010	42	BOS	FLA	0	1	63	49	8	8	20	41	0	17074
254	2010	42	NYR	ATLANTA	0	8	63	54	14	5	44	46	3	18200
255	2010	42	PHI	OTT	1	6	50	46	9	20	20	27	3	19321
256	2010	42	PIT	NJ	0	5	51	42	7	16	14	56	1	17005
257	2010	42	TB	MIN	1	7	56	41	10	19	20	35	2	14530
258	2010	42	DET	VAN	1	4	61	58	17	26	28	54	2	20066
259	2010	42	STL	NSH	0	4	59	47	14	22	31	27	0	19150
260	2010	42	PHO	CANADIENS	0	6	40	51	9	6	20	54	2	10064
261	2010	42	SJ	DAL	0	5	68	44	12	15	28	59	0	17562
262	2010	43	WSH	MIN	1	4	71	49	20	18	10	38	1	18277
263	2010	43	CAR	NYI	0	7	53	45	20	12	22	70	3	14163
264	2010	43	CBJ	ANA	1	5	63	38	13	5	20	50	1	15577
265	2010	43	BUF	CGY	1	3	59	46	11	33	44	44	1	18690
266	2010	43	ATLANTA	LA	1	7	59	47	33	14	77	24	1	15638
267	2010	43	CHI	TOR	1	5	65	46	22	12	24	48	1	21036
268	2010	44	TOR	CGY	0	7	62	52	14	21	44	50	3	19316
269	2010	44	OTT	NYR	0	3	64	33	20	25	16	47	0	17561
270	2010	44	NJ	WSH	1	7	52	43	4	11	6	23	2	16521
271	2010	44	PHI	BUF	0	5	56	38	15	22	30	34	2	19641
272	2010	44	FLA	NYI	1	9	82	57	15	11	18	47	3	15921
273	2010	44	DET	ANA	1	11	60	48	11	25	22	61	5	20066
274	2010	44	PIT	BOS	1	11	66	48	4	13	24	38	1	17132
275	2010	44	TB	LA	0	3	59	37	9	16	56	45	1	16612
276	2010	44	STL	SJ	0	4	56	35	4	17	30	44	2	19150
277	2010	44	NSH	CANADIENS	1	2	75	44	13	19	16	28	1	15604
278	2010	44	PHO	DAL	1	5	59	46	3	4	28	38	1	11319
279	2010	44	COL	VAN	0	10	64	42	17	11	42	34	2	15823
280	2010	45	CAR	MIN	1	9	67	50	15	13	18	33	3	12194
281	2010	45	ATLANTA	EDM	1	5	66	35	26	11	16	24	2	11091
282	2010	45	CHI	SJ	1	7	53	34	21	12	22	38	1	21130
283	2010	46	BOS	NYI	0	5	50	45	5	6	30	48	0	16865
284	2010	46	PHI	NJ	1	5	70	48	17	18	18	30	2	19673
285	2010	46	CBJ	EDM	1	5	57	35	11	6	46	48	4	13030
286	2010	46	PIT	ANA	1	7	51	34	4	12	28	52	1	17052
287	2010	46	FLA	LA	0	7	63	44	9	10	32	48	3	12502
288	2010	46	PHO	TB	0	5	50	37	2	4	39	51	1	9503
289	2010	47	NYR	WSH	0	6	46	43	14	5	30	61	3	18200
290	2010	47	CANADIENS	CAR	1	5	67	52	15	23	20	38	0	21273
291	2010	47	OTT	TOR	1	5	53	47	14	24	60	52	1	17406
292	2010	47	NSH	SJ	1	7	63	55	13	21	12	36	2	13324
293	2010	47	CGY	COL	0	5	60	41	12	14	38	23	1	19289
294	2010	48	BUF	FLA	0	8	52	36	7	39	14	28	2	18546
295	2010	48	DET	DAL	0	4	64	36	11	17	32	62	2	18112
296	2010	48	MIN	PHO	0	5	58	43	6	16	10	33	1	18110
297	2010	48	EDM	COL	1	10	51	43	11	26	40	25	1	16839
298	2010	48	LA	PHI	0	5	59	49	8	23	16	59	2	17821
299	2010	49	CAR	TOR	1	11	77	59	13	10	40	70	2	13502
300	2010	49	ATLANTA	BOS	0	7	77	47	19	11	18	25	2	12112
301	2010	49	OTT	PIT	1	8	58	39	27	20	24	54	2	17039
302	2010	49	STL	PHO	1	5	66	34	11	12	16	27	0	17107
303	2010	49	NSH	NJ	1	5	56	46	18	22	12	31	1	13445
304	2010	49	DAL	CBJ	0	5	54	36	16	21	73	56	3	16155
305	2010	49	CGY	CHI	0	8	54	41	24	21	38	28	5	19289
306	2010	49	ANA	TB	1	7	51	38	12	12	32	44	4	14555
307	2010	50	WSH	CANADIENS	0	5	56	57	21	29	24	43	1	18277
308	2010	50	BUF	BOS	0	3	52	43	12	32	12	51	1	18291
309	2010	50	DET	FLA	0	3	60	38	16	21	12	62	1	18634
310	2010	50	MIN	NYI	1	5	58	40	8	13	54	36	1	18114
311	2010	50	VAN	COL	1	7	51	39	13	13	36	31	4	18810
312	2010	50	SJ	PHI	1	9	58	51	18	22	48	51	2	17562
313	2010	51	LA	CGY	0	7	57	38	5	17	22	57	2	16336
314	2010	51	TOR	WSH	1	3	71	46	19	35	12	42	0	19455
315	2010	51	CANADIENS	DET	0	5	52	48	10	38	16	39	2	21273
316	2010	51	OTT	BUF	1	8	67	36	26	9	28	53	2	17206
317	2010	51	NYR	FLA	0	5	62	45	19	5	6	64	0	18200
318	2010	51	CAR	TB	1	4	48	40	23	10	18	69	2	13224
319	2010	51	ATLANTA	PIT	0	5	67	52	14	8	42	36	1	17588
320	2010	51	STL	NYI	1	5	50	46	10	3	12	42	0	19150
321	2010	51	NSH	CBJ	1	7	77	48	16	20	22	32	3	13790
322	2010	51	DAL	NJ	1	8	60	43	30	43	18	101	4	17514
323	2010	51	PHO	PHI	1	4	44	35	3	7	20	45	2	11106
324	2010	51	EDM	CHI	0	7	57	43	11	20	8	36	2	16839
325	2010	51	ANA	SJ	0	5	66	38	9	19	28	39	3	15066
326	2010	52	ATLANTA	TB	0	7	71	48	17	8	22	29	1	13342
327	2010	52	VAN	CHI	0	1	47	39	14	14	28	26	0	18810
328	2010	53	NSH	DET	1	4	56	51	28	24	12	36	2	14410
329	2010	53	TOR	NYI	0	7	82	48	17	21	16	28	0	19263
330	2010	53	NYR	CBJ	1	11	63	41	13	11	30	70	1	18200
331	2010	53	OTT	WSH	1	7	65	50	24	18	10	47	1	16210
332	2010	53	FLA	PIT	0	5	66	47	10	11	28	52	1	17024
333	2010	53	STL	BOS	0	6	54	46	10	17	22	39	2	19150
334	2010	53	DAL	CAR	1	2	51	38	20	31	34	79	2	16243
335	2010	53	COL	PHI	1	9	65	48	22	17	28	27	1	13281
336	2010	53	EDM	PHO	1	4	61	43	15	34	28	27	1	16839
337	2010	53	ANA	CGY	1	5	74	50	11	21	28	51	0	15348
338	2010	54	CANADIENS	CBJ	1	8	65	38	11	19	14	31	2	21273
339	2010	55	NJ	OTT	1	4	46	42	16	13	14	42	0	14056
340	2010	55	NYI	PHI	0	3	57	50	43	23	32	44	2	12687
341	2010	55	WSH	BUF	1	2	49	39	15	29	19	42	0	18277
342	2010	55	TB	TOR	0	7	66	67	14	21	12	32	1	15333
343	2010	55	PIT	CANADIENS	1	4	49	40	7	11	6	79	0	17094
344	2010	55	FLA	NYR	0	3	54	40	10	6	48	50	1	16281
345	2010	55	DET	ATLANTA	0	2	65	42	14	26	14	48	1	19751
346	2010	55	MIN	BOS	0	3	45	37	10	12	20	41	1	18208
347	2010	55	DAL	STL	0	7	75	59	28	27	38	66	2	18156
348	2010	55	COL	NSH	0	7	49	42	18	12	14	29	3	12356
349	2010	55	CGY	PHO	1	3	54	46	25	28	18	27	1	19289
350	2010	55	EDM	LA	0	4	58	39	11	52	32	44	0	16839
351	2010	55	ANA	CAR	1	5	63	45	11	14	10	39	1	14766
352	2010	55	SJ	CHI	0	9	65	43	20	14	16	43	1	17562
353	2010	56	OTT	CBJ	1	3	69	33	15	16	20	47	2	19244
354	2010	56	VAN	LA	1	5	66	45	19	13	22	38	0	18810
355	2010	57	BOS	NJ	0	3	70	55	7	10	22	64	0	17565
356	2010	57	PHI	BUF	0	6	58	53	15	17	65	29	1	19673
357	2010	57	NYI	PIT	1	5	58	51	34	27	52	45	0	15262
358	2010	57	MIN	COL	1	8	66	55	8	10	16	50	3	18365
359	2010	57	ANA	CHI	1	3	62	31	9	14	18	36	3	15068
360	2010	57	CAR	ATLANTA	0	10	70	59	15	7	14	44	0	14463
361	2010	57	TB	NYR	1	6	58	57	11	15	74	28	2	17608
362	2010	57	FLA	TOR	0	10	63	52	10	10	28	31	4	16101
363	2010	57	DET	CGY	0	3	57	54	10	16	16	68	0	20066
364	2010	57	NSH	STL	0	4	76	43	29	23	26	29	0	13170
365	2010	57	EDM	SJ	0	9	64	52	14	33	32	38	0	16839
366	2010	57	PHO	DAL	1	7	61	42	8	2	14	40	1	10691
367	2010	58	NJ	NYI	1	7	65	45	18	10	34	38	2	16961
368	2010	58	BOS	OTT	1	7	55	36	5	4	18	52	4	17565
369	2010	58	BUF	CAR	1	6	55	40	5	28	20	27	2	18690
370	2010	58	CANADIENS	WSH	0	7	47	41	10	33	14	29	3	21273
371	2010	58	ATLANTA	PHI	1	1	52	45	27	15	65	30	1	16018
372	2010	58	CBJ	CGY	0	7	64	58	7	10	10	79	2	17772
373	2010	58	PIT	NYR	1	11	58	41	8	10	63	60	2	17122
374	2010	58	STL	DET	0	7	71	67	10	18	6	57	1	19150
375	2010	58	NSH	FLA	1	5	53	45	27	28	38	37	0	14120
376	2010	58	DAL	TB	1	7	66	47	13	25	22	67	4	17334
377	2010	58	COL	MIN	0	5	58	44	26	12	20	37	1	15303
378	2010	58	VAN	EDM	1	10	69	44	14	20	36	32	6	18810
379	2010	58	LA	CHI	1	3	55	43	8	23	14	66	1	18118
380	2010	59	ANA	PHO	0	5	54	43	7	14	18	48	1	13023
381	2010	59	VAN	SJ	0	6	57	46	15	11	18	30	1	18810
382	2010	60	TOR	BUF	0	3	69	40	18	20	22	48	0	19110
383	2010	60	NYR	PIT	0	7	64	43	18	7	16	63	1	18200
384	2010	60	CAR	WSH	0	5	73	51	21	15	51	66	1	12797
385	2010	60	ATLANTA	FLA	1	7	63	37	40	20	8	28	1	10310
386	2010	60	CBJ	STL	1	7	56	47	14	8	18	45	1	12391
387	2010	60	TB	COL	0	3	62	40	7	13	40	34	1	12214
388	2010	60	DET	DAL	1	5	62	23	9	20	16	59	0	17645
389	2010	60	NSH	CGY	0	5	52	46	23	25	20	32	2	10581
390	2010	61	CANADIENS	TOR	0	3	57	46	15	53	8	39	0	21273
391	2010	61	CHI	CBJ	1	7	49	42	8	7	14	46	2	20363
392	2010	61	ANA	LA	0	7	72	36	10	14	28	62	2	14231
393	2010	61	SJ	OTT	1	7	60	46	23	34	24	39	1	17562
394	2010	62	BOS	TB	1	5	79	42	3	8	16	50	1	16553
395	2010	62	NJ	VAN	0	7	55	44	12	18	14	40	0	13586
396	2010	62	FLA	COL	1	11	78	51	6	4	54	44	4	12403
397	2010	62	MIN	NSH	1	9	62	52	15	10	18	39	1	18071
398	2010	63	BUF	CANADIENS	1	8	60	49	4	16	16	35	0	18690
399	2010	63	PHI	VAN	0	3	67	37	15	19	42	34	0	18892
400	2010	63	WSH	FLA	1	8	72	32	13	19	55	29	3	18277
401	2010	63	ATLANTA	NYI	0	5	54	46	25	13	10	25	1	11704
402	2010	63	CBJ	TOR	0	9	61	44	8	8	30	42	2	13825
403	2010	63	PIT	COL	1	5	49	46	4	16	24	66	2	16968
404	2010	63	DET	EDM	0	5	64	42	9	19	8	64	0	18018
405	2010	63	DAL	ANA	1	4	64	34	18	23	15	72	0	16217
406	2010	63	PHO	CGY	1	3	60	33	10	0	14	56	0	9868
407	2010	63	LA	OTT	1	9	54	39	9	24	22	63	2	14997
408	2010	63	SJ	STL	0	5	64	39	17	17	38	51	0	17424
409	2010	64	NJ	TB	1	5	43	42	12	16	46	50	3	15336
410	2010	64	CANADIENS	BOS	1	6	67	39	12	37	24	43	0	21273
411	2010	64	MIN	ANA	1	9	51	57	6	11	20	44	2	18265
412	2010	64	CHI	NSH	0	5	58	55	19	16	10	32	0	20887
413	2010	65	CAR	VAN	1	8	64	47	13	11	10	61	1	14990
414	2010	65	DAL	EDM	0	5	71	51	17	29	8	71	0	15860
415	2010	65	LA	STL	0	9	71	60	12	16	14	61	1	17519
416	2010	65	BOS	TOR	1	9	66	51	12	8	54	47	2	17565
417	2010	65	BUF	NYR	0	3	69	44	6	32	8	30	0	18301
418	2010	65	NJ	DET	1	7	57	45	18	13	10	50	1	17625
419	2010	65	PHI	WSH	0	10	66	39	17	19	37	37	4	19789
420	2010	65	FLA	ATLANTA	0	3	68	45	6	17	47	40	1	13291
421	2010	65	CBJ	COL	0	5	50	40	5	7	24	37	0	14909
422	2010	65	PIT	CHI	0	3	64	66	10	7	16	75	0	17132
423	2010	65	TB	NYI	1	4	55	37	14	15	32	25	2	13577
424	2010	65	NSH	MIN	0	8	68	43	21	21	18	30	3	13145
425	2010	65	PHO	OTT	1	5	53	41	8	5	12	48	0	8642
426	2010	65	SJ	CGY	0	3	72	42	16	20	28	70	0	17562
427	2010	66	NYR	DET	0	4	60	47	14	10	14	63	1	18200
428	2010	66	ANA	OTT	0	7	65	45	9	20	26	71	1	14946
429	2010	67	BUF	NJ	0	3	59	27	6	18	20	25	1	18690
430	2010	67	TOR	ATLANTA	1	7	52	43	9	21	12	59	1	19050
431	2010	67	CANADIENS	PHI	1	4	28	48	9	26	22	41	1	21273
432	2010	67	PIT	CAR	0	5	53	42	8	9	26	57	1	16964
433	2010	67	TB	WSH	0	3	60	46	12	15	28	40	1	12400
434	2010	67	FLA	EDM	0	5	63	47	14	12	18	50	2	11469
435	2010	67	STL	COL	0	4	57	39	4	8	4	27	1	19150
436	2010	67	PHO	MIN	1	2	59	49	6	10	30	51	0	8981
437	2010	67	LA	CGY	1	3	43	26	8	27	28	57	1	13853
438	2010	68	PHI	NYI	1	8	61	32	21	22	30	33	5	19330
439	2010	68	OTT	CANADIENS	0	5	73	50	17	18	18	39	2	18866
440	2010	68	NSH	VAN	1	6	62	47	20	17	35	31	3	12565
441	2010	68	ANA	DAL	1	7	64	42	13	20	20	49	1	13861
442	2010	69	BUF	WSH	1	3	63	47	9	25	12	24	1	17982
443	2010	69	TOR	NYI	1	5	67	46	7	19	22	36	3	19102
444	2010	69	NJ	CAR	1	6	54	43	5	4	18	8	2	12013
445	2010	69	CBJ	FLA	1	3	64	42	7	9	20	63	0	12800
446	2010	69	TB	EDM	0	5	66	52	9	16	50	43	0	13477
447	2010	69	DET	STL	0	1	68	40	15	26	20	50	0	18165
448	2010	69	CHI	NYR	1	3	59	43	9	13	16	45	1	21022
449	2010	69	COL	MIN	0	1	44	40	19	16	18	38	0	11435
450	2010	69	CGY	ATLANTA	1	4	57	35	13	29	28	20	0	19289
451	2010	69	SJ	LA	0	9	62	37	14	22	24	60	3	17562
452	2010	70	BOS	TOR	1	7	68	41	8	4	26	56	2	17565
453	2010	70	PHI	OTT	0	2	48	28	14	21	26	32	0	19706
454	2010	70	CANADIENS	PIT	0	5	62	47	10	43	20	41	1	21273
455	2010	70	NSH	CBJ	1	7	70	50	30	25	10	32	1	14601
456	2010	70	VAN	ATLANTA	1	6	62	45	10	5	46	23	1	18810
457	2010	70	LA	PHO	1	5	59	38	8	26	8	45	1	15259
458	2010	71	NJ	FLA	0	6	50	33	3	3	6	34	1	14132
459	2010	71	WSH	CAR	1	7	59	46	22	23	8	30	0	18277
460	2010	71	BUF	CHI	1	3	73	33	8	23	18	32	1	18009
461	2010	71	DET	ANA	1	5	58	35	11	10	38	56	2	20066
462	2010	71	STL	EDM	0	8	68	54	15	9	48	27	1	19150
463	2010	71	COL	TB	1	3	56	48	23	12	8	34	0	12188
464	2010	71	CGY	MIN	0	3	69	47	10	19	30	24	0	19289
465	2010	71	SJ	DAL	0	5	79	50	15	27	26	67	1	17562
466	2010	72	TOR	WSH	1	9	73	52	12	27	12	28	3	19316
467	2010	72	OTT	CAR	1	6	64	35	18	18	12	60	3	16229
468	2010	72	NJ	PHI	1	5	51	38	9	12	16	23	3	15724
469	2010	72	NYI	BOS	1	5	51	39	15	32	8	57	1	13744
470	2010	72	NYR	BUF	0	5	70	48	18	5	20	51	2	18200
471	2010	72	ATLANTA	CANADIENS	1	7	53	35	17	17	42	25	2	16616
472	2010	72	CBJ	ANA	0	4	61	38	7	0	36	48	1	14461
473	2010	72	PIT	FLA	1	5	71	43	6	18	24	47	2	16977
474	2010	72	NSH	DET	0	5	64	42	24	26	16	32	1	16673
475	2010	72	PHO	SJ	1	3	73	46	4	7	26	58	2	10650
476	2010	72	VAN	MIN	1	7	70	54	13	12	18	32	3	18810
477	2010	72	LA	DAL	1	5	54	48	8	20	14	67	0	18118
478	2010	73	CHI	TB	1	4	47	34	10	8	48	52	0	21081
479	2010	73	COL	CGY	1	5	56	31	22	11	42	39	2	11448
480	2010	74	BOS	PHI	0	4	65	39	4	7	18	60	0	17565
481	2010	74	TOR	OTT	1	5	48	46	10	18	18	41	1	19315
482	2010	74	NYI	FLA	0	8	57	54	18	22	18	49	2	10489
483	2010	74	NYR	ATLANTA	0	5	75	55	12	5	14	47	3	18200
484	2010	74	CBJ	NSH	0	8	63	41	4	5	24	20	2	12856
485	2010	74	CANADIENS	BUF	0	7	51	41	13	23	32	23	3	21273
486	2010	74	DET	PHO	1	5	64	30	13	22	14	49	0	18795
487	2010	74	VAN	LA	1	4	53	35	11	10	24	33	1	18810
488	2010	75	PIT	PHI	1	7	62	41	5	7	50	45	2	17086
489	2010	75	STL	CGY	1	7	57	43	14	9	28	43	2	19150
490	2010	75	NSH	TB	1	11	61	53	19	26	44	38	2	15084
491	2010	75	MIN	CBJ	1	3	45	38	7	13	4	36	0	18086
492	2010	75	COL	WSH	0	7	53	31	21	10	49	35	2	14172
493	2010	75	EDM	LA	0	5	55	43	10	31	28	44	0	16839
494	2010	76	NJ	CANADIENS	1	3	45	47	13	27	10	29	0	12178
495	2010	76	NYR	NYI	0	3	54	41	15	7	16	53	0	18200
496	2010	76	CAR	DAL	1	8	56	47	16	10	16	61	5	13954
497	2010	76	TOR	PHO	0	9	59	46	14	20	14	36	2	19088
498	2010	76	OTT	BUF	1	2	50	34	17	18	21	43	0	16917
499	2010	76	FLA	ATLANTA	1	7	52	46	14	4	12	39	0	11672
500	2010	76	CHI	STL	1	3	62	49	24	7	62	33	1	21137
501	2010	76	VAN	ANA	0	5	64	41	18	13	42	40	1	18810
502	2010	77	CANADIENS	MIN	0	4	52	40	15	45	6	38	1	21273
503	2010	77	NYI	NYR	0	7	59	32	29	21	34	56	3	15138
504	2010	77	PHI	PIT	0	5	63	54	17	19	34	45	3	19689
505	2010	77	ATLANTA	DAL	1	11	72	53	19	6	16	31	5	11957
506	2010	77	CBJ	PHO	0	3	66	45	4	6	34	38	1	13363
507	2010	77	DET	TB	1	3	52	35	13	11	28	59	0	19474
508	2010	77	CGY	LA	1	3	59	38	16	29	18	36	1	19289
509	2010	77	EDM	NSH	0	9	53	44	17	35	14	28	3	16839
510	2010	77	SJ	ANA	1	5	58	50	18	25	32	70	2	17562
511	2010	78	NJ	OTT	1	6	51	29	11	17	22	63	1	13728
512	2010	78	BUF	TOR	1	7	69	46	5	20	6	24	0	18159
513	2010	78	FLA	CAR	1	9	63	65	11	7	12	50	0	15107
514	2010	78	STL	TB	0	9	50	39	8	14	44	35	2	19150
515	2010	78	CHI	BOS	1	9	73	55	16	8	6	52	0	21717
516	2010	78	VAN	WSH	1	5	47	45	15	9	14	29	1	18810
517	2010	79	PHI	NYR	0	3	61	39	16	11	14	36	1	19637
518	2010	79	DAL	DET	1	7	54	44	25	19	18	79	0	18532
519	2010	79	ANA	PHO	1	6	75	45	13	18	32	46	2	15107
520	2010	79	BUF	PIT	0	3	56	32	12	29	26	38	0	18690
521	2010	79	TOR	BOS	1	2	56	48	18	31	18	29	0	19101
522	2010	79	OTT	MIN	1	5	47	30	21	21	18	41	0	16259
523	2010	79	NYI	CANADIENS	0	3	68	49	24	29	26	37	3	7842
524	2010	79	CAR	FLA	1	5	54	41	21	11	24	59	1	12758
525	2010	79	ATLANTA	NJ	0	9	68	57	33	11	8	32	2	14616
526	2010	79	CGY	NSH	0	8	52	49	17	29	24	15	1	19289
527	2010	79	COL	CBJ	1	7	61	36	23	13	16	46	4	11782
528	2010	79	EDM	WSH	0	6	70	58	13	39	22	34	0	16839
529	2010	80	CHI	DET	1	3	55	36	16	9	34	40	1	21781
530	2010	80	VAN	STL	0	4	56	56	9	6	18	30	1	18810
531	2010	81	TOR	BUF	0	5	66	58	24	19	2	52	0	19235
532	2010	81	NYI	TB	0	6	66	44	26	32	20	52	3	10864
533	2010	81	PHI	FLA	0	5	61	37	11	25	95	37	3	19323
534	2010	81	CAR	NYR	0	4	64	45	20	11	8	59	0	16514
535	2010	81	ATLANTA	CANADIENS	0	7	73	48	27	14	18	28	3	15075
536	2010	81	OTT	BOS	0	2	58	52	12	21	14	59	0	19865
537	2010	81	PIT	NJ	0	4	65	34	7	11	38	53	1	17132
538	2010	81	MIN	COL	0	7	52	33	6	12	32	27	0	18244
539	2010	81	DAL	SJ	0	6	69	43	14	17	14	66	1	18532
540	2010	81	EDM	STL	0	9	51	47	18	28	46	23	4	16839
541	2010	81	PHO	CBJ	1	7	50	33	7	4	52	45	1	9348
542	2010	82	CHI	SJ	0	5	61	35	26	9	36	33	0	21614
543	2010	82	COL	ANA	0	6	60	48	15	19	22	35	0	12171
544	2010	82	VAN	NSH	1	5	57	38	18	10	20	18	1	18810
545	2010	83	BOS	ATLANTA	1	10	60	48	6	9	18	43	3	17565
546	2010	83	NYI	TOR	1	4	49	36	36	35	12	36	0	10865
547	2010	83	NYR	FLA	1	5	66	44	18	8	24	46	1	18200
548	2010	83	PIT	OTT	1	10	83	49	6	15	60	50	3	17132
549	2010	83	WSH	BUF	1	7	72	53	21	20	12	37	2	18277
550	2010	83	CAR	CANADIENS	0	6	72	47	15	15	18	58	4	14820
551	2010	83	MIN	EDM	1	4	58	40	9	17	44	38	1	18250
552	2010	83	TB	PHI	0	7	69	38	8	17	20	47	1	16177
553	2010	83	DET	CHI	0	3	64	40	9	14	22	55	1	20066
554	2010	83	DAL	CBJ	1	4	62	47	6	16	34	62	0	16532
555	2010	83	PHO	ANA	1	4	53	36	11	4	12	71	1	10030
556	2010	83	CGY	STL	0	3	51	45	12	28	8	37	0	19289
557	2010	86	BUF	OTT	0	5	62	51	7	28	16	51	1	18690
558	2010	86	TOR	CANADIENS	0	5	72	49	10	9	12	39	1	19250
559	2010	86	NYR	NYI	0	5	60	44	9	13	22	66	0	18200
560	2010	86	WSH	NJ	1	5	70	44	17	14	12	42	0	18277
561	2010	86	CAR	PHI	0	7	76	56	16	19	14	56	2	16288
562	2010	86	DET	CBJ	1	3	56	34	16	14	22	48	1	20066
563	2010	86	TB	ATLANTA	1	7	61	59	12	19	30	37	0	15437
564	2010	86	NSH	CHI	0	5	66	49	25	23	16	39	1	17113
565	2010	86	MIN	STL	1	7	38	43	7	10	20	24	0	18554
566	2010	86	PHO	LA	1	5	60	44	7	2	26	62	1	16131
567	2010	86	COL	DAL	1	5	73	37	19	7	8	49	0	18007
568	2010	86	VAN	EDM	1	5	53	47	15	15	28	40	2	18810
569	2010	86	SJ	ANA	1	7	57	40	17	26	46	61	2	17562
570	2010	87	NYI	PHI	0	3	59	47	33	25	20	49	0	12819
571	2010	87	FLA	BOS	0	3	54	37	15	12	10	48	0	18799
572	2010	87	STL	BUF	0	8	59	49	10	12	32	28	1	19150
573	2010	87	PIT	TOR	0	7	51	46	6	15	12	50	2	17132
574	2010	87	CHI	NSH	1	9	49	35	15	5	20	34	1	21746
575	2010	87	CGY	VAN	0	6	59	36	15	15	60	32	1	19289
576	2010	88	NJ	ATLANTA	1	5	52	38	3	16	36	35	1	17024
577	2010	88	WSH	CAR	0	9	57	41	20	16	20	33	3	18277
578	2010	88	CBJ	DET	1	1	74	46	11	4	38	52	0	18421
579	2010	88	OTT	CANADIENS	1	6	59	55	20	18	10	54	1	20369
580	2010	88	TB	BOS	1	3	71	53	11	10	32	30	1	16926
581	2010	88	EDM	CGY	0	5	58	46	8	35	70	44	1	16839
582	2010	88	LA	MIN	0	7	55	42	12	21	6	65	2	18118
583	2010	88	SJ	PHO	1	5	71	43	8	14	16	50	0	17562
584	2010	89	BUF	PIT	1	7	62	42	5	22	16	42	1	18690
585	2010	89	NYI	CBJ	1	3	67	38	50	26	14	58	0	12192
586	2010	89	STL	NSH	0	7	57	39	10	14	24	37	2	19150
587	2010	89	DAL	CHI	1	9	61	42	7	19	18	54	4	18532
588	2010	89	PHO	VAN	1	5	55	50	11	7	16	50	1	13976
589	2010	89	ANA	MIN	1	6	63	45	8	15	58	48	2	16960
590	2010	90	BOS	ATLANTA	1	4	48	34	12	10	18	46	1	17565
591	2010	90	NJ	PIT	1	2	65	41	12	16	14	48	0	17625
592	2010	90	NYR	PHI	0	6	53	37	16	6	20	65	1	18200
593	2010	90	TB	CANADIENS	0	3	70	49	10	21	14	37	0	18441
594	2010	90	OTT	COL	0	7	50	41	24	18	16	63	0	17823
595	2010	90	CGY	LA	1	3	45	31	10	16	81	42	0	19289
596	2010	90	EDM	TOR	1	4	51	52	24	43	22	46	3	16839
597	2010	90	SJ	WSH	1	7	59	43	16	16	18	78	0	17562
598	2010	91	FLA	CANADIENS	0	9	78	51	13	13	24	45	3	19851
599	2010	91	OTT	NYI	1	5	63	45	20	29	22	52	1	16743
600	2010	91	DET	COL	1	6	57	39	9	17	22	52	2	20066
601	2010	91	CBJ	NSH	0	3	61	42	3	9	6	38	0	18221
602	2010	91	PHO	SJ	0	5	69	44	6	6	20	42	1	12472
603	2010	91	CAR	NYR	0	3	53	46	16	11	30	80	2	16947
604	2010	91	STL	VAN	0	7	55	40	9	10	70	45	2	19150
605	2010	91	MIN	LA	0	7	58	39	5	7	32	45	1	18504
606	2010	91	DAL	ANA	1	8	76	39	16	16	42	80	1	18532
607	2010	91	CHI	NJ	1	6	63	41	28	7	12	33	1	21614
608	2010	91	CGY	EDM	1	3	61	43	18	23	10	25	1	19289
609	2010	92	BOS	PHI	1	3	51	46	8	10	24	59	1	38112
610	2010	92	BUF	ATLANTA	1	7	58	39	4	28	18	30	1	18690
611	2010	93	NYR	CAR	0	3	47	39	17	8	16	75	0	18200
612	2010	93	DAL	VAN	0	4	59	32	11	30	18	89	1	17059
613	2010	93	TB	PIT	1	4	63	42	11	6	20	32	0	20109
614	2010	93	LA	WSH	1	3	46	41	6	22	20	60	2	18118
615	2010	93	NYI	ATLANTA	1	11	63	44	30	27	22	43	1	12824
616	2010	93	CBJ	COL	0	5	65	40	3	3	30	47	2	17371
617	2010	93	CGY	TOR	1	4	60	57	18	19	16	24	1	19289
618	2010	93	STL	CHI	0	9	55	36	14	14	107	39	2	19150
619	2010	93	NSH	ANA	1	4	62	37	12	22	8	29	0	16654
620	2010	93	MIN	NJ	0	8	58	45	8	21	10	45	2	19155
621	2010	93	PHO	DET	0	5	72	39	5	3	16	47	2	17125
622	2010	93	SJ	EDM	1	5	50	48	15	29	42	68	0	17562
623	2010	94	CANADIENS	BUF	0	1	60	52	15	35	6	28	0	21273
624	2010	94	OTT	PHI	1	11	54	55	18	19	14	62	1	17153
625	2010	94	FLA	PIT	1	8	83	42	8	6	10	43	0	18110
626	2010	94	CHI	ANA	1	7	52	40	9	3	24	36	1	21662
627	2010	95	NYR	BOS	1	5	63	48	14	12	14	73	1	18200
628	2010	95	SJ	LA	0	8	67	33	10	29	20	32	4	17562
629	2010	96	TOR	FLA	1	5	62	47	16	26	12	39	2	18984
630	2010	96	NJ	DAL	1	4	55	36	11	21	18	47	1	14202
631	2010	96	WSH	CANADIENS	1	6	69	43	19	24	18	43	2	18277
632	2010	96	OTT	BOS	0	5	63	42	25	19	68	46	3	19156
633	2010	96	PIT	ATLANTA	1	7	70	47	9	16	12	48	1	17049
634	2010	96	NSH	CGY	0	4	62	49	23	23	10	45	1	15030
635	2010	96	CHI	MIN	1	5	53	38	16	12	24	38	1	21381
636	2010	96	EDM	PHO	0	9	72	54	23	52	16	46	2	16839
637	2010	96	VAN	CBJ	1	10	56	39	12	11	16	38	1	18810
638	2010	96	ANA	DET	1	5	74	44	6	16	52	32	0	15531
639	2010	97	BUF	TB	1	8	74	50	4	17	16	27	1	18690
640	2010	97	NYR	DAL	1	7	52	36	15	3	34	63	1	18200
641	2010	97	PHI	TOR	1	8	64	43	21	19	80	41	3	19617
642	2010	97	MIN	CGY	1	5	61	37	11	13	14	44	1	18137
643	2010	97	COL	NYI	0	5	67	46	15	18	10	32	2	13898
644	2010	97	SJ	STL	1	3	73	37	19	26	32	52	2	17562
645	2010	98	BOS	CHI	0	7	57	54	8	8	26	52	1	17565
646	2010	98	WSH	OTT	1	7	66	49	18	23	14	44	0	18277
647	2010	98	ATLANTA	NYR	1	3	62	52	28	14	26	35	0	9179
648	2010	98	CANADIENS	FLA	1	2	77	58	11	35	6	27	0	21273
649	2010	98	PIT	PHI	0	11	70	52	5	7	14	67	2	17095
650	2010	98	NSH	CAR	1	6	61	40	15	26	39	38	2	14910
651	2010	98	EDM	CBJ	0	6	55	52	6	22	14	34	1	16839
652	2010	98	VAN	PHO	1	4	55	42	16	15	30	35	0	18810
653	2010	98	ANA	STL	1	6	51	39	8	11	26	49	0	14248
654	2010	98	LA	DET	0	3	76	41	9	21	16	61	1	18118
655	2010	99	NJ	TB	0	6	49	32	5	12	28	23	2	15129
656	2010	99	CAR	COL	1	3	50	45	15	7	58	54	1	14071
657	2010	99	BUF	TOR	1	5	81	42	16	32	14	48	3	18690
658	2010	99	DAL	NYI	1	7	50	44	14	21	6	55	0	17430
659	2010	99	CGY	CBJ	0	5	44	45	17	19	10	22	0	19289
660	2010	100	BOS	NYR	0	4	64	48	3	6	20	63	0	17565
661	2010	100	BUF	COL	0	7	65	47	6	24	28	19	1	18690
662	2010	100	TOR	PIT	0	5	82	44	18	24	14	32	2	19567
663	2010	100	CANADIENS	NJ	0	3	58	30	12	24	30	35	1	21273
664	2010	100	OTT	FLA	0	3	43	44	15	19	62	56	0	16506
665	2010	100	PHI	TB	1	5	49	42	10	10	30	27	1	19678
666	2010	100	ATLANTA	WSH	0	9	76	62	33	24	12	37	2	16767
667	2010	100	NSH	ANA	0	5	48	50	26	23	4	29	1	17113
668	2010	100	MIN	CHI	1	11	46	54	5	15	8	58	2	19310
669	2010	100	PHO	NYI	0	9	59	39	5	3	35	51	5	11454
670	2010	100	VAN	CGY	0	5	61	55	19	9	54	61	0	18810
671	2010	100	LA	STL	0	7	56	38	5	20	44	58	1	18118
672	2010	100	SJ	DET	0	5	54	44	18	31	16	42	0	17562
673	2010	101	CAR	OTT	1	5	65	62	15	12	10	63	0	16892
674	2010	101	CBJ	DAL	1	2	67	46	7	4	18	54	1	14501
675	2010	101	CHI	ANA	0	4	55	39	12	11	14	38	2	21708
676	2010	102	MIN	PIT	1	7	62	44	10	20	23	31	0	19044
677	2010	102	CGY	COL	0	5	67	43	19	25	46	30	1	19289
678	2010	102	VAN	NSH	0	5	57	41	16	11	34	32	3	18810
679	2010	102	LA	SJ	0	3	70	43	7	24	16	69	1	17821
680	2010	103	TOR	CAR	0	6	58	34	17	26	10	39	1	19120
681	2010	103	NYI	DET	1	6	47	40	45	30	10	46	1	12254
682	2010	103	NYR	NJ	0	1	96	41	14	10	8	58	0	18200
683	2010	103	PHI	DAL	1	9	58	34	12	14	28	47	2	19133
684	2010	103	ATLANTA	OTT	1	7	59	49	40	12	71	21	1	10017
685	2010	103	TB	WSH	1	11	72	49	10	21	72	32	6	13891
686	2010	103	STL	CBJ	1	5	50	49	9	12	80	66	2	17900
687	2010	103	EDM	NSH	0	8	69	59	20	42	6	25	2	16839
688	2010	103	PHO	SJ	0	4	65	40	6	12	24	45	1	9248
689	2010	104	MIN	VAN	1	7	53	55	6	13	68	44	2	18356
690	2010	104	FLA	WSH	0	9	67	49	11	5	18	49	1	14776
691	2010	104	CGY	PIT	0	4	65	39	19	20	30	35	2	19289
692	2010	104	ANA	BOS	1	7	62	33	14	13	44	64	1	14957
693	2010	105	TOR	PHI	1	4	73	42	12	20	20	40	0	19370
694	2010	105	NYR	OTT	0	2	66	56	21	11	30	72	0	18200
695	2010	105	ATLANTA	BUF	0	3	65	37	31	8	32	29	2	11313
696	2010	105	CANADIENS	DAL	1	8	64	44	12	21	14	42	3	21273
697	2010	105	TB	FLA	0	5	59	46	13	16	14	25	0	13516
698	2010	105	DET	CAR	1	4	73	47	9	24	16	51	2	20066
699	2010	105	STL	MIN	1	1	56	54	9	11	26	42	0	19150
700	2010	105	CHI	CBJ	1	3	60	34	17	14	8	45	0	21884
701	2010	105	PHO	NJ	1	7	53	39	14	8	14	49	1	9430
702	2010	105	EDM	PIT	0	5	66	48	12	38	16	24	3	16839
703	2010	105	LA	ANA	1	4	49	28	9	26	87	74	0	18118
704	2010	105	SJ	BOS	0	3	73	58	20	30	8	48	0	17562
705	2010	106	WSH	TOR	1	7	53	38	14	14	70	43	3	18277
706	2010	106	CGY	NSH	0	1	43	50	14	27	22	30	0	19289
707	2010	107	CBJ	CHI	0	11	57	47	3	1	12	41	2	18738
708	2010	107	DAL	DET	1	5	58	35	18	20	6	84	2	18532
709	2010	107	COL	NJ	1	4	66	42	16	12	44	32	0	17816
710	2010	107	LA	BOS	1	7	58	45	8	26	32	70	0	18118
711	2010	107	SJ	EDM	1	6	65	42	12	22	8	45	1	17562
712	2010	107	CANADIENS	OTT	0	6	60	45	8	42	16	27	0	21273
713	2010	107	NYI	BUF	1	5	71	47	25	28	14	38	0	13635
714	2010	107	FLA	TB	1	7	72	44	8	9	14	42	3	15971
715	2010	107	CAR	ATLANTA	0	8	69	61	12	6	14	59	2	14812
716	2010	107	STL	NYR	1	5	47	39	17	14	12	50	1	19150
717	2010	107	PHO	MIN	1	10	55	44	3	2	20	39	3	12631
718	2010	107	VAN	PIT	1	8	51	37	18	17	38	31	1	18810
719	2010	108	WSH	PHI	1	8	55	52	22	24	16	58	3	18277
720	2010	108	DET	CHI	0	7	67	48	22	15	24	55	2	20066
721	2010	108	NYR	CANADIENS	1	8	54	32	18	7	66	51	2	18200
722	2010	108	ANA	CGY	1	9	63	47	13	23	56	50	1	16153
723	2010	109	BOS	OTT	0	6	49	42	12	9	16	48	1	17565
724	2010	109	NYI	NJ	1	4	66	47	35	33	12	44	1	16250
725	2010	109	CAR	TB	0	5	54	35	19	13	12	41	1	16031
726	2010	109	CBJ	STL	1	6	62	46	12	0	16	69	2	14505
727	2010	109	PHO	BUF	0	9	57	45	9	6	16	52	0	11309
728	2010	109	FLA	ATLANTA	1	1	51	33	7	6	14	41	0	11818
729	2010	109	NSH	TOR	0	7	52	34	21	24	8	35	0	16501
730	2010	109	DAL	MIN	1	7	54	43	19	22	18	63	2	16302
731	2010	109	COL	EDM	1	6	58	48	15	13	32	26	2	11232
732	2010	109	SJ	CGY	1	10	68	50	6	33	36	64	2	17562
733	2010	110	NYR	TB	1	10	54	47	18	8	58	68	3	18200
734	2010	110	PHI	CBJ	1	8	65	48	11	15	26	39	3	19126
735	2010	110	WSH	DET	1	5	69	35	16	23	18	47	1	18277
736	2010	110	ATLANTA	TOR	1	7	72	28	35	20	28	30	1	10208
737	2010	110	OTT	CHI	1	5	48	34	21	30	22	41	1	17556
738	2010	110	PIT	NYI	1	10	64	41	6	18	33	42	4	16981
739	2010	110	ANA	BUF	1	9	75	52	2	4	18	39	2	15570
740	2010	110	LA	SJ	0	6	61	40	9	23	30	46	3	16212
741	2010	111	NJ	FLA	1	2	54	40	11	14	10	41	0	13931
742	2010	111	CANADIENS	STL	0	7	66	49	8	30	30	29	2	21273
743	2010	111	EDM	VAN	0	5	62	47	12	39	22	32	4	16839
744	2010	112	BOS	CBJ	0	5	59	43	16	6	24	41	1	17565
745	2010	112	OTT	STL	1	5	59	53	17	26	26	51	3	16063
746	2010	112	NYI	FLA	1	3	70	48	27	33	8	42	0	12138
747	2010	112	PHI	NYR	1	2	51	48	12	10	56	54	1	19631
748	2010	112	ATLANTA	CAR	0	7	56	44	22	10	24	20	3	10472
749	2010	112	TB	TOR	1	5	54	38	11	16	62	38	4	13691
750	2010	112	PIT	WSH	0	9	72	55	4	13	12	66	2	17132
751	2010	112	MIN	DET	0	7	59	39	14	24	8	50	0	18330
752	2010	112	PHO	NSH	1	6	66	52	7	8	4	49	0	9142
753	2010	112	CGY	CHI	0	4	48	45	19	14	8	19	2	19289
754	2010	112	VAN	DAL	1	7	46	44	9	4	20	38	0	18810
755	2010	112	LA	BUF	1	7	58	44	8	24	12	59	1	16884
756	2010	112	SJ	ANA	1	4	52	32	15	24	42	46	1	17562
757	2010	113	NJ	CANADIENS	0	4	56	36	14	15	22	36	0	17625
758	2010	113	COL	NSH	1	3	53	27	22	13	50	24	3	12452
759	2010	113	EDM	DAL	0	7	70	46	17	30	26	44	2	16839
760	2010	114	BOS	OTT	0	3	56	45	4	8	4	44	0	17565
761	2010	114	PHI	CAR	1	6	65	45	16	16	40	50	3	19732
762	2010	114	CANADIENS	NYR	1	6	63	33	9	25	32	40	2	21273
763	2010	114	NYI	NJ	0	6	50	45	27	27	21	44	3	16250
764	2010	114	WSH	PHO	1	6	64	38	13	37	28	52	2	18277
765	2010	114	FLA	TOR	1	2	61	43	9	8	14	42	1	18087
766	2010	114	DET	LA	0	5	66	39	12	15	12	61	1	20066
767	2010	114	TB	ATLANTA	1	3	64	53	9	15	48	25	1	16212
768	2010	114	STL	ANA	0	7	58	49	24	11	18	46	0	19150
769	2010	114	MIN	CBJ	1	6	52	45	10	9	38	55	0	18173
770	2010	114	VAN	CHI	1	6	72	46	11	11	26	32	0	18810
771	2010	114	SJ	BUF	1	7	64	51	18	26	22	55	1	17562
772	2010	115	PHI	PIT	0	3	50	32	14	12	52	71	3	19798
773	2010	115	CAR	BOS	1	6	48	45	15	8	16	54	2	13512
774	2010	115	COL	DAL	1	4	63	39	10	10	24	35	2	11741
775	2010	116	NYR	PIT	0	6	58	47	19	7	12	78	1	18200
776	2010	116	CGY	STL	0	2	63	51	22	22	30	31	0	19289
777	2010	116	VAN	BUF	1	5	57	52	19	10	8	18	1	18810
778	2010	117	TOR	LA	0	8	61	54	11	12	6	59	1	19322
779	2010	117	NYI	WSH	0	9	64	46	46	39	14	31	2	12549
780	2010	117	ATLANTA	ANA	1	3	69	38	24	13	26	31	1	12984
781	2010	117	CBJ	NSH	1	5	48	33	9	4	14	30	1	13775
782	2010	117	OTT	NJ	1	3	42	44	9	22	4	66	0	18107
783	2010	117	FLA	CANADIENS	1	3	46	39	13	8	10	47	1	17104
784	2010	117	DET	PHO	0	9	73	47	11	24	16	43	3	19843
785	2010	117	EDM	CHI	0	6	61	48	20	29	6	21	1	16839
786	2010	118	BUF	NJ	1	3	71	49	7	22	4	38	0	18690
787	2010	118	NYR	CAR	0	6	62	40	9	9	18	55	1	18200
788	2010	118	WSH	ANA	1	6	80	55	12	22	44	37	1	18277
789	2010	118	TB	CANADIENS	1	3	63	37	11	20	50	44	1	14404
790	2010	118	MIN	DET	1	7	53	40	5	13	24	25	2	18316
791	2010	118	DAL	CGY	1	7	62	48	18	12	34	88	3	16807
792	2010	118	VAN	STL	1	5	61	45	12	15	22	18	2	18810
793	2010	119	PHI	ATLANTA	0	7	65	57	14	21	28	43	0	19611
794	2010	119	PIT	OTT	0	5	59	57	3	11	12	58	0	17084
795	2010	119	CAR	NYI	1	5	50	36	25	15	10	30	1	15473
796	2010	119	CBJ	LA	0	5	48	42	9	3	12	52	1	13709
797	2010	119	COL	MIN	0	1	55	39	21	18	14	28	0	11597
798	2010	119	PHO	CGY	1	5	57	52	9	9	20	65	1	12725
799	2010	119	EDM	STL	0	3	45	36	21	42	10	28	0	16839
800	2010	119	SJ	CHI	0	7	76	43	16	24	10	42	1	17562
801	2010	120	NJ	TOR	1	9	60	42	15	20	8	46	1	15536
802	2010	120	WSH	FLA	1	5	76	46	10	17	20	43	1	18277
803	2010	120	BUF	BOS	1	3	54	44	13	37	10	44	1	18690
804	2010	120	TB	ANA	0	3	63	49	15	13	70	49	1	15230
805	2010	120	DET	NSH	1	6	77	42	17	28	16	49	2	20066
806	2010	120	DAL	COL	1	5	57	34	24	15	6	64	0	18532
807	2010	121	OTT	CANADIENS	1	5	66	47	28	21	16	46	3	20500
808	2010	121	BOS	LA	0	5	62	46	7	11	44	46	4	17565
809	2010	121	TOR	VAN	0	8	57	40	17	24	42	43	1	19534
810	2010	121	PHI	NYI	1	3	64	46	14	17	26	44	1	19787
811	2010	121	CAR	CHI	1	6	65	41	11	9	10	50	0	6896
812	2010	121	STL	CBJ	0	5	46	36	11	12	40	40	3	19150
813	2010	121	NSH	ATLANTA	1	7	57	48	27	16	20	27	1	16646
814	2010	121	PHO	NYR	1	5	50	36	3	6	20	65	0	16687
815	2010	121	CGY	EDM	1	7	58	41	23	15	44	24	2	19289
816	2010	121	SJ	MIN	1	7	74	42	16	33	24	39	6	17562
817	2010	122	PIT	DET	1	3	71	48	4	9	16	44	0	17105
818	2010	122	WSH	TB	1	5	58	47	16	20	10	44	2	18277
819	2010	122	NJ	LA	0	5	50	46	11	24	14	41	1	17625
820	2010	122	FLA	NYI	1	2	58	34	15	8	22	44	1	16023
821	2010	122	DAL	PHO	0	6	71	55	14	11	26	57	0	16498
822	2010	122	COL	NYR	0	4	69	40	20	17	34	42	0	15264
823	2010	123	PIT	BUF	1	9	65	37	9	12	22	40	3	17029
824	2010	123	FLA	ANA	0	3	58	47	15	9	14	56	1	10843
825	2010	123	CGY	PHI	0	3	45	40	19	14	12	30	1	19289
826	2010	123	EDM	CAR	1	6	62	48	17	39	18	25	2	16839
827	2010	124	BOS	WSH	0	5	68	43	9	5	20	42	1	17565
828	2010	124	TOR	NJ	1	3	56	35	13	9	32	66	1	19326
829	2010	124	ATLANTA	TB	0	3	51	40	20	16	12	25	0	11390
830	2010	124	CANADIENS	VAN	1	5	75	40	17	17	24	37	2	21273
831	2010	124	NSH	PHO	0	1	51	35	14	19	4	30	0	14196
832	2010	124	DAL	MIN	1	6	60	44	15	15	34	77	2	16729
833	2010	124	COL	CBJ	1	6	47	39	19	20	18	37	0	11213
834	2010	124	LA	NYR	1	3	42	24	10	25	36	66	0	18118
835	2010	124	SJ	DET	0	6	71	56	17	23	18	50	2	17562
836	2010	125	BUF	OTT	0	6	74	50	6	30	20	44	0	18690
837	2010	125	CHI	STL	0	5	53	46	20	11	10	41	1	21836
838	2010	125	CGY	CAR	1	5	67	43	15	18	46	39	1	19289
839	2010	125	EDM	PHI	1	1	60	43	14	36	26	38	1	16839
840	2010	125	ANA	DET	1	4	77	41	8	18	22	47	1	15180
841	2010	126	BOS	CANADIENS	0	5	72	47	5	6	16	46	2	17565
842	2010	126	NYR	WSH	0	11	70	48	9	11	30	61	7	18200
843	2010	126	CBJ	DAL	1	3	49	28	4	7	6	71	0	14028
844	2010	126	OTT	VAN	1	4	51	46	21	22	32	38	2	18803
845	2010	126	TB	NYI	1	7	67	45	16	16	14	35	1	13891
846	2010	126	STL	SJ	0	6	68	36	11	13	16	44	2	19150
847	2010	126	NSH	COL	1	8	62	49	17	15	20	31	4	17113
848	2010	126	MIN	EDM	1	6	68	46	11	17	14	34	1	18168
849	2010	126	LA	ANA	1	10	53	58	11	20	16	76	2	18118
850	2010	127	NJ	TOR	1	7	48	38	9	22	14	43	3	15204
851	2010	127	WSH	ATLANTA	1	7	77	49	12	15	30	34	1	18277
852	2010	127	BUF	CAR	0	7	58	44	9	26	20	33	0	18690
853	2010	127	FLA	CGY	0	3	53	30	5	7	24	59	3	16781
855	2010	128	BOS	VAN	0	5	74	41	4	5	32	45	2	17565
856	2010	128	CANADIENS	PIT	1	8	53	36	5	14	40	32	1	21273
857	2010	128	LA	DET	1	7	0	0	0	0	0	0	0	18118
858	2010	128	DAL	PHO	1	4	69	42	12	11	28	61	1	18532
859	2010	128	TOR	OTT	1	5	67	41	16	12	30	40	1	19426
860	2010	128	NYI	CAR	0	4	60	45	28	26	18	45	0	12709
861	2010	128	NYR	NJ	1	4	67	41	12	14	54	78	1	18200
862	2010	128	ATLANTA	FLA	1	6	62	28	20	15	56	38	1	16743
863	2010	128	TB	CGY	1	3	0	0	0	0	0	0	0	15859
864	2010	128	CBJ	BUF	1	4	53	46	9	4	42	52	2	18576
865	2010	128	STL	CHI	0	3	65	34	19	12	48	46	1	19150
866	2010	128	NSH	SJ	0	7	67	52	15	17	38	37	3	16007
867	2010	128	MIN	PHI	1	3	69	45	4	15	20	42	0	18640
868	2010	128	COL	EDM	1	3	62	39	26	21	10	42	0	16571
869	2010	129	CANADIENS	BOS	0	3	63	50	12	20	16	34	0	21273
870	2010	129	WSH	PIT	1	9	69	58	9	12	74	49	2	18277
871	2010	130	TOR	SJ	0	5	60	48	15	19	30	60	1	19460
872	2010	130	PHI	NJ	1	5	67	32	12	19	40	48	2	19678
873	2010	130	COL	STL	1	7	67	45	24	15	36	38	1	11261
874	2010	130	PHO	EDM	1	7	0	0	0	0	0	0	0	13421
875	2010	130	ANA	LA	1	6	70	35	11	20	18	70	2	16033
876	2010	131	BUF	BOS	0	5	79	45	17	22	30	65	1	18690
877	2010	131	NYI	NSH	1	7	59	47	32	26	24	29	3	11487
878	2010	131	CAR	FLA	1	5	50	45	12	9	36	51	1	18393
879	2010	131	OTT	CGY	1	5	60	54	23	30	26	65	1	18682
880	2010	131	TB	VAN	1	4	59	36	13	25	30	26	2	14226
881	2010	131	STL	DET	1	7	87	55	16	14	28	42	1	19150
882	2010	131	CHI	DAL	1	7	67	41	19	9	16	50	1	21446
883	2010	132	NJ	PHI	0	5	38	41	8	3	14	19	0	5580
884	2010	132	NYR	NSH	0	3	74	38	11	16	22	56	2	13128
885	2010	132	CBJ	SJ	1	3	0	0	0	0	0	0	0	15234
886	2010	132	CANADIENS	WSH	1	11	77	55	15	13	22	32	2	21273
887	2010	132	PIT	NYI	1	4	66	54	7	6	32	39	0	16980
888	2010	132	MIN	PHO	0	5	62	46	9	18	8	53	1	18178
889	2010	132	COL	ATLANTA	1	7	71	41	19	21	20	27	0	11644
890	2010	132	ANA	EDM	1	5	69	33	11	24	32	42	1	14766
891	2010	133	OTT	WSH	1	11	52	64	24	22	8	46	2	19682
892	2010	133	CAR	BUF	1	7	67	50	16	14	16	56	2	15527
893	2010	133	TB	BOS	0	9	71	56	17	18	38	39	2	15826
894	2010	133	FLA	VAN	0	3	66	38	4	3	32	48	1	13787
895	2010	133	DET	SJ	0	5	78	67	21	29	30	60	1	20066
896	2010	133	CGY	DAL	0	4	57	34	22	14	16	22	2	19289
897	2010	133	LA	EDM	0	5	66	51	11	26	24	41	1	18118
898	2010	134	NJ	NSH	1	7	49	41	7	11	18	16	2	17625
899	2010	134	PHI	CANADIENS	1	5	58	37	14	18	47	44	0	19803
900	2010	134	CBJ	VAN	0	7	70	45	8	3	12	61	1	16564
901	2010	134	PIT	NYR	0	5	66	45	7	19	30	54	1	17132
902	2010	134	STL	TOR	1	4	63	40	11	5	76	39	0	19150
903	2010	134	MIN	ATLANTA	0	5	62	55	9	11	24	50	2	18257
904	2010	134	COL	PHO	1	3	59	42	21	15	39	48	1	14129
905	2010	135	NYI	TB	1	9	75	47	19	18	38	41	0	12337
906	2010	135	BUF	SJ	1	4	56	37	13	26	16	36	0	18690
907	2010	135	CANADIENS	PHI	0	8	54	51	13	16	32	33	4	21273
908	2010	135	CAR	NJ	1	7	56	40	21	5	28	39	3	16466
909	2010	135	FLA	BOS	0	5	67	57	10	13	22	45	1	17109
910	2010	135	DET	OTT	1	5	70	42	13	23	12	54	2	20066
911	2010	135	STL	WSH	1	7	70	55	20	14	61	41	3	19150
912	2010	135	PHO	DAL	0	3	62	55	9	7	44	57	0	16734
913	2010	135	CHI	ATLANTA	1	9	67	40	20	13	26	49	2	22275
914	2010	135	CGY	ANA	1	4	65	53	19	14	28	24	0	19289
915	2010	135	LA	COL	1	3	45	29	7	16	31	51	1	18118
916	2010	136	NYR	TB	1	7	52	52	12	7	42	62	1	18200
917	2010	136	PIT	NSH	0	7	59	38	5	11	26	48	2	17132
918	2010	136	MIN	VAN	1	8	70	49	5	5	50	55	4	19342
919	2010	136	NYI	OTT	0	7	72	41	43	27	14	40	1	11297
920	2010	136	CBJ	CHI	0	9	65	36	10	3	42	46	3	17673
921	2010	136	EDM	ANA	0	10	75	36	21	35	72	25	5	16839
922	2010	151	COL	DET	0	5	54	38	24	14	16	47	2	18007
923	2010	152	BOS	CANADIENS	0	5	56	43	11	11	12	45	1	17565
924	2010	152	TOR	CAR	0	6	63	49	19	15	8	30	0	19096
925	2010	152	NYI	CHI	1	8	67	55	31	28	6	37	2	13486
926	2010	152	ATLANTA	FLA	1	6	75	32	15	8	26	38	2	13818
927	2010	152	CBJ	VAN	0	7	61	54	9	6	28	61	1	14513
928	2010	152	OTT	NYR	0	5	50	44	16	16	18	57	0	18254
929	2010	152	PIT	BUF	1	5	56	36	6	6	26	51	1	17132
930	2010	152	TB	PHI	0	9	72	40	14	15	52	24	3	17812
931	2010	152	NSH	EDM	1	7	53	47	20	20	8	27	1	15682
932	2010	152	DAL	LA	0	6	54	42	12	15	28	67	3	15571
933	2010	152	PHO	STL	0	7	74	37	3	7	24	38	1	10385
934	2010	152	SJ	NJ	0	7	45	41	10	20	8	43	2	17562
935	2010	153	BUF	WSH	0	4	64	45	6	21	8	27	0	18690
936	2010	153	FLA	PHI	1	11	85	57	12	7	66	49	4	15878
937	2010	153	DET	VAN	0	9	64	49	11	23	16	51	3	19536
938	2010	153	CHI	EDM	1	7	61	40	19	7	30	31	1	22204
939	2010	153	CGY	MIN	0	4	50	51	9	9	4	25	0	19289
940	2010	153	ANA	COL	0	7	59	38	7	2	42	36	5	14840
941	2010	154	BOS	TOR	1	5	57	50	4	8	38	47	0	17565
942	2010	154	NYR	PIT	0	9	71	53	15	5	28	91	4	18200
943	2010	154	WSH	TB	1	9	63	46	14	21	20	39	2	18277
944	2010	154	CAR	OTT	1	5	47	36	23	9	10	68	0	17048
945	2010	154	ATLANTA	NYI	1	9	59	39	28	14	16	30	3	14776
946	2010	154	NSH	LA	1	6	54	43	19	19	24	26	2	15653
947	2010	154	DAL	STL	0	7	57	42	16	18	36	67	0	17132
948	2010	154	PHO	COL	1	4	54	40	4	4	14	58	1	12426
949	2010	154	SJ	CANADIENS	1	5	70	42	14	26	28	53	2	17562
950	2010	155	BUF	PHI	1	5	64	47	8	17	6	47	0	18690
951	2010	155	DET	NSH	1	7	54	36	7	28	14	50	1	19608
952	2010	155	CHI	VAN	1	9	47	46	17	7	50	51	1	22235
953	2010	155	CGY	NJ	1	8	50	49	17	17	30	31	1	19289
954	2010	155	EDM	MIN	1	3	52	55	22	32	18	30	0	16839
955	2010	156	PIT	DAL	1	9	64	47	4	10	42	53	1	17132
956	2010	156	NYI	BOS	0	5	73	40	19	23	21	55	2	14587
957	2010	156	OTT	TOR	0	3	54	41	21	23	48	46	1	20036
958	2010	156	WSH	NYR	1	2	58	46	18	15	12	50	1	18277
959	2010	156	FLA	CAR	1	5	62	43	5	11	36	47	1	16202
960	2010	156	TB	ATLANTA	1	8	61	38	11	18	46	37	1	19926
961	2010	156	PHO	ANA	1	4	62	37	2	6	54	35	1	14965
962	2010	156	COL	STL	1	10	75	44	13	17	30	40	0	18007
963	2010	156	LA	CANADIENS	0	6	50	47	8	22	20	54	0	18118
964	2010	156	SJ	CBJ	1	3	66	36	11	19	34	68	1	17562
965	2010	157	PIT	BOS	1	3	55	53	1	13	14	53	1	17132
966	2010	157	NSH	VAN	0	6	63	39	19	26	16	42	1	16096
967	2010	157	MIN	CGY	0	7	53	44	8	7	18	57	3	18217
968	2010	157	ATLANTA	CAR	0	4	60	39	31	9	24	26	2	15306
969	2010	157	NYR	BUF	0	3	68	40	14	8	8	63	1	18200
970	2010	157	PHI	TOR	1	4	53	43	14	19	52	41	1	19632
971	2010	157	CHI	DET	0	9	57	49	24	11	16	54	1	22309
972	2010	157	EDM	NJ	1	2	57	45	15	41	22	32	0	16839
973	2010	157	ANA	CANADIENS	0	7	75	49	9	15	18	51	1	15883
974	2010	158	WSH	DAL	0	7	78	58	18	21	10	41	3	18277
975	2010	158	LA	CBJ	1	6	46	31	7	24	37	47	3	17524
976	2010	159	TOR	BOS	1	7	59	43	15	21	10	55	1	19499
977	2010	159	PHI	NYI	1	5	60	48	19	19	10	46	2	19687
978	2010	159	ATLANTA	NSH	0	3	63	37	19	16	8	18	1	11106
979	2010	159	CANADIENS	TB	1	8	59	54	17	12	10	30	2	21273
980	2010	159	DET	CGY	0	6	62	43	11	17	12	67	1	20066
981	2010	159	MIN	FLA	0	5	42	44	10	17	14	28	1	18191
982	2010	159	COL	VAN	0	10	59	49	16	19	20	53	2	12861
983	2010	159	EDM	OTT	0	5	58	43	11	36	46	32	2	16839
984	2010	159	ANA	CBJ	0	7	67	46	5	13	76	57	3	13700
985	2010	160	BUF	DAL	1	8	63	44	11	13	18	34	0	18690
986	2010	160	NJ	NYR	1	9	46	45	9	16	30	55	1	17625
987	2010	160	WSH	CAR	1	7	70	48	15	17	18	53	3	18277
988	2010	160	CHI	LA	1	5	73	51	17	9	30	40	1	21850
989	2010	160	PHO	VAN	1	7	73	51	6	11	22	47	0	15883
990	2010	161	TOR	TB	1	7	71	52	19	25	12	48	1	19110
991	2010	161	NYI	STL	0	3	66	37	40	26	22	40	2	11335
992	2010	161	PHI	BOS	0	6	69	57	14	14	38	52	1	19673
993	2010	161	CAR	PIT	1	7	61	54	13	14	12	59	2	16426
994	2010	161	CBJ	ATLANTA	1	3	50	34	7	4	16	62	1	13459
995	2010	161	CANADIENS	EDM	1	9	51	36	16	7	18	39	1	21273
996	2010	161	DET	MIN	1	6	52	42	14	12	22	45	1	19327
997	2010	161	COL	FLA	1	3	58	50	28	26	14	43	1	11458
998	2010	161	CGY	OTT	1	2	58	44	10	12	18	35	0	19289
999	2010	161	SJ	NSH	1	13	71	43	21	29	14	51	4	17562
1000	2010	162	NJ	PIT	1	4	67	36	8	10	73	43	0	17625
1001	2010	162	WSH	TB	0	5	57	44	27	14	10	61	2	18277
1002	2010	162	BUF	MIN	0	5	78	51	6	26	30	21	2	18690
1003	2010	162	ATLANTA	NYR	0	7	66	43	21	11	24	36	3	15571
1004	2010	162	DAL	LA	0	3	58	39	11	21	20	63	1	16651
1005	2010	162	ANA	NSH	0	1	59	51	9	15	20	43	1	15077
1006	2010	163	PHI	CHI	1	5	75	32	19	11	16	34	1	19858
1007	2010	163	TOR	EDM	1	10	76	33	17	23	66	28	5	19243
1008	2010	163	CANADIENS	BOS	1	5	50	42	6	17	20	45	1	21273
1009	2010	163	NYI	NJ	1	6	69	36	36	17	14	62	1	15583
1010	2010	163	CAR	PHO	0	4	49	37	15	10	12	50	1	17690
1011	2010	163	DET	BUF	1	5	63	31	14	17	14	50	1	20066
1012	2010	163	CBJ	STL	0	6	61	50	4	5	28	81	2	16453
1013	2010	163	VAN	OTT	1	6	49	36	14	6	30	43	2	18810
1014	2010	163	SJ	FLA	0	5	67	48	15	13	44	68	1	17562
1015	2010	164	NYR	PHI	1	4	39	36	12	9	32	65	2	18200
1016	2010	164	DAL	COL	0	8	73	50	19	19	36	52	2	16246
1017	2010	164	LA	NSH	0	5	51	55	8	26	14	41	1	18118
1018	2010	164	NYI	TOR	1	5	59	37	33	14	32	43	1	12804
1019	2010	164	ATLANTA	PHO	0	5	75	37	29	8	20	16	3	15914
1020	2010	164	TB	PIT	0	3	61	34	11	18	24	34	1	20230
1021	2010	164	MIN	STL	1	6	58	53	6	11	30	31	2	18580
1022	2010	164	CHI	WSH	0	7	53	34	23	9	33	75	2	22289
1023	2010	164	ANA	SJ	1	6	66	33	16	12	44	52	0	16317
1024	2010	164	VAN	CGY	1	4	61	40	15	6	30	45	1	18810
1025	2010	165	NJ	BOS	1	5	64	44	3	10	26	39	0	15801
1026	2010	165	CBJ	EDM	1	8	61	51	10	5	24	45	0	13603
1027	2010	165	CGY	DET	0	3	51	49	18	15	16	39	1	19289
1028	2010	166	NYR	CANADIENS	0	4	55	27	17	7	35	50	1	18200
1029	2010	166	CAR	BOS	0	7	69	50	17	8	18	61	1	15832
1030	2010	166	ATLANTA	BUF	1	7	58	43	29	7	26	21	1	12540
1031	2010	166	OTT	TOR	0	5	61	38	24	29	38	33	0	20405
1032	2010	166	TB	PHO	0	3	56	40	11	12	14	27	0	14517
1033	2010	166	FLA	WSH	0	10	76	40	9	7	18	49	2	15123
1034	2010	166	STL	COL	0	8	65	52	13	7	46	32	2	19150
1035	2010	166	NSH	PHI	1	7	75	59	31	14	14	35	1	16585
1036	2010	166	MIN	EDM	1	6	64	56	13	10	20	42	1	18474
1037	2010	166	DAL	SJ	1	10	78	50	17	31	53	55	3	18532
1038	2010	166	VAN	NYI	0	7	57	52	13	8	12	45	1	18810
1039	2010	167	NJ	PIT	1	7	45	35	5	5	13	34	0	17625
1040	2010	167	COL	CGY	0	5	68	42	17	20	28	41	1	12770
1041	2010	167	ANA	CHI	1	6	77	46	10	13	38	31	0	15243
1042	2010	168	BOS	PIT	0	3	48	31	7	12	42	39	0	17565
1043	2010	168	NYR	STL	0	7	45	44	9	8	28	73	2	18200
1044	2010	168	CAR	WSH	1	7	57	45	14	10	18	47	2	18144
1045	2010	168	ATLANTA	OTT	1	9	66	48	25	15	24	26	2	12718
1046	2010	168	TOR	NJ	1	3	51	39	7	17	24	56	0	19183
1047	2010	168	TB	BUF	0	8	53	39	14	17	42	20	2	16868
1048	2010	168	FLA	PHO	0	7	70	55	8	10	10	62	2	12282
1049	2010	168	NSH	MIN	1	5	54	57	19	24	10	35	1	16615
1050	2010	168	DAL	PHI	0	5	60	48	7	17	22	72	1	17529
1051	2010	168	VAN	SJ	1	5	60	49	8	9	14	31	2	18810
1052	2010	168	LA	CHI	0	3	54	55	9	34	20	53	0	18118
1053	2010	169	CBJ	MIN	1	6	52	37	8	5	16	49	0	16419
1054	2010	169	CGY	SJ	1	7	52	48	9	17	22	31	0	19289
1055	2010	169	EDM	DET	1	5	57	45	25	32	6	45	0	16839
1056	2010	169	ANA	NYI	1	9	70	49	9	15	18	62	3	14665
1057	2010	170	PIT	CAR	0	5	54	41	5	15	16	56	1	17090
1058	2010	170	DAL	OTT	1	9	54	41	14	28	18	66	3	17110
1059	2010	170	TOR	CANADIENS	1	5	60	41	18	20	14	53	2	19538
1060	2010	170	NJ	STL	0	1	49	34	24	12	24	33	0	17625
1061	2010	170	ATLANTA	PHI	1	7	55	54	15	13	38	36	0	17024
1062	2010	170	FLA	BUF	0	4	68	47	9	8	22	52	0	18217
1063	2010	170	TB	WSH	0	4	62	42	11	19	30	36	0	19844
1064	2010	170	NSH	CBJ	1	1	64	45	21	16	10	37	0	16363
1065	2010	170	PHO	CHI	1	9	73	48	8	17	18	37	2	17534
1066	2010	170	VAN	DET	0	7	86	52	11	15	8	23	0	18810
1067	2010	170	LA	NYI	1	1	52	41	8	18	16	58	0	18118
1068	2010	171	BOS	NYR	1	3	55	43	8	8	40	42	0	17565
1069	2010	171	MIN	CGY	1	7	53	63	5	7	6	23	2	18411
1070	2010	171	CAR	BUF	0	8	50	47	14	8	30	56	3	15311
1071	2010	171	FLA	TB	1	7	71	33	7	5	42	53	2	14831
1072	2010	171	STL	NSH	0	5	64	55	7	9	14	27	1	19150
1073	2010	171	PHI	ATLANTA	0	4	76	47	20	18	22	48	0	19575
1074	2010	171	DAL	PHO	0	5	67	49	21	23	18	54	2	16114
1075	2010	171	EDM	SJ	1	6	53	48	16	29	50	49	0	16839
1076	2010	171	ANA	COL	1	7	61	34	11	19	36	48	3	15528
1077	2010	172	DET	PIT	1	4	60	48	15	17	24	54	0	20066
1078	2010	172	CANADIENS	OTT	0	2	56	49	10	9	14	31	1	21273
1079	2010	172	LA	COL	1	7	44	41	8	28	20	62	2	17845
1080	2010	173	TOR	FLA	0	5	72	52	17	22	28	48	0	19158
1081	2010	173	NJ	CBJ	1	9	52	48	12	10	42	46	3	14202
1082	2010	173	ATLANTA	BOS	0	4	60	41	28	18	16	31	0	14042
1083	2010	173	OTT	PHI	1	2	52	23	21	18	43	44	0	19209
1084	2010	173	TB	CAR	1	5	56	52	14	24	14	34	1	13009
1085	2010	173	NSH	DAL	0	4	49	43	16	22	20	27	0	15501
1086	2010	173	MIN	SJ	0	5	36	40	10	20	18	24	1	18551
1087	2010	173	CHI	PHO	1	2	60	44	17	11	16	44	0	22077
1088	2010	173	CGY	ANA	1	4	51	41	21	18	14	26	1	19289
1089	2010	173	EDM	VAN	1	5	55	40	16	24	10	51	0	16839
1090	2010	174	NYR	NYI	1	5	71	51	13	1	38	66	2	18200
1091	2010	174	WSH	PIT	1	7	74	46	18	24	12	64	1	18277
1092	2010	174	BUF	CANADIENS	1	5	70	36	9	15	18	27	2	18690
1093	2010	174	DET	STL	1	6	56	38	14	24	8	51	0	19625
1094	2010	174	COL	LA	1	7	60	38	19	19	18	40	4	13667
1095	2010	174	VAN	ANA	1	5	61	39	17	9	62	35	1	18810
1096	2010	175	BOS	TB	0	8	68	50	4	6	14	34	2	17565
1097	2010	175	NJ	NYR	0	7	69	45	17	22	26	42	1	17625
1098	2010	175	NYI	CGY	1	5	45	36	24	22	14	57	0	12817
1099	2010	175	PHI	MIN	0	7	56	47	13	24	16	53	1	19716
1100	2010	175	CAR	WSH	1	5	74	54	17	9	14	47	1	18046
1101	2010	175	ATLANTA	TOR	0	3	50	47	18	22	18	36	1	14148
1102	2010	175	CBJ	CHI	1	11	73	47	11	4	24	49	2	14573
1103	2010	175	CANADIENS	FLA	1	5	55	34	15	13	18	26	0	21273
1104	2010	175	STL	LA	1	4	56	41	9	10	22	34	1	19150
1105	2010	175	NSH	PHO	1	7	66	54	22	17	6	42	0	15970
1106	2010	175	SJ	DAL	1	3	68	43	8	20	44	45	2	17562
1107	2010	176	BUF	OTT	0	6	73	47	2	16	33	42	1	18690
1108	2010	176	DET	MIN	1	8	69	41	14	15	28	50	3	20066
1109	2010	176	EDM	ANA	0	5	76	40	21	29	76	23	3	16839
1110	2010	177	BOS	CGY	1	5	66	51	2	5	41	35	3	17565
1111	2010	177	PIT	PHI	1	5	58	40	5	5	22	58	1	17132
1112	2010	177	BUF	TB	1	8	49	41	12	15	21	34	3	18690
1113	2010	177	TOR	NYR	1	5	70	46	12	12	6	57	0	19405
1114	2010	177	CANADIENS	NJ	0	6	53	39	7	13	26	29	2	21273
1115	2010	177	OTT	FLA	1	5	47	49	26	21	26	51	2	18689
1116	2010	177	CAR	ATLANTA	0	4	77	47	20	11	14	54	1	16108
1117	2010	177	CBJ	NYI	0	7	65	49	10	4	8	75	1	16972
1118	2010	177	NSH	DET	0	1	71	51	17	31	10	48	0	17113
1119	2010	177	PHO	COL	1	8	61	47	12	7	20	47	1	17188
1120	2010	177	SJ	VAN	1	6	67	53	18	27	14	63	2	17562
1121	2010	177	LA	DAL	0	5	56	38	7	27	32	55	5	18118
1122	2010	178	WSH	CGY	0	8	56	56	11	22	24	50	3	18277
1123	2010	178	PIT	TOR	1	9	74	42	4	6	14	39	1	17104
1124	2010	178	STL	EDM	1	3	55	47	12	8	36	43	1	19150
1125	2010	178	PHI	NJ	1	6	58	46	13	15	56	48	1	19769
1126	2010	178	CHI	CBJ	0	6	55	34	13	9	16	41	0	22043
1127	2010	178	SJ	COL	1	7	77	50	9	14	12	56	2	17562
1128	2010	179	BOS	BUF	0	5	75	46	5	10	6	35	0	17565
1129	2010	179	ATLANTA	CAR	0	5	49	52	20	15	44	32	1	13440
1130	2010	179	FLA	NSH	0	5	54	47	4	6	18	45	0	13679
1131	2010	179	MIN	LA	1	5	51	49	13	10	16	29	2	18284
1132	2010	179	ANA	DAL	1	4	77	39	5	18	12	50	1	15070
1133	2010	180	TOR	ATLANTA	0	5	54	42	12	14	8	43	0	19079
1134	2010	180	NJ	BOS	0	1	55	37	11	17	18	35	0	16636
1135	2010	180	NYI	NYR	0	7	55	48	21	19	14	62	1	16250
1136	2010	180	WSH	OTT	0	9	52	46	22	31	18	49	4	18277
1137	2010	180	CBJ	TB	1	5	43	32	10	4	40	52	2	15760
1138	2010	180	DET	EDM	1	9	70	47	8	19	14	51	2	19343
1139	2010	180	STL	CHI	1	6	64	48	13	10	34	34	0	19150
1140	2010	180	NSH	LA	0	2	65	58	19	27	10	37	0	14433
1141	2010	180	VAN	PHO	1	5	62	39	14	14	35	36	1	18810
1142	2010	181	BUF	FLA	1	8	56	50	15	25	6	38	1	18690
1143	2010	181	CANADIENS	CAR	0	3	62	38	18	17	14	38	1	21273
1144	2010	181	PIT	TB	0	2	44	34	4	15	45	41	1	17132
1145	2010	181	MIN	CHI	0	4	56	56	11	14	8	38	0	18933
1146	2010	181	DAL	SJ	1	6	59	35	16	15	36	71	2	17263
1147	2010	181	COL	ANA	0	7	56	44	22	9	18	41	1	13862
1148	2010	181	CGY	PHO	1	3	61	40	9	15	12	31	1	19289
1149	2010	182	BOS	FLA	0	1	56	35	10	10	8	37	0	17565
1150	2010	182	TOR	BUF	1	6	58	32	27	29	16	37	1	19090
1151	2010	182	NYI	PHI	1	10	63	53	24	17	22	47	1	11823
1152	2010	182	WSH	ATLANTA	1	3	44	53	12	13	12	34	0	18277
1153	2010	182	OTT	CAR	1	7	66	49	19	26	18	52	0	19152
1154	2010	182	DET	CBJ	1	5	54	44	15	16	10	55	2	19259
1155	2010	182	NSH	STL	1	5	65	45	20	19	40	44	1	15242
1156	2010	182	LA	VAN	1	11	59	52	12	28	36	47	3	18118
1157	2010	183	NJ	CHI	0	3	59	41	20	23	0	47	0	17625
1158	2010	183	PHI	CANADIENS	0	1	58	47	11	21	12	42	0	19801
1159	2010	183	TB	NYR	0	5	52	40	11	19	24	30	1	17909
1160	2010	183	MIN	SJ	0	5	57	33	7	5	16	53	1	18584
1161	2010	183	DAL	EDM	1	9	63	36	10	24	28	37	1	17626
1162	2010	183	COL	CGY	0	3	63	45	21	14	6	48	0	18007
1163	2010	183	ANA	VAN	0	9	74	41	9	18	36	39	3	16534
1164	2010	184	PIT	ATLANTA	1	7	59	51	7	14	32	50	3	17047
1165	2010	184	NYI	OTT	1	5	62	39	25	19	62	49	0	11942
1166	2010	184	DET	NSH	0	7	55	51	19	21	10	55	1	20066
1167	2010	184	TOR	BOS	0	3	58	45	18	27	8	53	0	19273
1168	2010	184	CANADIENS	BUF	1	3	67	35	5	12	40	37	0	21273
1169	2010	184	CAR	NJ	0	4	55	48	19	9	12	70	1	16073
1170	2010	184	FLA	NYR	0	5	47	42	13	8	18	45	0	18011
1171	2010	184	CBJ	WSH	0	5	63	33	6	6	18	35	1	16957
1172	2010	184	STL	DAL	1	3	48	32	5	14	34	44	2	19150
1173	2010	184	PHO	EDM	1	5	71	38	11	14	24	44	0	17143
1174	2010	184	LA	ANA	0	3	62	42	12	18	26	66	2	18118
1175	2010	185	PHI	DET	1	7	59	38	17	22	22	47	0	19596
1176	2010	185	CHI	CGY	1	5	57	49	12	14	8	38	0	21537
1177	2010	185	COL	SJ	1	9	62	45	19	14	28	42	1	12893
1178	2010	185	VAN	MIN	1	7	67	25	10	7	30	20	3	18810
1179	2010	186	WSH	BOS	1	5	60	50	23	20	10	53	1	18277
1180	2010	186	STL	CBJ	1	3	62	30	7	10	28	34	2	17601
1181	2010	186	EDM	MIN	1	5	57	34	21	36	32	34	1	16839
1182	2010	187	BUF	NYR	1	7	62	43	6	20	20	44	2	18690
1183	2010	187	TOR	PHI	0	2	46	29	11	21	54	48	1	19366
1184	2010	187	NYI	CANADIENS	1	7	73	42	33	28	14	61	1	10263
1185	2010	187	ATLANTA	NJ	0	3	46	34	22	12	8	27	0	12038
1186	2010	187	PIT	WSH	0	9	57	45	2	9	10	56	2	17132
1187	2010	187	TB	CAR	0	13	78	49	11	18	34	20	1	12454
1188	2010	187	FLA	OTT	0	7	62	44	13	7	24	54	1	11790
1189	2010	187	DAL	CHI	0	7	66	53	19	24	12	32	1	17826
1190	2010	187	CGY	SJ	0	3	65	44	11	13	12	33	2	19289
1191	2010	187	VAN	COL	0	7	63	42	16	8	12	35	1	18810
1192	2010	187	ANA	LA	0	9	61	45	13	15	12	53	3	16278
1193	2010	188	NYR	TOR	1	6	59	37	10	3	42	70	0	18200
1194	2010	188	DET	CBJ	1	7	59	36	12	20	36	63	2	20066
1195	2010	188	CHI	STL	1	11	57	38	18	13	71	39	0	22155
1196	2010	188	EDM	COL	1	9	80	52	16	35	6	32	2	16839
1197	2010	188	PHO	NSH	1	7	55	33	12	8	12	37	1	17136
1198	2010	189	BOS	BUF	1	4	66	48	9	11	20	34	0	17565
1199	2010	189	CAR	CANADIENS	1	7	65	44	18	7	6	52	1	18680
1200	2010	189	PIT	NYI	1	10	70	50	5	9	53	43	3	17132
1201	2010	189	TB	OTT	1	7	67	32	17	10	60	36	5	15876
1202	2010	189	FLA	NJ	1	5	62	42	8	6	16	57	0	15273
1203	2010	189	DAL	ANA	1	5	70	38	17	17	14	61	1	18009
1204	2010	189	CGY	MIN	0	3	57	38	12	20	24	32	1	19289
1205	2010	189	LA	PHO	0	5	51	48	6	30	28	71	0	18118
1206	2010	189	SJ	VAN	1	6	63	31	14	17	94	38	0	17562
1207	2010	190	NYR	PHI	1	7	52	46	12	7	22	69	1	18200
1208	2010	190	WSH	ATLANTA	1	7	78	44	14	8	14	25	0	18277
1209	2010	190	CBJ	DET	0	1	67	42	10	4	20	48	0	18512
1210	2010	190	STL	ANA	1	9	74	45	6	12	44	38	2	19150
1211	2010	190	COL	CHI	0	7	69	36	28	20	14	28	1	16327
1212	2010	191	BOS	CAR	1	6	77	37	8	12	18	33	0	17565
1213	2010	191	LA	EDM	0	7	71	40	14	20	22	49	2	18118
1214	2010	191	CANADIENS	TOR	0	7	65	47	10	18	16	51	1	21273
1215	2010	191	OTT	BUF	0	7	58	39	20	19	30	25	1	20500
1216	2010	191	NJ	NYI	1	8	56	43	7	18	54	26	3	17625
1217	2010	191	ATLANTA	PIT	1	1	55	34	25	11	54	34	0	18959
1218	2010	191	TB	FLA	1	7	69	36	13	14	32	25	3	17050
1219	2010	191	NSH	STL	1	3	70	47	19	19	10	40	0	16702
1220	2010	191	MIN	DAL	0	7	53	41	10	8	44	51	2	19109
1221	2010	191	VAN	CGY	1	10	70	40	14	13	26	31	0	18810
1222	2010	191	SJ	PHO	1	5	59	35	25	30	4	43	0	17562
1223	2010	192	PHI	NYR	1	3	72	56	13	21	26	68	1	19889
1224	2010	192	WSH	BOS	0	7	75	44	18	14	26	26	1	18277
1225	2010	192	CHI	DET	0	5	50	40	15	12	12	54	1	22428
1226	2010	192	COL	LA	0	3	65	42	10	12	12	21	0	15674
1227	2010	192	NJ	BUF	1	3	57	39	9	17	14	29	1	17625
1228	2010	192	NYI	PIT	0	11	75	43	27	24	78	31	3	16250
1229	2010	192	FLA	TB	0	4	62	39	9	8	36	41	0	15884
1230	2010	192	ANA	EDM	1	9	76	40	9	19	14	30	1	16392
